# power spectrum of chi
# redshift z=3.000000
# k              Pk             sigma(k)       sigma(Pk)      count
  1.963495e-02   8.342185e-20   0.000000e+00   2.886888e-20   6
  2.776802e-02   1.324330e-19   0.000000e+00   3.690689e-20   12
  3.400874e-02   8.232052e-20   3.725290e-10   1.661136e-20   8
  3.926991e-02   5.749911e-20   0.000000e+00   1.999826e-20   6
  4.390509e-02   7.635441e-20   0.000000e+00   1.893764e-20   24
  4.809562e-02   6.482090e-20   7.024475e-10   1.025957e-20   24
  5.553604e-02   3.141902e-20   0.000000e+00   1.197945e-20   12
  5.890486e-02   3.659264e-20   7.947286e-10   5.413203e-21   30
  6.209118e-02   2.268480e-20   0.000000e+00   3.304140e-21   24
  6.512178e-02   1.529085e-20   1.216675e-09   4.171405e-21   24
  6.801748e-02   3.295210e-20   7.450581e-10   6.063272e-21   8
  7.079483e-02   1.513054e-20   9.934107e-10   2.936146e-21   24
  7.346727e-02   1.243365e-20   0.000000e+00   1.670862e-21   48
  7.853982e-02   1.163679e-20   0.000000e+00   6.017322e-22   6
  8.095699e-02   1.142284e-20   1.404895e-09   1.133924e-21   48
  8.330406e-02   7.201172e-21   0.000000e+00   1.315921e-21   36
  8.558678e-02   6.964002e-21   9.934107e-10   1.618953e-21   24
  8.781018e-02   7.356200e-21   0.000000e+00   1.118867e-21   24
  8.997866e-02   6.478242e-21   0.000000e+00   9.714852e-22   48
  9.209610e-02   1.330503e-20   1.404895e-09   2.637972e-21   24
  9.619124e-02   7.745313e-21   1.404895e-09   1.539809e-21   24
  9.817477e-02   4.200978e-21   0.000000e+00   1.120483e-21   30
  1.001190e-01   4.888189e-21   0.000000e+00   3.645484e-22   72
  1.020262e-01   3.256475e-21   1.490116e-09   5.728448e-22   32
  1.057375e-01   5.403146e-21   0.000000e+00   5.590500e-22   72
  1.075451e-01   3.094651e-21   0.000000e+00   4.177943e-22   48
  1.110721e-01   3.094368e-21   0.000000e+00   3.471557e-22   12
  1.127942e-01   3.140485e-21   0.000000e+00   4.293467e-22   48
  1.144905e-01   3.177096e-21   0.000000e+00   4.073347e-22   48
  1.161620e-01   1.457076e-21   1.404895e-09   1.880832e-22   48
  1.178097e-01   2.541203e-21   1.589457e-09   3.703869e-22   30
  1.194348e-01   1.247797e-21   1.404895e-09   2.747413e-22   24
  1.210380e-01   2.546906e-21   2.961779e-09   3.382250e-22   72
  1.241824e-01   1.781733e-21   0.000000e+00   2.277839e-22   24
  1.257251e-01   1.515046e-21   0.000000e+00   1.418606e-22   96
  1.272490e-01   2.015274e-21   0.000000e+00   2.300185e-22   48
  1.287550e-01   2.521414e-21   2.433349e-09   3.554699e-22   24
  1.302436e-01   1.750446e-21   2.433349e-09   2.492791e-22   24
  1.317153e-01   1.573166e-21   0.000000e+00   1.725704e-22   72
  1.331707e-01   1.415373e-21   0.000000e+00   1.635058e-22   48
  1.360350e-01   9.687830e-22   1.490116e-09   2.996999e-22   8
  1.374447e-01   1.301496e-21   1.766064e-09   1.672693e-22   54
  1.388401e-01   1.838303e-21   0.000000e+00   2.341566e-22   84
  1.402216e-01   1.137741e-21   0.000000e+00   1.656954e-22   48
  1.415897e-01   1.194300e-21   1.986821e-09   2.020584e-22   24
  1.429446e-01   9.837425e-22   1.873193e-09   1.173988e-22   72
  1.442869e-01   1.189644e-21   0.000000e+00   9.621039e-23   96
  1.469345e-01   1.038221e-21   0.000000e+00   1.304034e-22   48
  1.482407e-01   7.973300e-22   0.000000e+00   1.004161e-22   48
  1.495354e-01   1.293588e-21   1.986821e-09   3.113894e-22   24
  1.508189e-01   1.047168e-21   0.000000e+00   1.207753e-22   72
  1.533539e-01   8.932717e-22   1.873193e-09   9.231101e-23   72
  1.546058e-01   8.239573e-22   0.000000e+00   7.737229e-23   96
  1.570796e-01   6.342678e-22   0.000000e+00   2.398070e-22   6
  1.583021e-01   7.138808e-22   0.000000e+00   6.756143e-23   96
  1.595151e-01   7.929034e-22   1.986821e-09   7.910852e-23   96
  1.607190e-01   1.038521e-21   0.000000e+00   1.287840e-22   24
  1.619140e-01   7.155403e-22   2.809790e-09   1.164199e-22   48
  1.631002e-01   6.831572e-22   0.000000e+00   8.074931e-23   96
  1.642778e-01   6.617836e-22   0.000000e+00   1.014869e-22   48
  1.666081e-01   7.799189e-22   0.000000e+00   7.530293e-23   36
  1.677611e-01   5.935595e-22   3.441276e-09   9.880216e-23   48
  1.689063e-01   5.106782e-22   3.893359e-09   4.011467e-23   120
  1.700437e-01   6.683916e-22   0.000000e+00   1.332173e-22   56
  1.711736e-01   4.984519e-22   1.986821e-09   8.796285e-23   24
  1.722960e-01   5.037263e-22   0.000000e+00   5.059349e-23   96
  1.734112e-01   4.873131e-22   0.000000e+00   6.994169e-23   48
  1.756204e-01   3.208384e-22   0.000000e+00   5.573541e-23   24
  1.767146e-01   4.393888e-22   0.000000e+00   4.995553e-23   102
  1.778021e-01   3.582653e-22   0.000000e+00   4.000287e-23   48
  1.788829e-01   4.045621e-22   0.000000e+00   4.103226e-23   72
  1.799573e-01   5.366639e-22   0.000000e+00   8.894469e-23   48
  1.810253e-01   3.513021e-22   0.000000e+00   2.893341e-23   48
  1.820871e-01   2.755998e-22   4.495664e-09   2.275666e-23   120
  1.841922e-01   3.260270e-22   2.809790e-09   8.123484e-23   24
  1.852358e-01   3.612988e-22   2.649095e-09   3.013757e-23   144
  1.862735e-01   3.109655e-22   3.178914e-09   2.797081e-23   120
  1.873055e-01   3.194065e-22   2.809790e-09   4.289342e-23   48
  1.893526e-01   2.566967e-22   2.809790e-09   3.642573e-23   48
  1.903679e-01   2.815774e-22   2.809790e-09   2.772009e-23   96
  1.930487e-01   3.293098e-22   4.711199e-04   3.623003e-23   72
  1.943761e-01   2.430545e-22   3.532127e-09   2.192060e-23   108
  1.953653e-01   2.508298e-22   0.000000e+00   2.480074e-23   72
  1.963495e-01   1.869037e-22   0.000000e+00   3.902295e-23   30
  1.973288e-01   2.939992e-22   0.000000e+00   2.306348e-23   168
  1.983033e-01   3.132506e-22   0.000000e+00   4.694780e-23   48
  2.002380e-01   2.147175e-22   0.000000e+00   2.624111e-23   72
  2.011984e-01   2.326762e-22   0.000000e+00   2.383852e-23   96
  2.021542e-01   2.162299e-22   5.298191e-09   2.097169e-23   72
  2.031055e-01   1.952937e-22   0.000000e+00   2.112406e-23   72
  2.047049e-01   2.319302e-22   4.350048e-04   2.467520e-23   104
  2.059331e-01   1.901760e-22   3.746387e-09   1.372752e-23   144
  2.087224e-01   2.050548e-22   6.282881e-09   2.397628e-23   96
  2.096439e-01   1.946411e-22   0.000000e+00   1.624651e-23   96
  2.111095e-01   1.611552e-22   4.475232e-04   1.236676e-23   120
  2.123845e-01   1.815349e-22   0.000000e+00   1.526898e-23   120
  2.132902e-01   1.437326e-22   0.000000e+00   1.467616e-23   72
  2.150901e-01   2.902826e-22   0.000000e+00   4.699293e-23   48
  2.159845e-01   1.640878e-22   4.235416e-09   1.293081e-23   78
  2.171286e-01   1.541794e-22   4.007142e-04   1.108748e-23   168
  2.195255e-01   1.553367e-22   3.746387e-09   1.517996e-23   144
  2.204018e-01   1.410797e-22   3.746387e-09   1.128334e-23   144
  2.229436e-01   1.706541e-22   2.307791e-04   1.252219e-23   156
  2.238729e-01   1.279050e-22   4.866699e-09   1.890551e-23   48
  2.247323e-01   1.348861e-22   3.178914e-09   1.381239e-23   120
  2.255884e-01   1.283805e-22   0.000000e+00   1.895640e-23   48
  2.271022e-01   1.479025e-22   3.532495e-04   9.464954e-24   216
  2.289809e-01   1.487464e-22   0.000000e+00   3.513174e-23   48
  2.298212e-01   1.281974e-22   2.809790e-09   1.273739e-23   96
  2.310160e-01   1.406669e-22   4.128272e-04   9.996603e-24   168
  2.323239e-01   1.337715e-22   2.809790e-09   1.652765e-23   48
  2.331522e-01   1.104379e-22   0.000000e+00   9.796257e-24   96
  2.339775e-01   8.314551e-23   0.000000e+00   1.254267e-23   48
  2.356194e-01   9.011396e-23   3.178914e-09   1.310908e-23   30
  2.364362e-01   1.004608e-22   2.809790e-09   9.391766e-24   96
  2.374123e-01   1.140337e-22   3.244455e-04   6.589190e-24   240
  2.386674e-01   9.421864e-23   3.500299e-04   1.057258e-23   32
  2.396752e-01   1.158007e-22   0.000000e+00   9.419068e-24   168
  2.404781e-01   8.017563e-23   0.000000e+00   7.974857e-24   120
  2.420760e-01   8.933229e-23   5.923557e-09   9.455681e-24   72
  2.428710e-01   8.532332e-23   3.746387e-09   6.081669e-24   144
  2.436634e-01   1.026819e-22   0.000000e+00   9.299084e-24   96
  2.444532e-01   1.080435e-22   0.000000e+00   1.007477e-23   96
  2.460253e-01   1.153599e-22   4.588368e-09   1.176749e-23   72
  2.468075e-01   7.768366e-23   3.973643e-09   7.496658e-24   96
  2.483647e-01   1.096175e-22   0.000000e+00   2.847257e-23   24
  2.491396e-01   7.704099e-23   0.000000e+00   4.848054e-24   192
  2.500522e-01   7.999903e-23   2.970416e-04   7.073630e-24   132
  2.514501e-01   1.094498e-22   0.000000e+00   1.236515e-23   96
  2.522156e-01   6.820817e-23   0.000000e+00   9.859062e-24   96
  2.529787e-01   7.450008e-23   3.178914e-09   7.221639e-24   120
  2.544981e-01   7.771814e-23   0.000000e+00   1.358644e-23   48
  2.557435e-01   8.529432e-23   3.599905e-04   5.196970e-24   222
  2.567603e-01   5.835155e-23   0.000000e+00   5.689686e-24   120
  2.575100e-01   4.685486e-23   4.866699e-09   1.059375e-23   24
  2.586015e-01   7.297705e-23   3.715625e-04   4.190988e-24   312
  2.609797e-01   7.245913e-23   3.483547e-04   8.715944e-24   72
  2.619630e-01   6.021201e-23   2.809790e-09   6.528437e-24   96
  2.629726e-01   5.844151e-23   3.547511e-04   3.894735e-24   192
  2.641613e-01   6.264962e-23   4.495664e-09   5.203113e-24   120
  2.648900e-01   7.343190e-23   0.000000e+00   6.347316e-24   144
  2.663415e-01   4.714180e-23   0.000000e+00   4.958284e-24   48
  2.673732e-01   6.435894e-23   3.567146e-04   3.638027e-24   336
  2.685040e-01   5.293939e-23   0.000000e+00   6.300593e-24   48
  2.699360e-01   5.344125e-23   0.000000e+00   3.743994e-24   192
  2.706492e-01   3.677037e-23   0.000000e+00   6.096011e-24   48
  2.726764e-01   4.223542e-23   2.476067e-04   3.774416e-24   56
  2.736844e-01   5.095085e-23   3.180112e-04   2.823237e-24   336
  2.748894e-01   3.784393e-23   3.532127e-09   4.574249e-24   54
  2.759390e-01   5.118647e-23   3.492904e-04   3.197559e-24   240
  2.781181e-01   3.882576e-23   3.344484e-04   2.292016e-24   228
  2.790651e-01   4.661068e-23   3.746387e-09   5.636574e-24   72
  2.799844e-01   4.709977e-23   3.244231e-04   5.380298e-24   144
  2.811298e-01   3.479055e-23   0.000000e+00   3.238399e-24   96
  2.818146e-01   4.172953e-23   4.495664e-09   2.579396e-24   240
  2.831793e-01   5.260510e-23   3.973643e-09   1.080590e-23   24
  2.840530e-01   4.024799e-23   3.064151e-04   2.363221e-24   336
  2.852142e-01   3.565198e-23   0.000000e+00   4.921835e-24   72
  2.862741e-01   3.968271e-23   3.332831e-04   2.963762e-24   168
  2.872346e-01   4.653540e-23   0.000000e+00   4.120775e-24   72
  2.885737e-01   4.539453e-23   0.000000e+00   3.795841e-24   96
  2.896108e-01   3.480030e-23   3.307829e-04   2.498315e-24   216
  2.905708e-01   4.119639e-23   3.973643e-09   5.402531e-24   96
  2.918946e-01   3.947666e-23   0.000000e+00   2.572984e-24   192
  2.925542e-01   4.615460e-23   3.746387e-09   3.291035e-24   144
  2.938691e-01   2.473335e-23   0.000000e+00   4.046834e-24   48
  2.947794e-01   3.239151e-23   3.189136e-04   1.848670e-24   246
  2.960164e-01   3.196742e-23   2.940434e-04   2.744759e-24   168
  2.971308e-01   3.805548e-23   5.506041e-09   4.328143e-24   120
  2.977788e-01   3.613323e-23   0.000000e+00   2.669797e-24   240
  2.990707e-01   3.766383e-23   3.973643e-09   8.569190e-24   24
  3.001001e-01   3.137384e-23   3.147475e-04   1.455063e-24   360
  3.013820e-01   2.848363e-23   3.134082e-04   2.433745e-24   120
  3.022763e-01   3.540643e-23   0.000000e+00   3.149798e-24   144
  3.029133e-01   3.621622e-23   0.000000e+00   4.011967e-24   96
  3.048165e-01   2.627959e-23   0.000000e+00   2.320480e-24   144
  3.054482e-01   3.027613e-23   0.000000e+00   2.337169e-24   132
  3.063360e-01   2.469769e-23   3.093292e-04   1.773770e-24   176
  3.076248e-01   2.977572e-23   3.123602e-04   1.596768e-24   312
  3.092116e-01   2.598146e-23   0.000000e+00   2.382149e-24   96
  3.098343e-01   2.852411e-23   0.000000e+00   2.272084e-24   144
  3.107899e-01   2.832453e-23   3.092271e-04   1.584512e-24   312
  3.123131e-01   2.009581e-23   0.000000e+00   2.068735e-24   48
  3.129297e-01   2.860119e-23   3.973643e-09   1.992444e-24   192
  3.141593e-01   3.233444e-23   0.000000e+00   6.276086e-24   6
  3.149762e-01   2.353044e-23   2.884066e-04   1.282788e-24   288
  3.162994e-01   2.104053e-23   3.047203e-04   1.388817e-24   192
  3.172124e-01   2.104846e-23   9.345130e-09   1.263249e-24   216
  3.178195e-01   2.528333e-23   0.000000e+00   2.754987e-24   72
  3.193321e-01   2.341536e-23   3.018264e-04   1.759952e-24   192
  3.203366e-01   2.345754e-23   2.241224e-04   1.398429e-24   288
  3.214381e-01   1.880406e-23   0.000000e+00   3.546256e-24   24
  3.222890e-01   2.118013e-23   2.952626e-04   1.140275e-24   456
  3.238280e-01   2.349383e-23   5.619580e-09   3.345496e-24   48
  3.247789e-01   2.166173e-23   2.908218e-04   1.273257e-24   240
  3.258718e-01   1.811444e-23   2.939082e-04   1.168249e-24   216
  3.267908e-01   2.636391e-23   0.000000e+00   3.446626e-24   72
  3.273801e-01   2.511128e-23   1.015467e-08   1.689498e-24   168
  3.290441e-01   1.741112e-23   2.184577e-04   9.987775e-25   288
  3.299773e-01   2.139999e-23   2.890570e-04   1.500702e-24   168
  3.314762e-01   1.666400e-23   0.000000e+00   1.229035e-24   192
  3.320572e-01   1.823127e-23   3.746387e-09   1.558827e-24   144
  3.332162e-01   3.189004e-23   0.000000e+00   3.724070e-24   36
  3.341991e-01   1.637454e-23   2.639705e-04   8.559813e-25   342
  3.351389e-01   1.831451e-23   2.710657e-04   1.780120e-24   144
  3.363470e-01   1.661945e-23   2.842800e-04   8.581951e-25   384
  3.378125e-01   1.709721e-23   7.786718e-09   1.372303e-24   120
  3.385379e-01   2.262814e-23   2.534951e-04   1.358572e-24   264
  3.395201e-01   1.438972e-23   1.256576e-08   1.058829e-24   192
  3.404451e-01   1.516510e-23   2.731894e-04   1.305293e-24   152
  3.412191e-01   1.614106e-23   7.492773e-09   1.278086e-24   144
  3.428472e-01   1.576847e-23   1.768108e-04   9.674614e-25   216
  3.436008e-01   1.704673e-23   2.362665e-04   9.302461e-25   312
  3.449274e-01   1.585575e-23   2.738281e-04   9.819580e-25   240
  3.457090e-01   1.247825e-23   3.973643e-09   1.171034e-24   96
  3.471927e-01   1.493348e-23   2.617995e-04   1.396483e-24   144
  3.481071e-01   1.188419e-23   2.573258e-04   5.630106e-25   456
  3.495904e-01   1.155917e-23   0.000000e+00   1.066932e-24   120
  3.501414e-01   1.572831e-23   0.000000e+00   1.299856e-24   144
  3.512407e-01   1.290415e-23   0.000000e+00   2.755432e-24   24
  3.519456e-01   1.346207e-23   2.473498e-04   6.688493e-25   336
  3.531645e-01   1.236803e-23   2.727931e-04   1.062999e-24   198
  3.543067e-01   1.215552e-23   2.652756e-04   5.682292e-25   432
  3.556041e-01   1.901625e-23   0.000000e+00   2.479352e-24   48
  3.562810e-01   1.184420e-23   2.341925e-04   6.096565e-25   384
  3.574963e-01   1.218813e-23   2.696052e-04   1.039512e-24   144
  3.585975e-01   1.180076e-23   2.676825e-04   8.093641e-25   264
  3.599147e-01   1.316525e-23   0.000000e+00   1.587903e-24   48
  3.607984e-01   1.172340e-23   2.545223e-04   6.892676e-25   276
  3.616510e-01   1.218891e-23   2.307176e-04   1.146016e-24   192
  3.627906e-01   1.076815e-23   2.592759e-04   4.731867e-25   552
  3.641741e-01   1.350448e-23   8.991328e-09   1.644108e-24   120
  3.649965e-01   1.054179e-23   2.624511e-04   7.375369e-25   216
  3.657587e-01   1.202893e-23   4.495664e-09   9.723694e-25   120
  3.671201e-01   1.076688e-23   2.584500e-04   4.914343e-25   408
  3.683844e-01   6.783141e-24   5.619580e-09   9.005578e-25   24
  3.691684e-01   1.133882e-23   2.610810e-04   6.029224e-25   384
  3.702633e-01   9.333426e-24   2.550855e-04   5.690498e-25   240
  3.712141e-01   9.745133e-24   2.569535e-04   7.069019e-25   168
  3.725471e-01   9.737012e-24   6.357829e-09   9.613610e-25   120
  3.734064e-01   7.873300e-24   2.678605e-04   4.637879e-25   350
  3.748037e-01   1.069934e-23   4.409502e-04   6.440755e-25   384
  3.756388e-01   9.884381e-24   0.000000e+00   7.415496e-25   144
  3.771752e-01   8.435229e-24   1.059638e-08   4.920538e-25   288
  3.779773e-01   1.025033e-23   2.524053e-04   5.564148e-25   336
  3.790686e-01   9.417976e-24   2.297941e-04   7.550668e-25   168
  3.797219e-01   8.877502e-24   4.541306e-09   4.223808e-25   336
  3.810732e-01   7.276891e-24   2.385126e-04   4.850244e-25   288
  3.818848e-01   9.300543e-24   2.247398e-04   6.814216e-25   264
  3.832590e-01   8.179382e-24   0.000000e+00   5.677380e-25   240
  3.837616e-01   7.929374e-24   7.947286e-09   8.256244e-25   96
  3.855656e-01   9.022487e-24   3.056310e-04   5.939246e-25   360
  3.864075e-01   9.353579e-24   2.253025e-04   7.518525e-25   168
  3.874713e-01   8.034866e-24   2.456032e-04   3.793806e-25   456
  3.887523e-01   7.705605e-24   7.064254e-09   8.119979e-25   108
  3.894728e-01   6.882890e-24   2.464311e-04   3.294863e-25   264
  3.903716e-01   7.692312e-24   2.198567e-04   4.112740e-25   264
  3.916025e-01   7.814381e-24   2.074668e-04   4.601645e-25   312
  3.931351e-01   6.333027e-24   1.541705e-04   3.638097e-25   270
  3.937775e-01   7.504927e-24   1.957388e-04   5.016570e-25   240
  3.949323e-01   6.446150e-24   2.421536e-04   3.569797e-25   384
  3.956334e-01   6.239757e-24   0.000000e+00   3.814083e-25   192
  3.969952e-01   7.659197e-24   1.942960e-04   4.397424e-25   240
  3.977852e-01   6.810527e-24   2.397927e-04   3.736482e-25   336
  3.992708e-01   7.566165e-24   2.413972e-04   3.518128e-25   480
  4.004761e-01   7.038031e-24   0.000000e+00   6.516051e-25   72
  4.011493e-01   6.507937e-24   2.353842e-04   4.147031e-25   240
  4.020650e-01   6.965012e-24   2.212289e-04   5.063540e-25   312
  4.031147e-01   6.172003e-24   2.390954e-04   4.007317e-25   240
  4.047009e-01   6.497904e-24   1.816506e-04   3.154585e-25   408
  4.053288e-01   6.251472e-24   1.663482e-04   3.686802e-25   336
  4.065560e-01   5.957671e-24   2.112212e-04   3.235167e-25   264
  4.071591e-01   5.431681e-24   0.000000e+00   5.664296e-25   144
  4.088370e-01   5.431607e-24   2.927651e-04   2.636541e-25   464
  4.097211e-01   5.989635e-24   2.328083e-04   4.925046e-25   168
  4.105939e-01   5.941357e-24   2.120376e-04   3.444309e-25   336
  4.121713e-01   6.450391e-24   2.227870e-04   3.254978e-25   414
  4.130606e-01   4.955648e-24   2.319080e-04   3.558658e-25   216
  4.141998e-01   7.161807e-24   5.619580e-09   7.012456e-25   96
  4.146649e-01   6.062062e-24   1.685874e-08   3.127732e-25   384
  4.162944e-01   5.728627e-24   2.314600e-04   2.772937e-25   492
  4.171676e-01   5.343870e-24   2.263480e-04   3.124590e-25   240
  4.181546e-01   5.611760e-24   2.298225e-04   3.327752e-25   312
  4.195176e-01   3.943361e-24   2.297469e-04   3.103222e-25   192
  4.203810e-01   4.250880e-24   2.226525e-04   1.889837e-25   504
  4.215265e-01   5.138012e-24   1.473998e-04   2.674579e-25   408
  4.224284e-01   4.942267e-24   4.515774e-04   3.157388e-25   168
  4.235571e-01   5.733875e-24   2.145032e-04   3.490541e-25   288
  4.245041e-01   5.520258e-24   2.238525e-04   3.130769e-25   288
  4.254743e-01   4.265411e-24   2.251410e-04   2.070059e-25   432
  4.268815e-01   5.745340e-24   2.129084e-04   4.835460e-25   216
  4.276334e-01   4.020472e-24   2.124592e-04   2.324574e-25   360
  4.289721e-01   4.404396e-24   2.073582e-04   2.748311e-25   312
  4.301803e-01   5.970699e-24   0.000000e+00   1.018684e-24   48
  4.308767e-01   4.502768e-24   2.223178e-04   2.412064e-25   432
  4.321240e-01   4.168331e-24   3.708284e-04   1.865447e-25   414
  4.328606e-01   5.118444e-24   1.956255e-08   3.025945e-25   312
  4.342347e-01   4.204069e-24   3.253813e-04   1.969300e-25   528
  4.351620e-01   4.411533e-24   1.707976e-04   2.927504e-25   264
  4.362761e-01   3.811832e-24   2.025191e-04   1.651767e-25   480
  4.377318e-01   3.602047e-24   0.000000e+00   2.164309e-25   288
  4.383604e-01   4.130070e-24   2.176005e-04   2.606444e-25   168
  4.395105e-01   4.610856e-24   3.444610e-04   1.986661e-25   504
  4.408036e-01   4.689597e-24   7.492773e-09   4.374723e-25   144
  4.416171e-01   4.468888e-24   2.212265e-04   2.290202e-25   464
  4.428396e-01   3.953266e-24   3.246624e-04   1.738714e-25   432
  4.434197e-01   4.051894e-24   5.619580e-09   3.181665e-25   192
  4.449189e-01   3.886587e-24   2.406833e-04   2.365997e-25   396
  4.458042e-01   3.120038e-24   2.162000e-04   1.765562e-25   288
  4.466990e-01   3.671445e-24   2.135686e-04   1.881153e-25   336
  4.481283e-01   3.438591e-24   1.352359e-04   1.610312e-25   432
  4.490354e-01   3.356067e-24   3.505126e-04   1.860125e-25   360
  4.500539e-01   3.908437e-24   2.073334e-04   2.196148e-25   384
  4.515004e-01   2.573402e-24   1.830116e-04   2.279884e-25   198
  4.521974e-01   3.221745e-24   2.080246e-04   1.378319e-25   552
  4.534970e-01   3.420072e-24   2.912202e-04   1.826047e-25   432
  4.545821e-01   3.273247e-24   0.000000e+00   2.666862e-25   168
  4.554927e-01   3.322065e-24   3.610065e-04   1.502627e-25   480
  4.566974e-01   4.821643e-24   0.000000e+00   4.801084e-25   120
  4.572396e-01   3.366990e-24   2.948545e-04   1.926071e-25   336
  4.585628e-01   3.092970e-24   2.080152e-04   1.276870e-25   672
  4.598711e-01   3.595199e-24   3.025866e-04   1.648912e-25   528
  4.604805e-01   2.617107e-24   9.082613e-09   2.302206e-25   168
  4.618883e-01   3.011228e-24   3.375333e-04   1.487203e-25   456
  4.627474e-01   3.028668e-24   2.061344e-04   2.721974e-25   168
  4.636392e-01   2.856846e-24   2.057643e-04   1.366882e-25   504
  4.651216e-01   2.616165e-24   2.647872e-04   1.545137e-25   336
  4.660180e-01   3.292517e-24   1.908802e-04   2.210274e-25   312
  4.670124e-01   3.033733e-24   1.865029e-04   1.477002e-25   504
  4.683210e-01   2.939946e-24   1.294009e-04   1.571392e-25   432
  4.689362e-01   2.530840e-24   1.999672e-04   1.285550e-25   312
  4.702151e-01   2.414896e-24   2.049761e-04   1.182472e-25   384
  4.715504e-01   2.761466e-24   1.741510e-04   2.550633e-25   126
  4.723748e-01   2.698920e-24   3.057676e-04   1.367578e-25   492
  4.734278e-01   2.775348e-24   1.958445e-04   1.296126e-25   528
  4.747438e-01   2.690712e-24   1.989360e-04   1.288053e-25   480
  4.755596e-01   2.958605e-24   2.748289e-04   1.475920e-25   432
  4.767402e-01   2.469779e-24   2.161166e-04   1.161739e-25   440
  4.781114e-01   2.137246e-24   1.074739e-04   1.176858e-25   312
  4.786259e-01   2.384152e-24   1.610586e-04   1.206441e-25   480
  4.796813e-01   2.756298e-24   3.153497e-04   1.413503e-25   408
  4.812233e-01   2.352305e-24   1.888588e-04   1.170776e-25   360
  4.818747e-01   2.428114e-24   1.822418e-04   1.223884e-25   408
  4.830820e-01   2.594518e-24   1.854542e-04   1.335854e-25   456
  4.844414e-01   2.410967e-24   1.772485e-04   1.763161e-25   264
  4.851959e-01   2.346999e-24   1.923591e-04   1.426220e-25   384
  4.862943e-01   2.267201e-24   3.238501e-04   9.061823e-26   672
  4.875640e-01   2.543468e-24   1.937042e-04   1.923814e-25   240
  4.882967e-01   2.412389e-24   1.965613e-04   1.529107e-25   264
  4.893308e-01   1.967714e-24   2.424259e-04   7.984471e-26   624
  4.908739e-01   1.972831e-24   0.000000e+00   1.351982e-25   150
  4.914232e-01   2.358837e-24   2.716574e-04   1.011940e-25   600
  4.925819e-01   2.364242e-24   1.874909e-04   1.013212e-25   672
  4.938939e-01   2.103871e-24   1.763484e-04   1.058966e-25   336
  4.946248e-01   2.096880e-24   1.918157e-04   1.018871e-25   408
  4.957926e-01   1.968005e-24   1.913639e-04   1.018324e-25   408
  4.970915e-01   2.435782e-24   9.676385e-05   1.384715e-25   360
  4.978921e-01   2.058285e-24   3.552857e-04   1.071289e-25   456
  4.988592e-01   1.921530e-24   1.932065e-04   8.331512e-26   384
  5.000902e-01   1.850909e-24   1.783541e-04   1.151749e-25   348
  5.007554e-01   2.135479e-24   2.198754e-04   9.608553e-26   576
  5.020050e-01   2.020931e-24   1.810385e-04   9.553982e-26   504
  5.032833e-01   2.042527e-24   2.553443e-04   1.004213e-25   432
  5.043991e-01   2.124009e-24   3.473946e-04   9.683853e-26   576
  5.051948e-01   1.685894e-24   0.000000e+00   9.815966e-26   264
  5.064571e-01   1.979949e-24   2.764393e-04   7.097775e-26   768
  5.075549e-01   1.507342e-24   3.721752e-04   1.013349e-25   240
  5.084277e-01   1.944119e-24   3.282233e-04   1.493457e-25   192
  5.096990e-01   1.720146e-24   2.416124e-04   8.656487e-26   504
  5.106418e-01   1.983467e-24   3.255818e-04   8.341507e-26   590
  5.115460e-01   1.795485e-24   3.647966e-04   1.007440e-25   384
  5.126798e-01   1.878076e-24   3.048625e-04   8.270371e-26   504
  5.140486e-01   1.719268e-24   2.933830e-04   7.434494e-26   648
  5.153764e-01   1.718419e-24   7.967896e-05   7.671618e-26   504
  5.159117e-01   1.820707e-24   1.817627e-04   1.083229e-25   312
  5.168569e-01   1.724744e-24   2.618753e-04   6.826003e-26   576
  5.181545e-01   1.713104e-24   1.822405e-04   1.170440e-25   240
  5.189109e-01   1.761435e-24   1.841453e-04   7.738178e-26   552
  5.199816e-01   1.679905e-24   1.729082e-04   7.179704e-26   600
  5.215067e-01   1.702000e-24   2.111937e-04   8.114400e-26   600
  5.224237e-01   1.614102e-24   3.382099e-04   1.036977e-25   312
  5.233368e-01   1.818622e-24   2.945474e-04   9.526268e-26   480
  5.244775e-01   1.484280e-24   1.837693e-04   6.771274e-26   576
  5.254818e-01   1.623747e-24   2.959085e-04   8.748733e-26   408
  5.263729e-01   1.316320e-24   3.451909e-04   9.294290e-26   216
  5.275243e-01   1.533172e-24   2.643774e-04   6.480098e-26   516
  5.287578e-01   1.403121e-24   2.522429e-04   5.353545e-26   744
  5.300304e-01   1.637965e-24   1.684760e-04   7.456431e-26   462
  5.307494e-01   1.331200e-24   1.712315e-04   7.445726e-26   432
  5.318647e-01   1.441294e-24   1.588547e-04   5.964456e-26   648
  5.331761e-01   1.384750e-24   2.324340e-04   7.255538e-26   528
  5.342295e-01   1.378846e-24   2.799086e-04   4.990358e-26   600
  5.352820e-01   1.760405e-24   3.528915e-04   1.207373e-25   240
  5.363014e-01   1.471639e-24   2.703115e-04   5.868761e-26   720
  5.374863e-01   1.505481e-24   2.138653e-04   5.718211e-26   720
  5.387997e-01   1.195197e-24   0.000000e+00   9.301535e-26   144
  5.394909e-01   1.437156e-24   2.757364e-04   5.975228e-26   720
  5.404742e-01   1.376682e-24   1.653370e-04   6.317283e-26   384
  5.417051e-01   1.422979e-24   1.832848e-04   6.041679e-26   672
  5.428730e-01   1.338173e-24   3.209115e-04   7.126517e-26   336
  5.434308e-01   1.401257e-24   0.000000e+00   8.247910e-26   288
  5.447967e-01   1.358550e-24   2.539800e-04   5.183382e-26   776
  5.460612e-01   1.298234e-24   2.173184e-04   5.084763e-26   720
  5.471231e-01   1.248674e-24   1.750659e-04   6.247909e-26   432
  5.479725e-01   1.173031e-24   2.495786e-04   5.557848e-26   504
  5.489174e-01   1.313770e-24   1.748652e-04   7.185141e-26   528
  5.502396e-01   1.097331e-24   2.382437e-04   5.301277e-26   438
  5.513273e-01   1.306126e-24   2.772938e-04   5.358681e-26   624
  5.521470e-01   1.366676e-24   3.396475e-04   9.094941e-26   312
  5.532738e-01   1.367892e-24   1.829935e-04   5.558210e-26   696
  5.544390e-01   1.278953e-24   1.655760e-04   5.257810e-26   552
  5.556509e-01   1.246211e-24   1.281006e-04   5.280278e-26   516
  5.564006e-01   1.520449e-24   2.558713e-04   7.374960e-26   528
  5.573133e-01   1.053023e-24   1.664001e-04   4.921456e-26   528
  5.586097e-01   1.071401e-24   2.194479e-04   3.642064e-26   864
  5.594897e-01   1.196900e-24   3.005985e-04   6.537719e-26   408
  5.603706e-01   1.493124e-24   2.978186e-04   1.262353e-25   192
  5.616191e-01   1.185200e-24   2.464592e-04   4.298372e-26   720
  5.626731e-01   1.245890e-24   2.272475e-04   5.483961e-26   696
  5.639255e-01   1.241625e-24   2.454294e-04   5.186747e-26   720
  5.650713e-01   1.211608e-24   3.326501e-04   6.422243e-26   432
  5.657395e-01   1.056115e-24   1.958109e-04   6.523816e-26   264
  5.669418e-01   1.163929e-24   2.704061e-04   5.335217e-26   672
  5.680171e-01   1.058077e-24   2.768544e-04   4.868574e-26   600
  5.692933e-01   9.984199e-25   1.620980e-04   5.596523e-26   270
  5.699366e-01   9.066083e-25   2.440026e-04   4.210597e-26   528
  5.709591e-01   1.126492e-24   1.670843e-04   4.260327e-26   840
  5.723613e-01   1.153563e-24   3.194952e-04   3.814866e-26   888
  5.736568e-01   1.102252e-24   2.380474e-04   4.434147e-26   744
  5.747517e-01   1.198972e-24   1.223216e-04   5.588910e-26   456
  5.752963e-01   1.320221e-24   1.671601e-04   7.228125e-26   360
  5.762282e-01   1.111766e-24   1.448348e-04   6.215834e-26   384
  5.776580e-01   1.097900e-24   2.323137e-04   4.051265e-26   816
  5.787308e-01   9.815750e-25   3.370546e-04   3.629803e-26   824
  5.800348e-01   1.026429e-24   1.566791e-04   6.202213e-26   360
  5.807331e-01   1.074970e-24   2.311994e-04   4.904613e-26   624
  5.816941e-01   1.033382e-24   1.562320e-04   5.531534e-26   360
  5.829744e-01   9.637981e-25   2.125215e-04   3.503691e-26   876
  5.841306e-01   1.039384e-24   2.524119e-04   4.564476e-26   696
  5.852967e-01   9.175945e-25   1.629911e-04   5.780506e-26   336
  5.859080e-01   1.080426e-24   1.628079e-04   5.819968e-26   504
  5.869176e-01   9.358253e-25   1.642187e-04   4.128994e-26   672
  5.884155e-01   1.015231e-24   3.269213e-04   3.694082e-26   720
  5.894543e-01   9.247135e-25   2.469541e-04   3.489234e-26   774
  5.906010e-01   1.038600e-24   1.413501e-04   7.157339e-26   384
  5.912015e-01   1.132751e-24   2.720183e-04   5.925049e-26   528
  5.921335e-01   1.009470e-24   2.592486e-04   4.360149e-26   744
  5.936327e-01   1.032404e-24   2.138251e-04   3.969407e-26   768
  5.946281e-01   8.592635e-25   2.400348e-04   3.954596e-26   552
  5.958700e-01   9.577340e-25   2.616108e-04   4.303404e-26   696
  5.967938e-01   1.037387e-24   3.179026e-04   6.148302e-26   408
  5.975272e-01   1.024822e-24   1.373364e-04   5.044206e-26   504
  5.986899e-01   9.582096e-25   2.467198e-04   3.053025e-26   888
  5.998339e-01   9.729004e-25   2.564132e-04   4.048393e-26   648
  6.010230e-01   1.030921e-24   2.542153e-04   4.320945e-26   648
  6.021418e-01   8.888878e-25   2.741064e-04   3.361442e-26   792
  6.033268e-01   9.078312e-25   4.010364e-04   4.841267e-26   600
  6.042000e-01   9.256799e-25   2.717856e-04   4.890699e-26   456
  6.051191e-01   9.229221e-25   1.324567e-04   3.680646e-26   648
  6.062996e-01   9.656123e-25   2.583099e-04   3.493538e-26   936
  6.075741e-01   1.069473e-24   1.586356e-04   5.732087e-26   384
  6.086836e-01   8.178248e-25   1.334798e-08   6.222793e-26   198
  6.095398e-01   9.352624e-25   4.024720e-04   2.889897e-26   1224
  6.104634e-01   1.109574e-24   2.931235e-04   7.704067e-26   420
  6.115558e-01   8.850401e-25   2.836822e-04   3.667402e-26   792
  6.126238e-01   9.846005e-25   2.345810e-04   3.985947e-26   680
  6.138428e-01   9.491284e-25   2.154033e-04   4.311539e-26   600
  6.148235e-01   8.173384e-25   3.123938e-04   3.141875e-26   840
  6.161330e-01   9.425306e-25   1.474979e-04   4.787063e-26   432
  6.166334e-01   1.015314e-24   1.382249e-04   4.587347e-26   720
  6.177213e-01   9.575736e-25   2.768404e-04   3.784677e-26   960
  6.190745e-01   8.856211e-25   2.467829e-04   3.971186e-26   528
  6.200634e-01   8.054193e-25   2.522592e-04   4.140070e-26   624
  6.212404e-01   9.384547e-25   1.982740e-04   4.061742e-26   816
  6.224086e-01   7.920396e-25   3.260658e-04   3.048699e-26   696
  6.236996e-01   8.058663e-25   2.202416e-08   6.489900e-26   240
  6.241851e-01   8.824295e-25   1.922888e-04   4.324396e-26   672
  6.252686e-01   7.857138e-25   3.436476e-04   2.806675e-26   864
  6.264840e-01   8.551585e-25   2.636938e-04   3.487529e-26   816
  6.275795e-01   9.648168e-25   1.509292e-04   4.813367e-26   648
  6.287594e-01   9.537704e-25   1.542771e-04   4.282026e-26   843
  6.297611e-01   8.166679e-25   2.775825e-04   3.350592e-26   780
  6.309548e-01   6.872845e-25   1.489456e-04   4.847392e-26   216
  6.316911e-01   9.148189e-25   3.591661e-04   3.439175e-26   1056
  6.328235e-01   9.884092e-25   2.938382e-04   7.125463e-26   228
  6.338720e-01   9.488336e-25   3.658358e-04   3.584979e-26   924
  6.349484e-01   8.944612e-25   1.357046e-04   4.289314e-26   696
  6.360882e-01   8.117433e-25   2.415153e-04   3.062371e-26   996
  6.372543e-01   7.041935e-25   1.425858e-04   2.768596e-26   576
  6.384675e-01   8.107793e-25   2.200718e-04   4.083683e-26   552
  6.393519e-01   9.561031e-25   2.627580e-04   4.992480e-26   516
  6.402494e-01   8.023696e-25   3.821047e-04   3.463626e-26   744
  6.412749e-01   7.812050e-25   1.874451e-04   3.757341e-26   576
  6.421669e-01   7.655638e-25   1.929285e-04   3.012867e-26   792
  6.434346e-01   7.711496e-25   2.205530e-04   3.676419e-26   792
  6.443636e-01   7.973836e-25   2.378641e-04   3.422824e-26   720
  6.456200e-01   7.509258e-25   2.711104e-04   3.585674e-26   656
  6.467974e-01   7.888990e-25   2.960385e-04   3.174019e-26   816
  6.480043e-01   6.518887e-25   1.596190e-04   3.683025e-26   492
  6.486903e-01   8.498952e-25   2.296231e-04   4.889588e-26   552
  6.499778e-01   6.818301e-25   3.992867e-04   3.012694e-26   780
  6.508139e-01   7.624203e-25   2.452771e-04   3.442551e-26   528
  6.517148e-01   7.355732e-25   2.863130e-04   3.419494e-26   600
  6.530425e-01   8.050967e-25   2.379487e-04   3.334844e-26   900
  6.539577e-01   6.670635e-25   1.317325e-04   2.973560e-26   696
  6.552168e-01   8.031048e-25   3.330907e-04   3.425651e-26   696
  6.564349e-01   6.628914e-25   1.351317e-04   3.117502e-26   552
  6.574592e-01   6.539967e-25   1.571457e-04   2.820395e-26   708
  6.585322e-01   6.795703e-25   2.594565e-04   2.734666e-26   876
  6.596487e-01   6.813823e-25   1.377663e-04   4.250816e-26   216
  6.603980e-01   7.688700e-25   3.768094e-04   2.793866e-26   1032
  6.615201e-01   6.437242e-25   4.195357e-04   3.007951e-26   600
  6.626848e-01   5.975090e-25   2.001869e-04   3.634726e-26   600
  6.635732e-01   7.105629e-25   3.535112e-04   3.653109e-26   528
  6.646233e-01   7.472855e-25   1.940622e-04   3.079714e-26   732
  6.657296e-01   6.992564e-25   1.432973e-04   3.994803e-26   336
  6.670031e-01   6.517259e-25   2.042271e-04   2.894239e-26   912
  6.679548e-01   5.872617e-25   2.049821e-04   2.423877e-26   624
  6.689946e-01   6.506947e-25   1.727341e-04   2.504307e-26   768
  6.702082e-01   7.033847e-25   3.116463e-04   2.929476e-26   792
  6.713995e-01   6.005996e-25   1.545014e-04   2.638843e-26   660
  6.722471e-01   6.014041e-25   2.276826e-04   3.260938e-26   504
  6.731238e-01   6.271156e-25   3.719898e-04   3.139580e-26   480
  6.744376e-01   6.065845e-25   3.440421e-04   2.285049e-26   912
  6.754664e-01   5.639389e-25   3.831443e-04   2.949751e-26   432
  6.764380e-01   6.121512e-25   2.275021e-04   3.222255e-26   564
  6.773006e-01   6.362011e-25   2.177508e-04   2.699830e-26   600
  6.785149e-01   6.738669e-25   3.035240e-04   2.567813e-26   876
  6.794272e-01   6.795775e-25   1.364735e-04   4.514794e-26   264
  6.806846e-01   6.464914e-25   2.648123e-04   3.219079e-26   560
  6.816953e-01   5.806846e-25   1.799457e-04   2.210035e-26   840
  6.829222e-01   5.525284e-25   2.774244e-04   2.050186e-26   1008
  6.840568e-01   5.442916e-25   1.241010e-04   2.857825e-26   456
  6.850930e-01   6.274415e-25   1.607553e-04   3.110242e-26   576
  6.860509e-01   6.101636e-25   2.470177e-04   3.145783e-26   612
  6.873140e-01   6.281452e-25   2.206269e-04   2.464055e-26   780
  6.883444e-01   5.872299e-25   2.528284e-04   2.791981e-26   648
  6.893992e-01   5.722404e-25   1.178213e-04   2.870673e-26   312
  6.900734e-01   5.666077e-25   2.993645e-04   2.813869e-26   528
  6.912414e-01   5.687212e-25   3.909551e-04   2.707620e-26   720
  6.923583e-01   5.354629e-25   3.921794e-04   3.215444e-26   576
  6.937124e-01   5.209739e-25   3.383053e-04   2.555889e-26   444
  6.945549e-01   5.230121e-25   3.317685e-04   1.861514e-26   996
  6.955874e-01   5.346973e-25   2.771265e-04   3.147736e-26   432
  6.965633e-01   6.334373e-25   3.033990e-04   3.654205e-26   504
  6.974062e-01   5.019039e-25   1.367883e-04   2.607498e-26   504
  6.986065e-01   5.930141e-25   2.692009e-04   2.403429e-26   876
  6.996926e-01   4.776846e-25   3.098246e-04   2.537410e-26   504
  7.008236e-01   4.642846e-25   1.975899e-04   2.107586e-26   696
  7.017583e-01   5.236118e-25   1.689187e-04   2.539150e-26   492
  7.030300e-01   5.006114e-25   2.418152e-04   2.717565e-26   432
  7.039719e-01   5.809937e-25   2.264335e-04   2.457976e-26   768
  7.050885e-01   4.935682e-25   2.820533e-04   2.307823e-26   648
  7.061547e-01   4.418642e-25   1.840095e-04   2.717484e-26   456
  7.073798e-01   4.974303e-25   2.530430e-04   2.153658e-26   552
  7.082306e-01   5.002712e-25   1.734358e-04   2.413413e-26   648
  7.094016e-01   4.625740e-25   2.826907e-04   1.739502e-26   840
  7.105454e-01   4.986315e-25   1.348092e-04   2.483222e-26   432
  7.116906e-01   4.906850e-25   1.651183e-04   2.358733e-26   600
  7.124870e-01   5.395259e-25   1.759227e-04   3.012838e-26   432
  7.138248e-01   5.223780e-25   1.751482e-04   2.875197e-26   560
  7.147308e-01   4.668421e-25   2.772412e-04   1.904560e-26   840
  7.158652e-01   4.524850e-25   1.642140e-04   2.647279e-26   504
  7.167662e-01   4.393804e-25   3.351509e-04   2.298808e-26   696
  7.180362e-01   5.368359e-25   1.830475e-04   3.442907e-26   384
  7.190254e-01   4.818429e-25   2.681431e-04   2.317157e-26   576
  7.202219e-01   4.448043e-25   1.654845e-04   2.523862e-26   360
  7.211864e-01   5.106190e-25   2.464465e-04   2.196205e-26   828
  7.222268e-01   4.974625e-25   2.195064e-04   3.071184e-26   372
  7.231800e-01   5.155084e-25   3.352284e-04   2.429169e-26   576
  7.244428e-01   5.174938e-25   1.403933e-04   2.256505e-26   636
  7.253425e-01   5.188147e-25   2.706420e-04   2.685646e-26   648
  7.265596e-01   4.556009e-25   2.200024e-04   2.057341e-26   576
  7.274333e-01   4.226717e-25   3.548870e-04   2.044033e-26   528
  7.285953e-01   4.860464e-25   1.517289e-04   2.865568e-26   360
  7.295571e-01   4.244647e-25   3.490332e-04   1.746207e-26   672
  7.308130e-01   4.387712e-25   1.787806e-04   1.930085e-26   804
  7.318582e-01   4.978069e-25   1.972163e-04   2.633633e-26   408
  7.330145e-01   4.566910e-25   1.219011e-04   2.766903e-26   384
  7.337931e-01   3.756631e-25   2.789567e-04   2.290039e-26   480
  7.348913e-01   4.442003e-25   1.802469e-04   2.785790e-26   432
  7.359446e-01   5.586859e-25   3.321566e-04   2.486510e-26   648
  7.371913e-01   4.725133e-25   2.061016e-04   2.165449e-26   624
  7.381033e-01   4.301156e-25   1.874668e-04   2.396278e-26   456
  7.393486e-01   4.413636e-25   2.560963e-04   2.128085e-26   588
  7.401831e-01   4.171184e-25   1.633884e-04   2.011537e-26   600
  7.414016e-01   4.146690e-25   2.548458e-04   1.792860e-26   708
  7.423640e-01   4.338843e-25   1.605479e-04   2.600442e-26   360
  7.434275e-01   4.561545e-25   1.845541e-04   2.251843e-26   552
  7.444470e-01   4.152064e-25   1.294691e-04   3.133942e-26   288
  7.454820e-01   3.979423e-25   2.434372e-04   1.840114e-26   528
  7.464545e-01   4.482354e-25   1.642340e-04   3.014850e-26   456
  7.475410e-01   4.208526e-25   2.912225e-04   2.127221e-26   608
  7.486338e-01   3.870050e-25   1.408967e-04   2.199018e-26   504
  7.498278e-01   3.517758e-25   3.024972e-04   1.927738e-26   540
  7.507642e-01   5.039146e-25   3.247222e-04   3.666727e-26   360
  7.517735e-01   5.058829e-25   1.470509e-04   2.720391e-26   540
  7.526661e-01   4.028801e-25   1.262606e-04   2.133535e-26   576
  7.539642e-01   3.880196e-25   2.927555e-04   1.605753e-26   588
  7.551985e-01   3.906471e-25   4.039143e-04   1.837624e-26   672
  7.562588e-01   4.745303e-25   3.087151e-04   2.548172e-26   552
  7.571135e-01   3.224896e-25   3.088712e-04   3.348337e-26   144
  7.582042e-01   4.348795e-25   2.624178e-04   2.329662e-26   600
  7.592383e-01   4.146323e-25   3.288668e-04   2.338914e-26   504
  7.603860e-01   3.688697e-25   3.378126e-04   2.231460e-26   336
  7.615932e-01   3.740206e-25   3.797028e-04   1.648484e-26   600
  7.626744e-01   3.633708e-25   2.450478e-04   1.826382e-26   636
  7.638413e-01   4.202709e-25   1.970206e-04   2.533121e-26   384
  7.646595e-01   4.528942e-25   2.748205e-04   2.390128e-26   504
  7.658387e-01   3.726178e-25   1.153383e-04   2.829916e-26   240
  7.667694e-01   4.154500e-25   2.709461e-04   1.892118e-26   744
  7.678860e-01   3.721061e-25   1.850150e-04   1.400146e-26   648
  7.688783e-01   5.573124e-25   1.228185e-04   4.536917e-26   120
  7.700414e-01   4.351862e-25   1.929319e-04   2.128615e-26   564
  7.709202e-01   4.037392e-25   3.030111e-04   2.221891e-26   432
  7.720932e-01   3.064602e-25   2.351965e-04   1.678276e-26   480
  7.729764e-01   2.817655e-25   1.731106e-04   1.462513e-26   456
  7.740189e-01   3.822790e-25   2.864725e-04   1.818296e-26   444
  7.752020e-01   3.246834e-25   4.383180e-04   1.955863e-26   528
  7.762412e-01   4.894879e-25   3.255297e-04   4.257657e-26   264
  7.772498e-01   3.687206e-25   3.336195e-04   2.696332e-26   444
  7.786065e-01   3.975405e-25   3.654311e-04   1.728517e-26   696
  7.797327e-01   4.208880e-25   1.954448e-04   2.314220e-26   384
  7.805563e-01   3.258110e-25   2.469609e-04   1.656240e-26   432
  7.818373e-01   4.092390e-25   1.706384e-04   2.113987e-26   488
  7.826690e-01   4.277835e-25   2.571733e-04   2.747464e-26   480
  7.838749e-01   3.304951e-25   2.868014e-04   2.342959e-26   480
  7.848089e-01   3.429096e-25   1.203331e-04   2.273902e-26   240
  7.858692e-01   4.122662e-25   2.810886e-04   2.134353e-26   600
  7.868694e-01   3.709192e-25   2.449399e-04   2.304745e-26   288
  7.879343e-01   3.437654e-25   2.356143e-04   2.049306e-26   480
  7.890129e-01   3.014832e-25   4.191157e-04   1.572417e-26   504
  7.900748e-01   3.177912e-25   1.798267e-04   2.592657e-26   216
  7.914291e-01   4.388448e-25   2.944050e-04   2.266740e-26   504
  7.924838e-01   3.632714e-25   2.367912e-04   2.573928e-26   456
  7.936384e-01   4.764477e-25   1.358038e-04   2.299759e-26   384
  7.944031e-01   4.089473e-25   2.756326e-04   1.881449e-26   480
  7.954897e-01   3.026304e-25   2.420363e-04   1.501863e-26   504
  7.964966e-01   4.143561e-25   1.535327e-04   3.019699e-26   312
  7.975815e-01   3.747563e-25   2.474127e-04   2.465923e-26   492
  7.985417e-01   3.830712e-25   2.318919e-04   2.653615e-26   312
  7.997779e-01   3.417945e-25   3.766899e-04   1.505267e-26   576
  8.008661e-01   3.397603e-25   3.477153e-04   2.170369e-26   336
  8.017699e-01   2.436649e-25   2.677247e-04   1.483208e-26   240
  8.030228e-01   3.721302e-25   3.549351e-04   1.802590e-26   468
  8.041047e-01   3.221642e-25   2.222407e-04   2.657904e-26   192
  8.052370e-01   3.365349e-25   2.229031e-04   2.219133e-26   324
  8.060669e-01   3.055323e-25   1.617794e-04   1.303218e-26   600
  8.071978e-01   3.910861e-25   2.624704e-04   2.214021e-26   456
  8.080377e-01   4.183069e-25   1.180592e-04   2.798655e-26   336
  8.094297e-01   3.583141e-25   3.535027e-04   1.737512e-26   612
  8.104424e-01   2.538278e-25   2.966749e-04   2.973127e-26   144
  8.114002e-01   3.851144e-25   3.462957e-04   1.892032e-26   552
  8.127025e-01   2.809532e-25   1.363755e-04   1.911714e-26   264
  8.134384e-01   3.532383e-25   3.157441e-04   2.625755e-26   336
  8.145992e-01   2.930960e-25   2.086329e-04   1.702028e-26   384
  8.156059e-01   3.817206e-25   1.174397e-04   2.999406e-26   216
  8.167203e-01   2.960060e-25   2.489964e-04   1.799982e-26   344
  8.177364e-01   3.140750e-25   3.715143e-04   2.497385e-26   408
  8.189746e-01   3.178454e-25   2.854845e-04   2.475180e-26   264
  8.200718e-01   3.527632e-25   3.979796e-04   1.641331e-26   612
  8.211681e-01   4.417930e-25   2.048307e-04   2.653683e-26   408
  8.222956e-01   3.304262e-25   2.051251e-04   1.962977e-26   444
  8.231239e-01   5.710300e-25   1.147249e-04   6.492574e-26   120
  8.242338e-01   3.543106e-25   3.169640e-04   2.214161e-26   336
  8.250576e-01   2.850333e-25   1.101437e-04   1.728549e-26   288
  8.261708e-01   3.047014e-25   3.427692e-04   1.388898e-26   552
  8.277012e-01   3.293644e-25   1.835347e-08   5.782979e-26   72
  8.284882e-01   2.810416e-25   3.404572e-04   1.195694e-26   504
  8.294074e-01   2.823993e-25   1.095558e-04   2.114773e-26   216
  8.305983e-01   2.714718e-25   1.956043e-04   1.908983e-26   312
  8.316675e-01   2.521423e-25   2.227263e-04   1.418499e-26   336
  8.326865e-01   2.714658e-25   3.087236e-04   3.329891e-26   204
  8.337014e-01   3.882303e-25   3.587838e-04   2.276945e-26   504
  8.347777e-01   4.034353e-25   3.416652e-04   2.814028e-26   396
  8.358127e-01   3.447418e-25   3.133249e-04   2.882945e-26   312
  8.370674e-01   5.045282e-25   1.914750e-04   3.979301e-26   216
  8.379516e-01   3.544051e-25   1.039172e-04   2.313213e-26   168
  8.390260e-01   3.170600e-25   2.623966e-04   1.655626e-26   588
  8.402521e-01   2.164414e-25   3.561727e-04   1.392310e-26   240
  8.412047e-01   2.379331e-25   3.145601e-04   2.035727e-26   264
  8.423219e-01   3.028238e-25   3.890183e-04   2.633347e-26   288
  8.433131e-01   2.462596e-25   1.942596e-04   1.571531e-26   288
  8.445693e-01   2.781958e-25   1.824406e-04   2.024701e-26   288
  8.454153e-01   2.910610e-25   2.113423e-04   2.250391e-26   192
  8.464795e-01   2.123552e-25   2.248894e-04   1.200923e-26   264
  8.474933e-01   4.623869e-25   3.699119e-04   3.228414e-26   372
  8.485844e-01   4.115021e-25   3.995208e-04   2.988020e-26   360
  8.499161e-01   3.584242e-25   1.690810e-04   2.778331e-26   144
  8.506044e-01   2.700464e-25   2.348461e-04   2.108290e-26   296
  8.516909e-01   2.881009e-25   2.530345e-04   2.366490e-26   288
  8.529347e-01   2.947670e-25   3.781537e-04   1.682187e-26   480
  8.540076e-01   2.006936e-25   3.142096e-04   1.708979e-26   192
  8.550509e-01   3.731335e-25   3.370327e-04   4.011841e-26   192
  8.559992e-01   2.490924e-25   2.147949e-04   1.979268e-26   288
  8.573180e-01   2.127037e-25   1.869760e-04   1.845180e-26   108
  8.579823e-01   3.391735e-25   1.797545e-04   2.430009e-26   240
  8.591554e-01   2.151552e-25   3.353363e-04   1.288505e-26   384
  8.603605e-01   3.860184e-25   4.090723e-04   3.378895e-26   108
  8.614261e-01   4.070109e-25   2.398466e-04   3.122576e-26   348
  8.625466e-01   3.049727e-25   2.503134e-04   2.549326e-26   312
  8.635474e-01   3.501270e-25   2.432319e-04   8.474929e-26   96
  8.644677e-01   2.865308e-25   3.238194e-04   1.742601e-26   384
  8.654984e-01   3.521324e-25   2.227222e-04   3.717869e-26   144
  8.665066e-01   2.832008e-25   3.422225e-04   1.669591e-26   408
  8.677598e-01   1.780264e-25   1.526554e-04   2.045258e-26   144
  8.689437e-01   2.907052e-25   2.934816e-04   1.994690e-26   192
  8.696459e-01   3.803688e-25   3.303190e-04   3.410995e-26   144
  8.707904e-01   2.235344e-25   2.685615e-04   2.175649e-26   144
  8.718702e-01   2.966239e-25   3.282257e-04   2.087910e-26   336
  8.731927e-01   1.787498e-25   2.428454e-04   1.186283e-26   240
  8.740312e-01   2.463674e-25   1.102739e-04   1.854480e-26   96
  8.752007e-01   3.731564e-25   3.233803e-04   2.720274e-26   372
  8.763838e-01   2.283421e-25   3.846540e-04   3.230602e-26   132
  8.774230e-01   2.056991e-25   2.380193e-04   1.256902e-26   264
  8.783527e-01   2.976672e-25   1.827880e-04   3.135836e-26   168
  8.793449e-01   3.068329e-25   2.922429e-04   2.717884e-26   216
  8.802213e-01   2.717577e-25   1.787978e-04   3.140135e-26   216
  8.814979e-01   1.426709e-25   3.280196e-04   1.507456e-26   96
  8.826561e-01   3.114822e-25   2.140028e-04   2.737561e-26   120
  8.837183e-01   2.420009e-25   2.720578e-04   1.748551e-26   216
  8.845934e-01   2.101012e-25   1.188902e-04   1.910664e-26   200
  8.857519e-01   2.040362e-25   3.077557e-04   1.562691e-26   288
  8.872378e-01   1.739139e-25   8.097649e-05   1.471932e-26   144
  8.878635e-01   2.434924e-25   2.519939e-04   2.299878e-26   168
  8.891412e-01   3.064360e-25   2.835956e-04   3.247115e-26   159
  8.901386e-01   2.122250e-25   2.975600e-04   1.731559e-26   174
  8.911039e-01   2.035480e-25   2.698170e-04   1.846364e-26   144
  8.923678e-01   2.664665e-25   1.557998e-04   2.294246e-26   222
  8.932131e-01   1.803747e-25   1.572158e-04   1.429499e-26   168
  8.946732e-01   4.843916e-25   3.448346e-04   1.606115e-25   30
  8.952763e-01   1.356778e-25   3.044637e-04   1.454791e-26   72
  8.964123e-01   2.297140e-25   2.717302e-04   2.021574e-26   258
  8.976612e-01   1.842099e-25   1.701916e-04   1.336150e-26   264
  8.982857e-01   2.056435e-25   0.000000e+00   2.438855e-26   72
  8.995871e-01   1.869147e-25   3.373270e-04   1.962681e-26   174
  9.007654e-01   2.418574e-25   3.591909e-04   2.094435e-26   168
  9.017127e-01   1.303026e-25   1.123916e-08   2.003897e-26   48
  9.027297e-01   1.829727e-25   2.028435e-04   1.975153e-26   150
  9.039088e-01   2.341356e-25   3.731453e-04   1.747748e-26   168
  9.050911e-01   1.803225e-25   2.273028e-04   1.622640e-26   144
  9.061784e-01   2.746929e-25   2.123525e-04   2.629226e-26   102
  9.069882e-01   1.834552e-25   3.143182e-04   1.748413e-26   96
  9.082731e-01   1.637985e-25   3.119397e-04   1.379545e-26   120
  9.092246e-01   1.292904e-25   3.345635e-04   9.114220e-27   168
  9.102538e-01   2.158156e-25   2.470487e-04   1.846672e-26   126
  9.111308e-01   1.778738e-25   1.863241e-04   1.801568e-26   168
  9.123389e-01   1.724140e-25   2.987709e-04   1.930015e-26   72
  9.133947e-01   1.607243e-25   3.741278e-04   1.062659e-26   168
  9.143196e-01   1.503811e-25   1.025668e-04   1.779498e-26   78
  9.155870e-01   2.031004e-25   1.684070e-04   2.880061e-26   60
  9.166075e-01   2.078151e-25   2.731835e-04   2.020297e-26   96
  9.176659e-01   1.846825e-25   3.314854e-04   1.410225e-26   168
  9.186605e-01   1.640510e-25   2.097511e-04   2.127876e-26   86
  9.197042e-01   1.605776e-25   1.874678e-04   1.100559e-26   120
  9.212002e-01   1.533932e-25   1.336894e-04   1.316494e-26   168
  9.220069e-01   1.340484e-25   0.000000e+00   3.230644e-26   48
  9.230934e-01   2.087808e-25   2.435676e-04   2.131920e-26   120
  9.237177e-01   1.768104e-25   1.776924e-04   1.634508e-26   126
  9.252418e-01   1.790614e-25   3.125113e-04   2.148517e-26   96
  9.262310e-01   1.838082e-25   9.011285e-05   1.818546e-26   96
  9.270111e-01   1.547710e-25   0.000000e+00   2.229083e-26   72
  9.286731e-01   2.220282e-25   1.123916e-08   3.935719e-26   24
  9.297104e-01   1.588392e-25   1.854501e-04   1.545549e-26   120
  9.305196e-01   1.798107e-25   2.705147e-04   1.876542e-26   126
  9.314194e-01   1.598410e-25   2.255107e-04   1.707886e-26   96
  9.324708e-01   1.177393e-25   3.897482e-04   1.402160e-26   72
  9.336415e-01   1.826535e-25   1.685792e-04   1.382508e-26   144
  9.346046e-01   1.978093e-25   9.723254e-05   2.726761e-26   72
  9.355666e-01   1.116311e-25   1.942081e-04   1.655071e-26   54
  9.364132e-01   1.687260e-25   1.711436e-04   1.934085e-26   108
  9.381728e-01   1.923979e-25   1.677650e-04   2.512170e-26   72
  9.387206e-01   1.582810e-25   9.680617e-05   1.651268e-26   72
  9.400202e-01   1.466204e-25   1.946680e-08   2.820758e-26   24
  9.412498e-01   1.288514e-25   2.047976e-04   1.622055e-26   48
  9.419964e-01   1.672095e-25   1.560029e-04   1.208967e-26   102
  9.431203e-01   1.440414e-25   3.528137e-04   1.007177e-26   168
  9.445889e-01   1.410362e-25   1.924163e-04   9.793088e-27   72
  9.451330e-01   1.595011e-25   0.000000e+00   2.377191e-26   48
  9.462744e-01   1.786829e-25   3.309678e-04   1.326077e-26   120
  9.477807e-01   1.527130e-25   2.033864e-04   1.473647e-26   96
  9.492033e-01   2.227938e-25   2.202416e-08   4.523463e-26   30
  9.508942e-01   1.410510e-25   9.555995e-05   1.844149e-26   72
  9.516372e-01   1.616264e-25   1.123916e-08   2.955760e-26   24
  9.525916e-01   1.247035e-25   1.416435e-04   1.575400e-26   56
  9.536606e-01   1.649977e-25   2.021324e-04   1.659559e-26   96
  9.549399e-01   1.611463e-25   2.232036e-04   1.296759e-26   144
  9.559263e-01   1.669842e-25   1.267263e-04   2.413823e-26   54
  9.573592e-01   1.617345e-25   1.898493e-04   1.447736e-26   108
  9.588012e-01   1.613204e-25   1.005243e-04   2.312486e-26   48
  9.601739e-01   1.534872e-25   3.785063e-04   1.886546e-26   72
  9.634680e-01   1.704698e-25   2.500803e-04   1.589668e-26   78
  9.643808e-01   1.348068e-25   1.884669e-04   1.682710e-26   72
  9.654462e-01   1.450939e-25   1.882329e-04   2.013546e-26   72
  9.665603e-01   2.061527e-25   4.542266e-04   2.352503e-26   96
  9.674408e-01   1.384169e-25   1.878449e-04   1.518877e-26   72
  9.685029e-01   1.227276e-25   0.000000e+00   1.700268e-26   24
  9.695638e-01   1.642793e-25   3.748416e-04   2.435340e-26   72
  9.719599e-01   2.285393e-25   2.380359e-04   3.689913e-26   30
  9.724755e-01   2.653902e-25   0.000000e+00   3.607528e-26   24
  9.752466e-01   1.281904e-25   1.976584e-04   1.830543e-26   48
  9.761159e-01   1.660564e-25   4.253608e-04   1.584167e-26   120
  9.772870e-01   1.159974e-25   1.859776e-04   1.245182e-26   72
  9.784697e-01   1.619510e-25   1.857528e-04   1.646338e-26   36
  9.792826e-01   1.504825e-25   3.671339e-04   1.657107e-26   78
  9.815513e-01   1.648915e-25   1.963888e-04   2.490362e-26   48
  9.844928e-01   2.436115e-25   1.589457e-08   3.637037e-26   24
  9.865884e-01   1.130649e-25   1.367612e-04   1.464894e-26   56
  9.876436e-01   1.420905e-25   2.104496e-04   1.050625e-26   102
  9.889860e-01   1.233972e-25   1.498555e-08   1.556238e-26   72
  9.897653e-01   1.153279e-25   0.000000e+00   2.805007e-26   24
  9.911277e-01   1.420408e-25   1.944913e-04   1.971484e-26   48
  9.936528e-01   2.149843e-25   0.000000e+00   2.756591e-26   24
  9.967520e-01   1.357174e-25   0.000000e+00   4.184349e-26   6
  9.977185e-01   1.138038e-25   0.000000e+00   2.365539e-26   24
  9.983623e-01   1.361384e-25   1.820511e-04   1.653160e-26   72
  9.995384e-01   1.366583e-25   3.396336e-04   1.279059e-26   84
  1.000805e+00   1.449490e-25   0.000000e+00   3.295461e-26   24
  1.001190e+00   1.312632e-25   1.589457e-08   3.344954e-26   24
  1.003114e+00   1.363896e-25   1.123916e-08   2.598110e-26   24
  1.005800e+00   1.644280e-25   0.000000e+00   5.005309e-26   6
  1.009244e+00   1.735326e-25   1.910001e-04   2.114015e-26   48
  1.010072e+00   1.411094e-25   3.598129e-04   1.948999e-26   72
  1.011152e+00   1.757571e-25   1.906396e-04   1.662551e-26   48
  1.012867e+00   1.541197e-25   0.000000e+00   3.467611e-26   24
  1.015148e+00   1.172862e-25   1.123916e-08   6.487368e-27   6
  1.020262e+00   2.187403e-25   0.000000e+00   8.470091e-26   8
  1.020640e+00   1.277806e-25   1.123916e-08   1.693153e-26   48
  1.021546e+00   1.707194e-25   1.848806e-04   2.222752e-26   60
  1.022904e+00   1.353613e-25   0.000000e+00   1.554951e-26   24
  1.024787e+00   1.699371e-25   0.000000e+00   4.529592e-26   6
  1.031723e+00   1.876946e-25   0.000000e+00   4.453968e-26   24
  1.032283e+00   1.208917e-25   1.867372e-04   1.532552e-26   48
  1.033217e+00   1.638965e-25   0.000000e+00   2.428608e-26   24
  1.034708e+00   1.961692e-25   1.123916e-08   6.635086e-26   6
  1.043181e+00   9.837168e-26   1.742080e-04   1.414196e-26   36
  1.043797e+00   1.663817e-25   0.000000e+00   2.925146e-26   24
  1.044904e+00   2.501256e-25   0.000000e+00   6.078357e-26   6
  1.054545e+00   1.257133e-25   1.583190e-04   1.599302e-26   32
  1.055367e+00   9.775288e-26   1.123916e-08   3.869837e-26   6
  1.065728e+00   1.876063e-25   0.000000e+00   3.359400e-26   12
  1.066089e+00   1.022116e-25   0.000000e+00   3.964010e-26   6
  1.077063e+00   1.308362e-25   1.589457e-08   1.604578e-26   6
