# power spectrum of hij
# redshift z=10.000000
# k              Pk             sigma(k)       sigma(Pk)      count
  1.963495e-02   5.020615e-19   0.000000e+00   1.863443e-19   6
  2.776802e-02   3.250102e-19   0.000000e+00   3.009556e-20   12
  3.400874e-02   1.412593e-19   3.725290e-10   1.714878e-20   8
  3.926991e-02   1.229299e-19   0.000000e+00   1.577152e-20   6
  4.390509e-02   9.927862e-20   0.000000e+00   9.819754e-21   24
  4.809562e-02   4.129420e-20   7.024475e-10   6.679024e-21   24
  5.553604e-02   4.421605e-20   0.000000e+00   5.690411e-21   12
  5.890486e-02   2.035343e-20   7.947286e-10   1.742628e-21   30
  6.209118e-02   1.782391e-20   0.000000e+00   2.299130e-21   24
  6.512178e-02   2.081184e-20   1.216675e-09   2.719838e-21   24
  6.801748e-02   1.215616e-20   7.450581e-10   3.709596e-21   8
  7.079483e-02   1.215873e-20   9.934107e-10   1.437526e-21   24
  7.346727e-02   1.038366e-20   0.000000e+00   9.805243e-22   48
  7.853982e-02   9.280993e-21   0.000000e+00   1.650194e-21   6
  8.095699e-02   7.098637e-21   1.404895e-09   6.622140e-22   48
  8.330406e-02   7.409384e-21   0.000000e+00   8.471984e-22   36
  8.558678e-02   5.486740e-21   9.934107e-10   9.002809e-22   24
  8.781018e-02   5.586701e-21   0.000000e+00   7.909421e-22   24
  8.997866e-02   3.775292e-21   0.000000e+00   4.020326e-22   48
  9.209610e-02   4.496054e-21   1.404895e-09   6.765053e-22   24
  9.619124e-02   3.157461e-21   1.404895e-09   3.823565e-22   24
  9.817477e-02   4.084154e-21   0.000000e+00   5.983341e-22   30
  1.001190e-01   2.294581e-21   0.000000e+00   1.972210e-22   72
  1.020262e-01   2.463192e-21   1.490116e-09   2.570616e-22   32
  1.057375e-01   2.516381e-21   0.000000e+00   2.156657e-22   72
  1.075451e-01   2.060370e-21   0.000000e+00   1.998394e-22   48
  1.110721e-01   1.430715e-21   0.000000e+00   3.093255e-22   12
  1.127942e-01   1.452532e-21   0.000000e+00   1.126255e-22   48
  1.144905e-01   1.590471e-21   0.000000e+00   9.678342e-23   48
  1.161620e-01   1.364136e-21   1.404895e-09   1.151294e-22   48
  1.178097e-01   1.122945e-21   1.589457e-09   1.794537e-22   30
  1.194348e-01   1.271494e-21   1.404895e-09   1.414863e-22   24
  1.210380e-01   1.110126e-21   2.961779e-09   8.361369e-23   72
  1.241824e-01   7.539599e-22   0.000000e+00   7.952577e-23   24
  1.257251e-01   8.322625e-22   0.000000e+00   5.731428e-23   96
  1.272490e-01   9.493235e-22   0.000000e+00   6.906007e-23   48
  1.287550e-01   6.200756e-22   2.433349e-09   6.105816e-23   24
  1.302436e-01   7.630342e-22   2.433349e-09   8.429960e-23   24
  1.317153e-01   7.013082e-22   0.000000e+00   4.548871e-23   72
  1.331707e-01   8.644556e-22   0.000000e+00   5.770990e-23   48
  1.360350e-01   5.366980e-22   1.490116e-09   8.200907e-23   8
  1.374447e-01   5.496276e-22   1.766064e-09   6.325723e-23   54
  1.388401e-01   5.105612e-22   0.000000e+00   3.967305e-23   84
  1.402216e-01   4.676039e-22   0.000000e+00   6.479256e-23   48
  1.415897e-01   5.547495e-22   1.986821e-09   5.073560e-23   24
  1.429446e-01   4.254453e-22   1.873193e-09   4.426116e-23   72
  1.442869e-01   4.043651e-22   0.000000e+00   3.833167e-23   96
  1.469345e-01   3.874407e-22   0.000000e+00   2.665624e-23   48
  1.482407e-01   4.532279e-22   0.000000e+00   3.958775e-23   48
  1.495354e-01   2.787695e-22   1.986821e-09   4.884376e-23   24
  1.508189e-01   3.776005e-22   0.000000e+00   2.578345e-23   72
  1.533539e-01   3.095441e-22   1.873193e-09   3.323578e-23   72
  1.546058e-01   2.659817e-22   0.000000e+00   1.699536e-23   96
  1.570796e-01   2.510085e-22   0.000000e+00   4.566760e-23   6
  1.583021e-01   2.710251e-22   0.000000e+00   2.047319e-23   96
  1.595151e-01   2.909709e-22   1.986821e-09   1.832255e-23   96
  1.607190e-01   3.261711e-22   0.000000e+00   2.591868e-23   24
  1.619140e-01   2.588853e-22   2.809790e-09   2.276435e-23   48
  1.631002e-01   1.969059e-22   0.000000e+00   1.515293e-23   96
  1.642778e-01   2.033156e-22   0.000000e+00   1.651706e-23   48
  1.666081e-01   2.308607e-22   0.000000e+00   2.501437e-23   36
  1.677611e-01   2.105345e-22   3.441276e-09   1.845649e-23   48
  1.689063e-01   1.817317e-22   3.893359e-09   1.156122e-23   120
  1.700437e-01   1.837918e-22   0.000000e+00   2.133874e-23   56
  1.711736e-01   1.913415e-22   1.986821e-09   2.894335e-23   24
  1.722960e-01   1.717412e-22   0.000000e+00   1.621987e-23   96
  1.734112e-01   1.657118e-22   0.000000e+00   1.981285e-23   48
  1.756204e-01   2.044647e-22   0.000000e+00   3.016531e-23   24
  1.767146e-01   1.428343e-22   0.000000e+00   9.755862e-24   102
  1.778021e-01   1.682696e-22   0.000000e+00   1.855878e-23   48
  1.788829e-01   1.529439e-22   0.000000e+00   1.152598e-23   72
  1.799573e-01   1.286909e-22   0.000000e+00   1.572337e-23   48
  1.810253e-01   1.552796e-22   0.000000e+00   1.479688e-23   48
  1.820871e-01   1.503006e-22   4.495664e-09   1.021953e-23   120
  1.841922e-01   1.034961e-22   2.809790e-09   1.530749e-23   24
  1.852358e-01   1.170942e-22   2.649095e-09   7.446144e-24   144
  1.862735e-01   1.143901e-22   3.178914e-09   7.068912e-24   120
  1.873055e-01   1.171336e-22   2.809790e-09   9.470622e-24   48
  1.893526e-01   1.110134e-22   2.809790e-09   9.502778e-24   48
  1.903679e-01   9.325824e-23   2.809790e-09   6.120271e-24   96
  1.930487e-01   8.100578e-23   4.711199e-04   5.865295e-24   72
  1.943761e-01   8.341421e-23   3.532127e-09   4.691966e-24   108
  1.953653e-01   8.353053e-23   0.000000e+00   6.864530e-24   72
  1.963495e-01   7.264050e-23   0.000000e+00   4.251790e-24   30
  1.973288e-01   8.518993e-23   0.000000e+00   3.882653e-24   168
  1.983033e-01   6.437002e-23   0.000000e+00   6.879312e-24   48
  2.002380e-01   7.411768e-23   0.000000e+00   6.095065e-24   72
  2.011984e-01   6.785108e-23   0.000000e+00   4.385348e-24   96
  2.021542e-01   7.806726e-23   5.298191e-09   5.317099e-24   72
  2.031055e-01   6.592723e-23   0.000000e+00   3.136281e-24   72
  2.047049e-01   6.026532e-23   4.350048e-04   4.275250e-24   104
  2.059331e-01   6.183223e-23   3.746387e-09   4.970764e-24   144
  2.087224e-01   5.839328e-23   6.282881e-09   3.129049e-24   96
  2.096439e-01   5.641386e-23   0.000000e+00   4.612338e-24   96
  2.111095e-01   6.123804e-23   4.475232e-04   3.552298e-24   120
  2.123845e-01   5.520523e-23   0.000000e+00   3.432844e-24   120
  2.132902e-01   6.287039e-23   0.000000e+00   5.365168e-24   72
  2.150901e-01   5.702364e-23   0.000000e+00   5.534242e-24   48
  2.159845e-01   6.002239e-23   4.235416e-09   4.350410e-24   78
  2.171286e-01   4.984055e-23   4.007142e-04   2.388347e-24   168
  2.195255e-01   4.833999e-23   3.746387e-09   2.995995e-24   144
  2.204018e-01   4.106321e-23   3.746387e-09   2.389605e-24   144
  2.229436e-01   4.033972e-23   2.307791e-04   2.604063e-24   156
  2.238729e-01   4.399650e-23   4.866699e-09   5.279110e-24   48
  2.247323e-01   3.990995e-23   3.178914e-09   2.292597e-24   120
  2.255884e-01   3.699934e-23   0.000000e+00   3.320835e-24   48
  2.271022e-01   3.514374e-23   3.532495e-04   1.972106e-24   216
  2.289809e-01   3.442467e-23   0.000000e+00   2.470180e-24   48
  2.298212e-01   3.524863e-23   2.809790e-09   2.399206e-24   96
  2.310160e-01   3.265973e-23   4.128272e-04   1.695524e-24   168
  2.323239e-01   2.284279e-23   2.809790e-09   2.504333e-24   48
  2.331522e-01   3.341725e-23   0.000000e+00   1.851275e-24   96
  2.339775e-01   3.707062e-23   0.000000e+00   3.282630e-24   48
  2.356194e-01   4.378648e-23   3.178914e-09   4.375364e-24   30
  2.364362e-01   2.834193e-23   2.809790e-09   1.975080e-24   96
  2.374123e-01   2.769021e-23   3.244455e-04   1.296189e-24   240
  2.386674e-01   3.092476e-23   3.500299e-04   4.278346e-24   32
  2.396752e-01   2.787823e-23   0.000000e+00   1.416862e-24   168
  2.404781e-01   2.255768e-23   0.000000e+00   1.365192e-24   120
  2.420760e-01   2.389350e-23   5.923557e-09   2.410500e-24   72
  2.428710e-01   2.273205e-23   3.746387e-09   1.284679e-24   144
  2.436634e-01   2.335777e-23   0.000000e+00   1.708871e-24   96
  2.444532e-01   2.323307e-23   0.000000e+00   1.530081e-24   96
  2.460253e-01   2.640685e-23   4.588368e-09   2.360774e-24   72
  2.468075e-01   2.114984e-23   3.973643e-09   1.821113e-24   96
  2.483647e-01   1.746374e-23   0.000000e+00   2.242877e-24   24
  2.491396e-01   1.713618e-23   0.000000e+00   8.091023e-25   192
  2.500522e-01   1.993082e-23   2.970416e-04   1.183242e-24   132
  2.514501e-01   1.646737e-23   0.000000e+00   9.332992e-25   96
  2.522156e-01   1.969589e-23   0.000000e+00   1.229763e-24   96
  2.529787e-01   1.755640e-23   3.178914e-09   1.316893e-24   120
  2.544981e-01   1.494669e-23   0.000000e+00   1.161577e-24   48
  2.557435e-01   1.919392e-23   3.599905e-04   9.003261e-25   222
  2.567603e-01   1.807153e-23   0.000000e+00   1.252559e-24   120
  2.575100e-01   2.013398e-23   4.866699e-09   2.644399e-24   24
  2.586015e-01   1.708137e-23   3.715625e-04   7.147351e-25   312
  2.609797e-01   1.259113e-23   3.483547e-04   8.430650e-25   72
  2.619630e-01   1.885791e-23   2.809790e-09   1.485699e-24   96
  2.629726e-01   1.479525e-23   3.547511e-04   7.709255e-25   192
  2.641613e-01   1.561664e-23   4.495664e-09   8.817131e-25   120
  2.648900e-01   1.331716e-23   0.000000e+00   7.892344e-25   144
  2.663415e-01   1.338374e-23   0.000000e+00   8.312595e-25   48
  2.673732e-01   1.314399e-23   3.567146e-04   5.199658e-25   336
  2.685040e-01   1.144656e-23   0.000000e+00   8.822979e-25   48
  2.699360e-01   1.324935e-23   0.000000e+00   6.002003e-25   192
  2.706492e-01   1.501726e-23   0.000000e+00   1.418793e-24   48
  2.726764e-01   1.266841e-23   2.476067e-04   9.019415e-25   56
  2.736844e-01   1.153829e-23   3.180112e-04   4.656120e-25   336
  2.748894e-01   1.418930e-23   3.532127e-09   1.055277e-24   54
  2.759390e-01   1.181005e-23   3.492904e-04   5.844179e-25   240
  2.781181e-01   1.078130e-23   3.344484e-04   5.024449e-25   228
  2.790651e-01   1.114978e-23   3.746387e-09   1.039419e-24   72
  2.799844e-01   9.680317e-24   3.244231e-04   6.829192e-25   144
  2.811298e-01   1.220050e-23   0.000000e+00   8.280639e-25   96
  2.818146e-01   9.652751e-24   4.495664e-09   3.845960e-25   240
  2.831793e-01   9.726700e-24   3.973643e-09   1.576343e-24   24
  2.840530e-01   9.056584e-24   3.064151e-04   4.212496e-25   336
  2.852142e-01   9.706712e-24   0.000000e+00   9.823038e-25   72
  2.862741e-01   9.204316e-24   3.332831e-04   5.810246e-25   168
  2.872346e-01   1.233329e-23   0.000000e+00   8.069134e-25   72
  2.885737e-01   9.587512e-24   0.000000e+00   6.854909e-25   96
  2.896108e-01   7.548208e-24   3.307829e-04   3.589739e-25   216
  2.905708e-01   8.486411e-24   3.973643e-09   5.549367e-25   96
  2.918946e-01   7.266239e-24   0.000000e+00   3.813871e-25   192
  2.925542e-01   1.006002e-23   3.746387e-09   5.075393e-25   144
  2.938691e-01   6.269703e-24   0.000000e+00   5.586671e-25   48
  2.947794e-01   7.939555e-24   3.189136e-04   3.630900e-25   246
  2.960164e-01   8.158493e-24   2.940434e-04   4.124895e-25   168
  2.971308e-01   8.363712e-24   5.506041e-09   4.726439e-25   120
  2.977788e-01   7.172772e-24   0.000000e+00   3.766420e-25   240
  2.990707e-01   7.237980e-24   3.973643e-09   1.097620e-24   24
  3.001001e-01   6.752377e-24   3.147475e-04   2.369271e-25   360
  3.013820e-01   7.699261e-24   3.134082e-04   5.229797e-25   120
  3.022763e-01   5.926629e-24   0.000000e+00   3.134839e-25   144
  3.029133e-01   5.817823e-24   0.000000e+00   3.691537e-25   96
  3.048165e-01   5.706760e-24   0.000000e+00   3.756867e-25   144
  3.054482e-01   6.364746e-24   0.000000e+00   3.968538e-25   132
  3.063360e-01   7.203991e-24   3.093292e-04   4.074429e-25   176
  3.076248e-01   5.639988e-24   3.123602e-04   2.101547e-25   312
  3.092116e-01   5.088397e-24   0.000000e+00   4.169723e-25   96
  3.098343e-01   5.069359e-24   0.000000e+00   2.668230e-25   144
  3.107899e-01   5.381867e-24   3.092271e-04   2.526728e-25   312
  3.123131e-01   5.514876e-24   0.000000e+00   4.989376e-25   48
  3.129297e-01   5.282871e-24   3.973643e-09   2.617371e-25   192
  3.141593e-01   4.180083e-24   0.000000e+00   4.375766e-25   6
  3.149762e-01   5.076018e-24   2.884066e-04   2.118734e-25   288
  3.162994e-01   5.271905e-24   3.047203e-04   2.996479e-25   192
  3.172124e-01   5.383382e-24   9.345130e-09   2.516150e-25   216
  3.178195e-01   5.368099e-24   0.000000e+00   6.079368e-25   72
  3.193321e-01   6.449892e-24   3.018264e-04   3.307598e-25   192
  3.203366e-01   4.635842e-24   2.241224e-04   1.862874e-25   288
  3.214381e-01   5.605188e-24   0.000000e+00   7.411679e-25   24
  3.222890e-01   4.566222e-24   2.952626e-04   1.483984e-25   456
  3.238280e-01   5.099514e-24   5.619580e-09   5.598737e-25   48
  3.247789e-01   3.906808e-24   2.908218e-04   1.587872e-25   240
  3.258718e-01   4.215312e-24   2.939082e-04   1.997804e-25   216
  3.267908e-01   3.536962e-24   0.000000e+00   2.819471e-25   72
  3.273801e-01   3.702381e-24   1.015467e-08   2.062040e-25   168
  3.290441e-01   3.745180e-24   2.184577e-04   1.431241e-25   288
  3.299773e-01   3.970245e-24   2.890570e-04   2.379791e-25   168
  3.314762e-01   3.441530e-24   0.000000e+00   1.759327e-25   192
  3.320572e-01   3.607530e-24   3.746387e-09   1.931577e-25   144
  3.332162e-01   5.113605e-24   0.000000e+00   6.110908e-25   36
  3.341991e-01   3.569167e-24   2.639705e-04   1.293103e-25   342
  3.351389e-01   3.430510e-24   2.710657e-04   2.245620e-25   144
  3.363470e-01   3.447250e-24   2.842800e-04   1.295003e-25   384
  3.378125e-01   3.838020e-24   7.786718e-09   2.289712e-25   120
  3.385379e-01   3.303074e-24   2.534951e-04   1.393071e-25   264
  3.395201e-01   3.374799e-24   1.256576e-08   1.705909e-25   192
  3.404451e-01   2.866825e-24   2.731894e-04   1.730419e-25   152
  3.412191e-01   2.828990e-24   7.492773e-09   2.108966e-25   144
  3.428472e-01   2.698615e-24   1.768108e-04   1.525010e-25   216
  3.436008e-01   3.263810e-24   2.362665e-04   1.423982e-25   312
  3.449274e-01   2.804841e-24   2.738281e-04   1.392879e-25   240
  3.457090e-01   3.041397e-24   3.973643e-09   2.053527e-25   96
  3.471927e-01   2.830172e-24   2.617995e-04   1.499919e-25   144
  3.481071e-01   2.674280e-24   2.573258e-04   1.012741e-25   456
  3.495904e-01   2.721021e-24   0.000000e+00   1.710199e-25   120
  3.501414e-01   2.778656e-24   0.000000e+00   1.759397e-25   144
  3.512407e-01   2.842429e-24   0.000000e+00   7.253767e-25   24
  3.519456e-01   2.721546e-24   2.473498e-04   1.122522e-25   336
  3.531645e-01   2.667958e-24   2.727931e-04   1.739408e-25   198
  3.543067e-01   2.444811e-24   2.652756e-04   8.232207e-26   432
  3.556041e-01   3.000879e-24   0.000000e+00   2.424546e-25   48
  3.562810e-01   2.553527e-24   2.341925e-04   9.454980e-26   384
  3.574963e-01   2.184021e-24   2.696052e-04   1.257934e-25   144
  3.585975e-01   2.569753e-24   2.676825e-04   1.274621e-25   264
  3.599147e-01   2.723938e-24   0.000000e+00   3.439561e-25   48
  3.607984e-01   2.451669e-24   2.545223e-04   1.024914e-25   276
  3.616510e-01   2.314957e-24   2.307176e-04   1.323262e-25   192
  3.627906e-01   2.098301e-24   2.592759e-04   6.769165e-26   552
  3.641741e-01   2.443476e-24   8.991328e-09   1.520070e-25   120
  3.649965e-01   1.920798e-24   2.624511e-04   9.919483e-26   216
  3.657587e-01   2.020524e-24   4.495664e-09   1.463867e-25   120
  3.671201e-01   2.150395e-24   2.584500e-04   8.346526e-26   408
  3.683844e-01   9.916336e-25   5.619580e-09   2.380073e-25   24
  3.691684e-01   1.943963e-24   2.610810e-04   7.934614e-26   384
  3.702633e-01   1.949487e-24   2.550855e-04   9.321528e-26   240
  3.712141e-01   2.036907e-24   2.569535e-04   1.149455e-25   168
  3.725471e-01   1.561123e-24   6.357829e-09   1.034262e-25   120
  3.734064e-01   1.820856e-24   2.678605e-04   6.981644e-26   350
  3.748037e-01   1.681171e-24   4.409502e-04   5.941759e-26   384
  3.756388e-01   1.785390e-24   0.000000e+00   1.188983e-25   144
  3.771752e-01   1.864185e-24   1.059638e-08   8.002432e-26   288
  3.779773e-01   1.608526e-24   2.524053e-04   6.844056e-26   336
  3.790686e-01   1.721487e-24   2.297941e-04   9.220015e-26   168
  3.797219e-01   1.793375e-24   4.541306e-09   6.583632e-26   336
  3.810732e-01   1.707005e-24   2.385126e-04   7.084106e-26   288
  3.818848e-01   1.724433e-24   2.247398e-04   7.499797e-26   264
  3.832590e-01   1.396044e-24   0.000000e+00   5.662514e-26   240
  3.837616e-01   1.332930e-24   7.947286e-09   1.015652e-25   96
  3.855656e-01   1.474665e-24   3.056310e-04   6.879792e-26   360
  3.864075e-01   1.392141e-24   2.253025e-04   8.647088e-26   168
  3.874713e-01   1.516839e-24   2.456032e-04   5.602149e-26   456
  3.887523e-01   1.420180e-24   7.064254e-09   9.658800e-26   108
  3.894728e-01   1.214780e-24   2.464311e-04   5.815896e-26   264
  3.903716e-01   1.398213e-24   2.198567e-04   5.508187e-26   264
  3.916025e-01   1.499028e-24   2.074668e-04   6.640006e-26   312
  3.931351e-01   1.181884e-24   1.541705e-04   5.479195e-26   270
  3.937775e-01   1.344721e-24   1.957388e-04   6.744987e-26   240
  3.949323e-01   1.357914e-24   2.421536e-04   5.641126e-26   384
  3.956334e-01   1.383313e-24   0.000000e+00   7.118130e-26   192
  3.969952e-01   1.477159e-24   1.942960e-04   7.039956e-26   240
  3.977852e-01   1.430234e-24   2.397927e-04   5.886642e-26   336
  3.992708e-01   1.215247e-24   2.413972e-04   4.216301e-26   480
  4.004761e-01   1.597341e-24   0.000000e+00   1.176828e-25   72
  4.011493e-01   1.177664e-24   2.353842e-04   6.635412e-26   240
  4.020650e-01   1.094316e-24   2.212289e-04   5.343020e-26   312
  4.031147e-01   1.304967e-24   2.390954e-04   6.865738e-26   240
  4.047009e-01   1.180797e-24   1.816506e-04   3.984992e-26   408
  4.053288e-01   1.123089e-24   1.663482e-04   5.241741e-26   336
  4.065560e-01   1.156830e-24   2.112212e-04   5.234651e-26   264
  4.071591e-01   1.041263e-24   0.000000e+00   6.729857e-26   144
  4.088370e-01   9.909116e-25   2.927651e-04   3.965520e-26   464
  4.097211e-01   1.089589e-24   2.328083e-04   6.446429e-26   168
  4.105939e-01   9.173577e-25   2.120376e-04   3.741567e-26   336
  4.121713e-01   1.023156e-24   2.227870e-04   3.739771e-26   414
  4.130606e-01   9.930058e-25   2.319080e-04   5.028754e-26   216
  4.141998e-01   1.385679e-24   5.619580e-09   9.904390e-26   96
  4.146649e-01   9.919001e-25   1.685874e-08   4.429216e-26   384
  4.162944e-01   1.036505e-24   2.314600e-04   3.327882e-26   492
  4.171676e-01   9.449250e-25   2.263480e-04   4.275595e-26   240
  4.181546e-01   1.040553e-24   2.298225e-04   4.696204e-26   312
  4.195176e-01   6.680262e-25   2.297469e-04   4.916202e-26   192
  4.203810e-01   8.329351e-25   2.226525e-04   3.024217e-26   504
  4.215265e-01   8.577443e-25   1.473998e-04   3.620324e-26   408
  4.224284e-01   7.628361e-25   4.515774e-04   4.464356e-26   168
  4.235571e-01   9.843972e-25   2.145032e-04   4.367662e-26   288
  4.245041e-01   9.750561e-25   2.238525e-04   4.036731e-26   288
  4.254743e-01   7.205553e-25   2.251410e-04   2.749927e-26   432
  4.268815e-01   8.973541e-25   2.129084e-04   5.091747e-26   216
  4.276334e-01   7.649515e-25   2.124592e-04   3.001331e-26   360
  4.289721e-01   8.031123e-25   2.073582e-04   3.488315e-26   312
  4.301803e-01   6.834174e-25   0.000000e+00   5.025047e-26   48
  4.308767e-01   7.307320e-25   2.223178e-04   2.576425e-26   432
  4.321240e-01   7.434366e-25   3.708284e-04   2.877308e-26   414
  4.328606e-01   8.439162e-25   1.956255e-08   3.384198e-26   312
  4.342347e-01   6.713238e-25   3.253813e-04   2.317723e-26   528
  4.351620e-01   7.855098e-25   1.707976e-04   3.556797e-26   264
  4.362761e-01   8.383283e-25   2.025191e-04   3.427274e-26   480
  4.377318e-01   8.344954e-25   0.000000e+00   4.079695e-26   288
  4.383604e-01   7.516119e-25   2.176005e-04   4.040335e-26   168
  4.395105e-01   7.385853e-25   3.444610e-04   3.016926e-26   504
  4.408036e-01   9.632730e-25   7.492773e-09   7.456851e-26   144
  4.416171e-01   6.409824e-25   2.212265e-04   2.403446e-26   464
  4.428396e-01   6.867027e-25   3.246624e-04   2.885199e-26   432
  4.434197e-01   7.109693e-25   5.619580e-09   4.514625e-26   192
  4.449189e-01   5.833779e-25   2.406833e-04   2.513147e-26   396
  4.458042e-01   6.158116e-25   2.162000e-04   3.093296e-26   288
  4.466990e-01   6.141996e-25   2.135686e-04   2.346621e-26   336
  4.481283e-01   6.208189e-25   1.352359e-04   2.509423e-26   432
  4.490354e-01   6.488752e-25   3.505126e-04   2.961146e-26   360
  4.500539e-01   6.943276e-25   2.073334e-04   3.371467e-26   384
  4.515004e-01   5.468287e-25   1.830116e-04   3.825412e-26   198
  4.521974e-01   6.161805e-25   2.080246e-04   2.051901e-26   552
  4.534970e-01   5.938045e-25   2.912202e-04   2.594432e-26   432
  4.545821e-01   6.367231e-25   0.000000e+00   4.360907e-26   168
  4.554927e-01   6.035128e-25   3.610065e-04   2.446799e-26   480
  4.566974e-01   6.042183e-25   0.000000e+00   4.245352e-26   120
  4.572396e-01   5.741767e-25   2.948545e-04   2.829470e-26   336
  4.585628e-01   5.648550e-25   2.080152e-04   2.097591e-26   672
  4.598711e-01   6.096954e-25   3.025866e-04   2.228417e-26   528
  4.604805e-01   4.725486e-25   9.082613e-09   2.988631e-26   168
  4.618883e-01   5.677149e-25   3.375333e-04   2.559852e-26   456
  4.627474e-01   5.444808e-25   2.061344e-04   3.172598e-26   168
  4.636392e-01   5.837141e-25   2.057643e-04   2.187134e-26   504
  4.651216e-01   4.239039e-25   2.647872e-04   2.083702e-26   336
  4.660180e-01   5.428214e-25   1.908802e-04   2.917390e-26   312
  4.670124e-01   4.902258e-25   1.865029e-04   2.334693e-26   504
  4.683210e-01   4.552039e-25   1.294009e-04   1.971691e-26   432
  4.689362e-01   4.888040e-25   1.999672e-04   1.854309e-26   312
  4.702151e-01   4.486351e-25   2.049761e-04   2.173153e-26   384
  4.715504e-01   4.418981e-25   1.741510e-04   4.041710e-26   126
  4.723748e-01   4.643915e-25   3.057676e-04   1.906153e-26   492
  4.734278e-01   4.757632e-25   1.958445e-04   1.918116e-26   528
  4.747438e-01   4.433165e-25   1.989360e-04   1.901070e-26   480
  4.755596e-01   5.079477e-25   2.748289e-04   2.007776e-26   432
  4.767402e-01   4.563517e-25   2.161166e-04   2.080301e-26   440
  4.781114e-01   4.976874e-25   1.074739e-04   2.448698e-26   312
  4.786259e-01   4.434076e-25   1.610586e-04   1.935633e-26   480
  4.796813e-01   4.544348e-25   3.153497e-04   1.825016e-26   408
  4.812233e-01   5.628404e-25   1.888588e-04   2.756222e-26   360
  4.818747e-01   4.392226e-25   1.822418e-04   2.084904e-26   408
  4.830820e-01   3.538195e-25   1.854542e-04   1.490415e-26   456
  4.844414e-01   4.605250e-25   1.772485e-04   2.708571e-26   264
  4.851959e-01   4.321465e-25   1.923591e-04   1.916008e-26   384
  4.862943e-01   4.035346e-25   3.238501e-04   1.433355e-26   672
  4.875640e-01   4.223654e-25   1.937042e-04   2.632137e-26   240
  4.882967e-01   3.833408e-25   1.965613e-04   1.865607e-26   264
  4.893308e-01   3.225567e-25   2.424259e-04   1.308228e-26   624
  4.908739e-01   2.921452e-25   0.000000e+00   2.278709e-26   150
  4.914232e-01   4.148109e-25   2.716574e-04   1.579107e-26   600
  4.925819e-01   3.887137e-25   1.874909e-04   1.468750e-26   672
  4.938939e-01   3.548457e-25   1.763484e-04   1.814297e-26   336
  4.946248e-01   4.020046e-25   1.918157e-04   1.864890e-26   408
  4.957926e-01   3.635368e-25   1.913639e-04   1.564321e-26   408
  4.970915e-01   4.186844e-25   9.676385e-05   2.112174e-26   360
  4.978921e-01   3.728510e-25   3.552857e-04   1.770713e-26   456
  4.988592e-01   3.567952e-25   1.932065e-04   2.068306e-26   384
  5.000902e-01   3.068993e-25   1.783541e-04   1.929065e-26   348
  5.007554e-01   3.576069e-25   2.198754e-04   1.505685e-26   576
  5.020050e-01   3.628517e-25   1.810385e-04   1.551592e-26   504
  5.032833e-01   3.420948e-25   2.553443e-04   1.691346e-26   432
  5.043991e-01   3.935546e-25   3.473946e-04   1.612541e-26   576
  5.051948e-01   3.030839e-25   0.000000e+00   2.061260e-26   264
  5.064571e-01   3.265258e-25   2.764393e-04   1.246209e-26   768
  5.075549e-01   2.295505e-25   3.721752e-04   1.260823e-26   240
  5.084277e-01   3.494495e-25   3.282233e-04   2.746654e-26   192
  5.096990e-01   3.192527e-25   2.416124e-04   1.343254e-26   504
  5.106418e-01   3.858380e-25   3.255818e-04   1.477452e-26   590
  5.115460e-01   3.446532e-25   3.647966e-04   1.715764e-26   384
  5.126798e-01   2.944143e-25   3.048625e-04   1.372713e-26   504
  5.140486e-01   3.075353e-25   2.933830e-04   1.300587e-26   648
  5.153764e-01   2.877199e-25   7.967896e-05   1.290755e-26   504
  5.159117e-01   3.223708e-25   1.817627e-04   2.336868e-26   312
  5.168569e-01   3.119578e-25   2.618753e-04   1.238172e-26   576
  5.181545e-01   2.971413e-25   1.822405e-04   2.224960e-26   240
  5.189109e-01   2.988709e-25   1.841453e-04   1.230303e-26   552
  5.199816e-01   3.219774e-25   1.729082e-04   1.428499e-26   600
  5.215067e-01   2.793090e-25   2.111937e-04   1.257554e-26   600
  5.224237e-01   2.852139e-25   3.382099e-04   1.405088e-26   312
  5.233368e-01   3.256014e-25   2.945474e-04   1.609729e-26   480
  5.244775e-01   2.421825e-25   1.837693e-04   1.084854e-26   576
  5.254818e-01   2.989066e-25   2.959085e-04   1.397792e-26   408
  5.263729e-01   1.628048e-25   3.451909e-04   1.006912e-26   216
  5.275243e-01   3.156477e-25   2.643774e-04   1.240764e-26   516
  5.287578e-01   2.909202e-25   2.522429e-04   1.113483e-26   744
  5.300304e-01   3.137549e-25   1.684760e-04   1.524318e-26   462
  5.307494e-01   2.075284e-25   1.712315e-04   1.330664e-26   432
  5.318647e-01   2.228955e-25   1.588547e-04   7.602174e-27   648
  5.331761e-01   2.207327e-25   2.324340e-04   1.067942e-26   528
  5.342295e-01   2.961536e-25   2.799086e-04   1.312612e-26   600
  5.352820e-01   3.652730e-25   3.528915e-04   1.799960e-26   240
  5.363014e-01   2.491380e-25   2.703115e-04   1.106585e-26   720
  5.374863e-01   2.747031e-25   2.138653e-04   1.047811e-26   720
  5.387997e-01   1.329642e-25   0.000000e+00   9.605836e-27   144
  5.394909e-01   2.748613e-25   2.757364e-04   1.014029e-26   720
  5.404742e-01   2.477984e-25   1.653370e-04   1.473271e-26   384
  5.417051e-01   2.284718e-25   1.832848e-04   8.726087e-27   672
  5.428730e-01   2.524684e-25   3.209115e-04   1.459253e-26   336
  5.434308e-01   2.570149e-25   0.000000e+00   1.726687e-26   288
  5.447967e-01   2.100692e-25   2.539800e-04   8.164607e-27   776
  5.460612e-01   2.067360e-25   2.173184e-04   9.632111e-27   720
  5.471231e-01   1.989288e-25   1.750659e-04   1.031064e-26   432
  5.479725e-01   2.158695e-25   2.495786e-04   9.450731e-27   504
  5.489174e-01   2.269479e-25   1.748652e-04   1.059939e-26   528
  5.502396e-01   2.127187e-25   2.382437e-04   1.245336e-26   438
  5.513273e-01   2.358582e-25   2.772938e-04   1.122591e-26   624
  5.521470e-01   2.463724e-25   3.396475e-04   1.667054e-26   312
  5.532738e-01   2.694810e-25   1.829935e-04   1.097463e-26   696
  5.544390e-01   2.115767e-25   1.655760e-04   1.009457e-26   552
  5.556509e-01   2.334282e-25   1.281006e-04   1.183862e-26   516
  5.564006e-01   2.494199e-25   2.558713e-04   1.098495e-26   528
  5.573133e-01   1.574005e-25   1.664001e-04   7.898237e-27   528
  5.586097e-01   2.016386e-25   2.194479e-04   8.572641e-27   864
  5.594897e-01   2.351506e-25   3.005985e-04   1.559952e-26   408
  5.603706e-01   2.757558e-25   2.978186e-04   2.046617e-26   192
  5.616191e-01   1.808847e-25   2.464592e-04   7.228544e-27   720
  5.626731e-01   1.948456e-25   2.272475e-04   7.269880e-27   696
  5.639255e-01   1.908983e-25   2.454294e-04   8.015524e-27   720
  5.650713e-01   2.299253e-25   3.326501e-04   1.125402e-26   432
  5.657395e-01   1.476113e-25   1.958109e-04   8.349290e-27   264
  5.669418e-01   1.939851e-25   2.704061e-04   9.421258e-27   672
  5.680171e-01   1.809294e-25   2.768544e-04   7.861986e-27   600
  5.692933e-01   1.173971e-25   1.620980e-04   9.808307e-27   270
  5.699366e-01   1.728686e-25   2.440026e-04   9.724485e-27   528
  5.709591e-01   1.953010e-25   1.670843e-04   7.941089e-27   840
  5.723613e-01   1.939777e-25   3.194952e-04   7.667039e-27   888
  5.736568e-01   1.676857e-25   2.380474e-04   7.491833e-27   744
  5.747517e-01   1.880745e-25   1.223216e-04   8.427897e-27   456
  5.752963e-01   2.721129e-25   1.671601e-04   1.364809e-26   360
  5.762282e-01   1.387314e-25   1.448348e-04   8.519193e-27   384
  5.776580e-01   1.922726e-25   2.323137e-04   9.149413e-27   816
  5.787308e-01   1.757177e-25   3.370546e-04   8.442178e-27   824
  5.800348e-01   1.690893e-25   1.566791e-04   1.007655e-26   360
  5.807331e-01   1.949494e-25   2.311994e-04   1.068931e-26   624
  5.816941e-01   2.279480e-25   1.562320e-04   1.418325e-26   360
  5.829744e-01   1.542697e-25   2.125215e-04   7.673847e-27   876
  5.841306e-01   1.470020e-25   2.524119e-04   7.082270e-27   696
  5.852967e-01   1.267261e-25   1.629911e-04   6.972103e-27   336
  5.859080e-01   1.769302e-25   1.628079e-04   1.076595e-26   504
  5.869176e-01   1.286352e-25   1.642187e-04   6.476871e-27   672
  5.884155e-01   1.387198e-25   3.269213e-04   5.137030e-27   720
  5.894543e-01   1.453848e-25   2.469541e-04   6.860522e-27   774
  5.906010e-01   1.633820e-25   1.413501e-04   1.166912e-26   384
  5.912015e-01   1.612981e-25   2.720183e-04   8.541791e-27   528
  5.921335e-01   1.515943e-25   2.592486e-04   6.639098e-27   744
  5.936327e-01   1.636851e-25   2.138251e-04   6.775349e-27   768
  5.946281e-01   1.301083e-25   2.400348e-04   8.236627e-27   552
  5.958700e-01   1.373111e-25   2.616108e-04   6.422164e-27   696
  5.967938e-01   1.731841e-25   3.179026e-04   1.068537e-26   408
  5.975272e-01   1.544034e-25   1.373364e-04   8.128993e-27   504
  5.986899e-01   1.524981e-25   2.467198e-04   5.632473e-27   888
  5.998339e-01   1.266157e-25   2.564132e-04   6.131879e-27   648
  6.010230e-01   1.451675e-25   2.542153e-04   7.222528e-27   648
  6.021418e-01   1.410617e-25   2.741064e-04   6.765380e-27   792
  6.033268e-01   1.230904e-25   4.010364e-04   7.649454e-27   600
  6.042000e-01   9.659795e-26   2.717856e-04   4.925384e-27   456
  6.051191e-01   1.279754e-25   1.324567e-04   6.767987e-27   648
  6.062996e-01   1.211199e-25   2.583099e-04   4.925588e-27   936
  6.075741e-01   1.622879e-25   1.586356e-04   9.322485e-27   384
  6.086836e-01   1.167919e-25   1.334798e-08   9.640506e-27   198
  6.095398e-01   1.121410e-25   4.024720e-04   4.156864e-27   1224
  6.104634e-01   1.399603e-25   2.931235e-04   7.591220e-27   420
  6.115558e-01   1.089026e-25   2.836822e-04   4.568103e-27   792
  6.126238e-01   1.180410e-25   2.345810e-04   5.545194e-27   680
  6.138428e-01   1.057344e-25   2.154033e-04   5.420195e-27   600
  6.148235e-01   1.207719e-25   3.123938e-04   5.398294e-27   840
  6.161330e-01   1.024627e-25   1.474979e-04   5.738788e-27   432
  6.166334e-01   1.188438e-25   1.382249e-04   5.994286e-27   720
  6.177213e-01   1.062953e-25   2.768404e-04   3.979291e-27   960
  6.190745e-01   1.043424e-25   2.467829e-04   6.346072e-27   528
  6.200634e-01   9.996232e-26   2.522592e-04   5.474153e-27   624
  6.212404e-01   1.247346e-25   1.982740e-04   5.414443e-27   816
  6.224086e-01   9.531950e-26   3.260658e-04   4.236197e-27   696
  6.236996e-01   8.476408e-26   2.202416e-08   5.846624e-27   240
  6.241851e-01   1.027186e-25   1.922888e-04   5.577811e-27   672
  6.252686e-01   1.000134e-25   3.436476e-04   4.416650e-27   864
  6.264840e-01   7.429646e-26   2.636938e-04   3.667557e-27   816
  6.275795e-01   8.448238e-26   1.509292e-04   4.151723e-27   648
  6.287594e-01   1.074645e-25   1.542771e-04   4.439886e-27   843
  6.297611e-01   8.639571e-26   2.775825e-04   4.024483e-27   780
  6.309548e-01   8.357364e-26   1.489456e-04   8.855334e-27   216
  6.316911e-01   9.126842e-26   3.591661e-04   3.539148e-27   1056
  6.328235e-01   7.289062e-26   2.938382e-04   4.854568e-27   228
  6.338720e-01   9.233948e-26   3.658358e-04   4.067241e-27   924
  6.349484e-01   8.400468e-26   1.357046e-04   3.389687e-27   696
  6.360882e-01   8.185785e-26   2.415153e-04   4.169217e-27   996
  6.372543e-01   6.338900e-26   1.425858e-04   3.802079e-27   576
  6.384675e-01   7.024550e-26   2.200718e-04   4.137873e-27   552
  6.393519e-01   9.887267e-26   2.627580e-04   5.891245e-27   516
  6.402494e-01   8.366590e-26   3.821047e-04   4.402858e-27   744
  6.412749e-01   5.371923e-26   1.874451e-04   2.956526e-27   576
  6.421669e-01   7.005632e-26   1.929285e-04   3.643987e-27   792
  6.434346e-01   7.082446e-26   2.205530e-04   3.686537e-27   792
  6.443636e-01   7.298968e-26   2.378641e-04   3.726511e-27   720
  6.456200e-01   6.508587e-26   2.711104e-04   3.046223e-27   656
  6.467974e-01   6.010673e-26   2.960385e-04   2.656710e-27   816
  6.480043e-01   6.330706e-26   1.596190e-04   4.534447e-27   492
  6.486903e-01   6.846981e-26   2.296231e-04   3.846060e-27   552
  6.499778e-01   5.392404e-26   3.992867e-04   3.595762e-27   780
  6.508139e-01   6.873259e-26   2.452771e-04   3.763832e-27   528
  6.517148e-01   4.687983e-26   2.863130e-04   2.172365e-27   600
  6.530425e-01   6.805427e-26   2.379487e-04   3.142501e-27   900
  6.539577e-01   5.574083e-26   1.317325e-04   2.940277e-27   696
  6.552168e-01   5.264218e-26   3.330907e-04   2.626075e-27   696
  6.564349e-01   4.570071e-26   1.351317e-04   2.192859e-27   552
  6.574592e-01   5.122971e-26   1.571457e-04   2.719486e-27   708
  6.585322e-01   4.652171e-26   2.594565e-04   2.123815e-27   876
  6.596487e-01   5.478359e-26   1.377663e-04   4.708575e-27   216
  6.603980e-01   5.661770e-26   3.768094e-04   2.187570e-27   1032
  6.615201e-01   4.307709e-26   4.195357e-04   2.392048e-27   600
  6.626848e-01   3.785941e-26   2.001869e-04   2.413301e-27   600
  6.635732e-01   4.294804e-26   3.535112e-04   1.996635e-27   528
  6.646233e-01   4.933228e-26   1.940622e-04   2.524061e-27   732
  6.657296e-01   4.693833e-26   1.432973e-04   3.586840e-27   336
  6.670031e-01   4.442748e-26   2.042271e-04   2.207630e-27   912
  6.679548e-01   3.590000e-26   2.049821e-04   1.896399e-27   624
  6.689946e-01   4.366262e-26   1.727341e-04   1.901470e-27   768
  6.702082e-01   4.192064e-26   3.116463e-04   1.653682e-27   792
  6.713995e-01   3.971573e-26   1.545014e-04   2.039370e-27   660
  6.722471e-01   3.979729e-26   2.276826e-04   2.421754e-27   504
  6.731238e-01   3.245245e-26   3.719898e-04   1.791964e-27   480
  6.744376e-01   2.784293e-26   3.440421e-04   1.044859e-27   912
  6.754664e-01   3.441028e-26   3.831443e-04   2.045645e-27   432
  6.764380e-01   3.606965e-26   2.275021e-04   1.879704e-27   564
  6.773006e-01   3.659889e-26   2.177508e-04   1.538196e-27   600
  6.785149e-01   3.840922e-26   3.035240e-04   1.517057e-27   876
  6.794272e-01   3.978547e-26   1.364735e-04   2.906999e-27   264
  6.806846e-01   3.508470e-26   2.648123e-04   2.098523e-27   560
  6.816953e-01   3.037160e-26   1.799457e-04   1.365093e-27   840
  6.829222e-01   2.580623e-26   2.774244e-04   1.071511e-27   1008
  6.840568e-01   2.253596e-26   1.241010e-04   1.209388e-27   456
  6.850930e-01   3.337062e-26   1.607553e-04   1.757564e-27   576
  6.860509e-01   3.420322e-26   2.470177e-04   2.036294e-27   612
  6.873140e-01   3.048063e-26   2.206269e-04   1.488447e-27   780
  6.883444e-01   2.973907e-26   2.528284e-04   1.589200e-27   648
  6.893992e-01   3.412392e-26   1.178213e-04   2.655517e-27   312
  6.900734e-01   2.225304e-26   2.993645e-04   1.213526e-27   528
  6.912414e-01   2.188635e-26   3.909551e-04   8.185049e-28   720
  6.923583e-01   2.472552e-26   3.921794e-04   1.474833e-27   576
  6.937124e-01   2.199193e-26   3.383053e-04   1.231071e-27   444
  6.945549e-01   2.742089e-26   3.317685e-04   1.095565e-27   996
  6.955874e-01   2.112629e-26   2.771265e-04   1.358242e-27   432
  6.965633e-01   2.981696e-26   3.033990e-04   1.732411e-27   504
  6.974062e-01   1.637143e-26   1.367883e-04   8.337737e-28   504
  6.986065e-01   2.323234e-26   2.692009e-04   8.150893e-28   876
  6.996926e-01   2.036780e-26   3.098246e-04   9.696708e-28   504
  7.008236e-01   1.727753e-26   1.975899e-04   8.334945e-28   696
  7.017583e-01   2.060265e-26   1.689187e-04   1.028578e-27   492
  7.030300e-01   1.764964e-26   2.418152e-04   9.385955e-28   432
  7.039719e-01   2.150720e-26   2.264335e-04   9.175418e-28   768
  7.050885e-01   2.170764e-26   2.820533e-04   1.130601e-27   648
  7.061547e-01   1.754616e-26   1.840095e-04   9.688437e-28   456
  7.073798e-01   1.904658e-26   2.530430e-04   8.786561e-28   552
  7.082306e-01   1.817663e-26   1.734358e-04   8.309718e-28   648
  7.094016e-01   1.637402e-26   2.826907e-04   6.433143e-28   840
  7.105454e-01   1.576273e-26   1.348092e-04   7.898130e-28   432
  7.116906e-01   1.748055e-26   1.651183e-04   9.639615e-28   600
  7.124870e-01   2.130624e-26   1.759227e-04   1.242612e-27   432
  7.138248e-01   2.100646e-26   1.751482e-04   1.041512e-27   560
  7.147308e-01   1.445240e-26   2.772412e-04   5.708051e-28   840
  7.158652e-01   1.638701e-26   1.642140e-04   9.435624e-28   504
  7.167662e-01   1.403274e-26   3.351509e-04   6.203648e-28   696
  7.180362e-01   1.873675e-26   1.830475e-04   1.069849e-27   384
  7.190254e-01   1.258700e-26   2.681431e-04   5.572091e-28   576
  7.202219e-01   1.336226e-26   1.654845e-04   8.332081e-28   360
  7.211864e-01   1.639079e-26   2.464465e-04   7.865842e-28   828
  7.222268e-01   1.307817e-26   2.195064e-04   7.161583e-28   372
  7.231800e-01   1.441461e-26   3.352284e-04   5.973134e-28   576
  7.244428e-01   1.680286e-26   1.403933e-04   7.844249e-28   636
  7.253425e-01   1.477658e-26   2.706420e-04   7.081605e-28   648
  7.265596e-01   1.211829e-26   2.200024e-04   5.460535e-28   576
  7.274333e-01   1.277081e-26   3.548870e-04   5.866481e-28   528
  7.285953e-01   1.246935e-26   1.517289e-04   7.087556e-28   360
  7.295571e-01   1.029874e-26   3.490332e-04   4.590240e-28   672
  7.308130e-01   1.595663e-26   1.787806e-04   7.544210e-28   804
  7.318582e-01   1.386579e-26   1.972163e-04   7.912915e-28   408
  7.330145e-01   1.253525e-26   1.219011e-04   7.450740e-28   384
  7.337931e-01   1.004440e-26   2.789567e-04   6.331884e-28   480
  7.348913e-01   1.076925e-26   1.802469e-04   6.505064e-28   432
  7.359446e-01   1.505219e-26   3.321566e-04   6.015144e-28   648
  7.371913e-01   1.201607e-26   2.061016e-04   6.032883e-28   624
  7.381033e-01   1.044378e-26   1.874668e-04   5.326937e-28   456
  7.393486e-01   1.012556e-26   2.560963e-04   4.801735e-28   588
  7.401831e-01   9.558974e-27   1.633884e-04   4.381214e-28   600
  7.414016e-01   1.086031e-26   2.548458e-04   4.999664e-28   708
  7.423640e-01   1.287075e-26   1.605479e-04   7.680366e-28   360
  7.434275e-01   1.246760e-26   1.845541e-04   7.250603e-28   552
  7.444470e-01   7.726675e-27   1.294691e-04   6.058488e-28   288
  7.454820e-01   1.021313e-26   2.434372e-04   5.501104e-28   528
  7.464545e-01   1.150906e-26   1.642340e-04   7.308567e-28   456
  7.475410e-01   1.007382e-26   2.912225e-04   5.135800e-28   608
  7.486338e-01   8.533194e-27   1.408967e-04   4.227810e-28   504
  7.498278e-01   7.517155e-27   3.024972e-04   4.251605e-28   540
  7.507642e-01   1.096025e-26   3.247222e-04   6.748076e-28   360
  7.517735e-01   1.279116e-26   1.470509e-04   7.118319e-28   540
  7.526661e-01   8.227292e-27   1.262606e-04   4.154067e-28   576
  7.539642e-01   8.231126e-27   2.927555e-04   3.804138e-28   588
  7.551985e-01   8.877887e-27   4.039143e-04   4.767032e-28   672
  7.562588e-01   9.084608e-27   3.087151e-04   4.546921e-28   552
  7.571135e-01   7.873537e-27   3.088712e-04   7.712845e-28   144
  7.582042e-01   8.849315e-27   2.624178e-04   4.816860e-28   600
  7.592383e-01   6.875616e-27   3.288668e-04   3.912677e-28   504
  7.603860e-01   7.952380e-27   3.378126e-04   6.112132e-28   336
  7.615932e-01   6.637462e-27   3.797028e-04   2.957098e-28   600
  7.626744e-01   6.245089e-27   2.450478e-04   3.389172e-28   636
  7.638413e-01   9.152121e-27   1.970206e-04   6.798086e-28   384
  7.646595e-01   9.040157e-27   2.748205e-04   5.180636e-28   504
  7.658387e-01   7.987937e-27   1.153383e-04   6.068352e-28   240
  7.667694e-01   8.351625e-27   2.709461e-04   4.270833e-28   744
  7.678860e-01   6.183043e-27   1.850150e-04   3.103717e-28   648
  7.688783e-01   1.193729e-26   1.228185e-04   1.005557e-27   120
  7.700414e-01   6.697056e-27   1.929319e-04   3.797103e-28   564
  7.709202e-01   8.232296e-27   3.030111e-04   5.145831e-28   432
  7.720932e-01   5.531600e-27   2.351965e-04   2.720117e-28   480
  7.729764e-01   4.143464e-27   1.731106e-04   2.413507e-28   456
  7.740189e-01   7.008255e-27   2.864725e-04   3.713545e-28   444
  7.752020e-01   5.215159e-27   4.383180e-04   3.022420e-28   528
  7.762412e-01   9.074989e-27   3.255297e-04   7.520400e-28   264
  7.772498e-01   6.391388e-27   3.336195e-04   5.122121e-28   444
  7.786065e-01   6.677155e-27   3.654311e-04   3.157527e-28   696
  7.797327e-01   7.822018e-27   1.954448e-04   5.371269e-28   384
  7.805563e-01   5.166525e-27   2.469609e-04   2.815889e-28   432
  7.818373e-01   6.838803e-27   1.706384e-04   4.119769e-28   488
  7.826690e-01   6.912289e-27   2.571733e-04   3.763334e-28   480
  7.838749e-01   6.484292e-27   2.868014e-04   4.260645e-28   480
  7.848089e-01   3.904334e-27   1.203331e-04   2.003578e-28   240
  7.858692e-01   6.736340e-27   2.810886e-04   5.168429e-28   600
  7.868694e-01   4.537953e-27   2.449399e-04   3.844490e-28   288
  7.879343e-01   5.422760e-27   2.356143e-04   2.971888e-28   480
  7.890129e-01   4.120707e-27   4.191157e-04   2.968006e-28   504
  7.900748e-01   5.301311e-27   1.798267e-04   3.869792e-28   216
  7.914291e-01   5.610839e-27   2.944050e-04   2.998239e-28   504
  7.924838e-01   5.011070e-27   2.367912e-04   3.790948e-28   456
  7.936384e-01   5.705565e-27   1.358038e-04   2.953783e-28   384
  7.944031e-01   6.071525e-27   2.756326e-04   3.480921e-28   480
  7.954897e-01   4.178918e-27   2.420363e-04   2.809406e-28   504
  7.964966e-01   5.303869e-27   1.535327e-04   3.638912e-28   312
  7.975815e-01   4.521954e-27   2.474127e-04   2.946340e-28   492
  7.985417e-01   5.717631e-27   2.318919e-04   4.679062e-28   312
  7.997779e-01   3.850099e-27   3.766899e-04   2.190129e-28   576
  8.008661e-01   4.653995e-27   3.477153e-04   3.105020e-28   336
  8.017699e-01   3.112132e-27   2.677247e-04   2.723076e-28   240
  8.030228e-01   4.428835e-27   3.549351e-04   2.301196e-28   468
  8.041047e-01   4.789657e-27   2.222407e-04   4.294652e-28   192
  8.052370e-01   3.414047e-27   2.229031e-04   2.494164e-28   324
  8.060669e-01   4.435382e-27   1.617794e-04   2.659284e-28   600
  8.071978e-01   4.707024e-27   2.624704e-04   2.929494e-28   456
  8.080377e-01   4.352728e-27   1.180592e-04   3.747414e-28   336
  8.094297e-01   5.208180e-27   3.535027e-04   3.193166e-28   612
  8.104424e-01   2.691738e-27   2.966749e-04   3.140904e-28   144
  8.114002e-01   4.466469e-27   3.462957e-04   2.575660e-28   552
  8.127025e-01   2.256363e-27   1.363755e-04   1.444303e-28   264
  8.134384e-01   4.666089e-27   3.157441e-04   3.781785e-28   336
  8.145992e-01   2.701094e-27   2.086329e-04   2.018199e-28   384
  8.156059e-01   4.383984e-27   1.174397e-04   4.423459e-28   216
  8.167203e-01   2.698760e-27   2.489964e-04   2.064687e-28   344
  8.177364e-01   2.641774e-27   3.715143e-04   1.843729e-28   408
  8.189746e-01   2.957728e-27   2.854845e-04   2.418079e-28   264
  8.200718e-01   4.011587e-27   3.979796e-04   2.601024e-28   612
  8.211681e-01   4.584568e-27   2.048307e-04   3.043548e-28   408
  8.222956e-01   3.313552e-27   2.051251e-04   2.398297e-28   444
  8.231239e-01   6.288597e-27   1.147249e-04   5.667613e-28   120
  8.242338e-01   4.015640e-27   3.169640e-04   3.019894e-28   336
  8.250576e-01   2.995168e-27   1.101437e-04   2.520181e-28   288
  8.261708e-01   3.111983e-27   3.427692e-04   1.788852e-28   552
  8.277012e-01   3.915586e-27   1.835347e-08   5.771116e-28   72
  8.284882e-01   2.502062e-27   3.404572e-04   1.988246e-28   504
  8.294074e-01   1.364866e-27   1.095558e-04   1.525244e-28   216
  8.305983e-01   2.206797e-27   1.956043e-04   1.644370e-28   312
  8.316675e-01   2.247918e-27   2.227263e-04   1.562122e-28   336
  8.326865e-01   1.831533e-27   3.087236e-04   1.554446e-28   204
  8.337014e-01   3.606002e-27   3.587838e-04   2.192113e-28   504
  8.347777e-01   3.840658e-27   3.416652e-04   2.844170e-28   396
  8.358127e-01   3.460017e-27   3.133249e-04   3.031939e-28   312
  8.370674e-01   4.905316e-27   1.914750e-04   3.874039e-28   216
  8.379516e-01   2.651986e-27   1.039172e-04   2.000641e-28   168
  8.390260e-01   2.550884e-27   2.623966e-04   1.435599e-28   588
  8.402521e-01   2.025182e-27   3.561727e-04   3.143732e-28   240
  8.412047e-01   2.158713e-27   3.145601e-04   3.193859e-28   264
  8.423219e-01   2.178493e-27   3.890183e-04   2.060307e-28   288
  8.433131e-01   2.315028e-27   1.942596e-04   2.238157e-28   288
  8.445693e-01   1.998839e-27   1.824406e-04   1.841748e-28   288
  8.454153e-01   1.424295e-27   2.113423e-04   1.012917e-28   192
  8.464795e-01   1.515943e-27   2.248894e-04   1.518373e-28   264
  8.474933e-01   4.687137e-27   3.699119e-04   3.294493e-28   372
  8.485844e-01   3.449610e-27   3.995208e-04   2.737647e-28   360
  8.499161e-01   3.698889e-27   1.690810e-04   5.038131e-28   144
  8.506044e-01   1.545560e-27   2.348461e-04   1.394219e-28   296
  8.516909e-01   2.335951e-27   2.530345e-04   2.582267e-28   288
  8.529347e-01   1.681237e-27   3.781537e-04   1.201838e-28   480
  8.540076e-01   1.908085e-27   3.142096e-04   2.920794e-28   192
  8.550509e-01   2.393768e-27   3.370327e-04   2.488603e-28   192
  8.559992e-01   1.887416e-27   2.147949e-04   1.966384e-28   288
  8.573180e-01   8.132947e-28   1.869760e-04   8.831651e-29   108
  8.579823e-01   2.343754e-27   1.797545e-04   2.131770e-28   240
  8.591554e-01   1.159726e-27   3.353363e-04   1.120217e-28   384
  8.603605e-01   2.113637e-27   4.090723e-04   3.084298e-28   108
  8.614261e-01   3.359522e-27   2.398466e-04   2.440113e-28   348
  8.625466e-01   2.072629e-27   2.503134e-04   1.917268e-28   312
  8.635474e-01   1.810025e-27   2.432319e-04   4.078360e-28   96
  8.644677e-01   1.722570e-27   3.238194e-04   1.614635e-28   384
  8.654984e-01   1.820311e-27   2.227222e-04   2.343332e-28   144
  8.665066e-01   1.661826e-27   3.422225e-04   1.340545e-28   408
  8.677598e-01   9.139908e-28   1.526554e-04   1.194578e-28   144
  8.689437e-01   1.942639e-27   2.934816e-04   2.369920e-28   192
  8.696459e-01   1.657053e-27   3.303190e-04   1.610761e-28   144
  8.707904e-01   7.360116e-28   2.685615e-04   6.410677e-29   144
  8.718702e-01   1.468201e-27   3.282257e-04   1.170335e-28   336
  8.731927e-01   7.819370e-28   2.428454e-04   7.131136e-29   240
  8.740312e-01   1.441329e-27   1.102739e-04   2.033940e-28   96
  8.752007e-01   2.272810e-27   3.233803e-04   2.223549e-28   372
  8.763838e-01   2.197295e-27   3.846540e-04   4.812061e-28   132
  8.774230e-01   8.097960e-28   2.380193e-04   6.654358e-29   264
  8.783527e-01   1.689872e-27   1.827880e-04   2.639589e-28   168
  8.793449e-01   1.490535e-27   2.922429e-04   1.640412e-28   216
  8.802213e-01   1.211139e-27   1.787978e-04   1.828217e-28   216
  8.814979e-01   4.934895e-28   3.280196e-04   3.682066e-29   96
  8.826561e-01   1.822768e-27   2.140028e-04   2.671795e-28   120
  8.837183e-01   9.231075e-28   2.720578e-04   1.058850e-28   216
  8.845934e-01   9.199875e-28   1.188902e-04   8.823389e-29   200
  8.857519e-01   1.071229e-27   3.077557e-04   1.176662e-28   288
  8.872378e-01   5.154177e-28   8.097649e-05   6.438622e-29   144
  8.878635e-01   1.132177e-27   2.519939e-04   1.419784e-28   168
  8.891412e-01   2.237292e-27   2.835956e-04   4.849329e-28   159
  8.901386e-01   7.977953e-28   2.975600e-04   8.349085e-29   174
  8.911039e-01   6.313037e-28   2.698170e-04   5.364575e-29   144
  8.923678e-01   9.208247e-28   1.557998e-04   8.771165e-29   222
  8.932131e-01   8.601743e-28   1.572158e-04   1.185053e-28   168
  8.946732e-01   3.379578e-27   3.448346e-04   1.565586e-27   30
  8.952763e-01   3.232911e-28   3.044637e-04   4.050160e-29   72
  8.964123e-01   7.458083e-28   2.717302e-04   8.510471e-29   258
  8.976612e-01   5.914553e-28   1.701916e-04   3.885568e-29   264
  8.982857e-01   5.385242e-28   0.000000e+00   9.330591e-29   72
  8.995871e-01   4.803256e-28   3.373270e-04   9.286461e-29   174
  9.007654e-01   5.668158e-28   3.591909e-04   6.517564e-29   168
  9.017127e-01   2.669569e-28   1.123916e-08   2.724494e-29   48
  9.027297e-01   3.790412e-28   2.028435e-04   4.342458e-29   150
  9.039088e-01   7.466341e-28   3.731453e-04   6.569988e-29   168
  9.050911e-01   3.944966e-28   2.273028e-04   2.490355e-29   144
  9.061784e-01   9.346401e-28   2.123525e-04   1.543822e-28   102
  9.069882e-01   2.687885e-28   3.143182e-04   2.836191e-29   96
  9.082731e-01   2.715530e-28   3.119397e-04   2.193796e-29   120
  9.092246e-01   2.028819e-28   3.345635e-04   1.262598e-29   168
  9.102538e-01   8.471633e-28   2.470487e-04   1.103660e-28   126
  9.111308e-01   3.881476e-28   1.863241e-04   3.596225e-29   168
  9.123389e-01   2.892091e-28   2.987709e-04   3.762556e-29   72
  9.133947e-01   2.560589e-28   3.741278e-04   2.021797e-29   168
  9.143196e-01   5.730573e-28   1.025668e-04   1.154926e-28   78
  9.155870e-01   1.724410e-28   1.684070e-04   1.647046e-29   60
  9.166075e-01   9.747690e-28   2.731835e-04   1.175816e-28   96
  9.176659e-01   3.874421e-28   3.314854e-04   2.962557e-29   168
  9.186605e-01   4.689658e-28   2.097511e-04   1.002291e-28   86
  9.197042e-01   1.661809e-28   1.874678e-04   1.584273e-29   120
  9.212002e-01   2.129963e-28   1.336894e-04   1.477431e-29   168
  9.220069e-01   1.474588e-28   0.000000e+00   1.355161e-29   48
  9.230934e-01   4.479209e-28   2.435676e-04   5.117064e-29   120
  9.237177e-01   2.651399e-28   1.776924e-04   3.312820e-29   126
  9.252418e-01   3.011729e-28   3.125113e-04   2.933595e-29   96
  9.262310e-01   2.956663e-28   9.011285e-05   3.478908e-29   96
  9.270111e-01   2.447511e-28   0.000000e+00   2.737462e-29   72
  9.286731e-01   4.025541e-28   1.123916e-08   6.057364e-29   24
  9.297104e-01   3.016710e-28   1.854501e-04   3.089489e-29   120
  9.305196e-01   2.808597e-28   2.705147e-04   3.038810e-29   126
  9.314194e-01   1.503045e-28   2.255107e-04   1.524113e-29   96
  9.324708e-01   1.232764e-28   3.897482e-04   8.763027e-30   72
  9.336415e-01   1.925230e-28   1.685792e-04   1.280855e-29   144
  9.346046e-01   2.046637e-28   9.723254e-05   1.703762e-29   72
  9.355666e-01   2.491190e-28   1.942081e-04   3.684610e-29   54
  9.364132e-01   3.104027e-28   1.711436e-04   5.064847e-29   108
  9.381728e-01   3.137019e-28   1.677650e-04   4.112028e-29   72
  9.387206e-01   2.473518e-28   9.680617e-05   2.344772e-29   72
  9.400202e-01   1.340824e-28   1.946680e-08   2.528969e-29   24
  9.412498e-01   1.024192e-28   2.047976e-04   7.746154e-30   48
  9.419964e-01   2.202716e-28   1.560029e-04   3.949571e-29   102
  9.431203e-01   1.901080e-28   3.528137e-04   1.849453e-29   168
  9.445889e-01   1.375601e-28   1.924163e-04   1.241265e-29   72
  9.451330e-01   1.106659e-28   0.000000e+00   8.534653e-30   48
  9.462744e-01   2.141198e-28   3.309678e-04   2.046993e-29   120
  9.477807e-01   1.604929e-28   2.033864e-04   1.564897e-29   96
  9.492033e-01   2.774060e-28   2.202416e-08   4.645407e-29   30
  9.508942e-01   2.680893e-28   9.555995e-05   3.506606e-29   72
  9.516372e-01   2.797504e-28   1.123916e-08   6.762556e-29   24
  9.525916e-01   8.405111e-29   1.416435e-04   5.094005e-30   56
  9.536606e-01   9.889891e-29   2.021324e-04   5.964518e-30   96
  9.549399e-01   1.345285e-28   2.232036e-04   9.686465e-30   144
  9.559263e-01   1.643197e-28   1.267263e-04   2.794957e-29   54
  9.573592e-01   1.163078e-28   1.898493e-04   9.843003e-30   108
  9.588012e-01   2.153171e-28   1.005243e-04   2.500895e-29   48
  9.601739e-01   1.480273e-28   3.785063e-04   1.753486e-29   72
  9.634680e-01   1.394849e-28   2.500803e-04   1.523392e-29   78
  9.643808e-01   8.780002e-29   1.884669e-04   6.612111e-30   72
  9.654462e-01   9.205061e-29   1.882329e-04   9.452275e-30   72
  9.665603e-01   9.870545e-29   4.542266e-04   1.012154e-29   96
  9.674408e-01   1.156813e-28   1.878449e-04   1.092158e-29   72
  9.685029e-01   1.274198e-28   0.000000e+00   2.290932e-29   24
  9.695638e-01   1.512555e-28   3.748416e-04   1.639161e-29   72
  9.719599e-01   1.690930e-28   2.380359e-04   2.859955e-29   30
  9.724755e-01   1.863021e-28   0.000000e+00   4.166114e-29   24
  9.752466e-01   6.794051e-29   1.976584e-04   6.885089e-30   48
  9.761159e-01   9.399745e-29   4.253608e-04   7.656192e-30   120
  9.772870e-01   8.874703e-29   1.859776e-04   8.345293e-30   72
  9.784697e-01   8.541378e-29   1.857528e-04   1.039923e-29   36
  9.792826e-01   9.262344e-29   3.671339e-04   7.987270e-30   78
  9.815513e-01   1.230968e-28   1.963888e-04   1.866249e-29   48
  9.844928e-01   1.590297e-28   1.589457e-08   3.418049e-29   24
  9.865884e-01   5.684648e-29   1.367612e-04   4.415464e-30   56
  9.876436e-01   7.167061e-29   2.104496e-04   5.859775e-30   102
  9.889860e-01   7.341077e-29   1.498555e-08   6.431087e-30   72
  9.897653e-01   5.561288e-29   0.000000e+00   1.189972e-29   24
  9.911277e-01   9.900124e-29   1.944913e-04   1.485729e-29   48
  9.936528e-01   1.057452e-28   0.000000e+00   2.161825e-29   24
  9.967520e-01   1.551871e-28   0.000000e+00   6.357567e-29   6
  9.977185e-01   3.703764e-29   0.000000e+00   4.119371e-30   24
  9.983623e-01   5.230112e-29   1.820511e-04   4.069790e-30   72
  9.995384e-01   6.692443e-29   3.396336e-04   6.404181e-30   84
  1.000805e+00   4.442374e-29   0.000000e+00   6.103421e-30   24
  1.001190e+00   8.326558e-29   1.589457e-08   1.746691e-29   24
  1.003114e+00   8.499601e-29   1.123916e-08   1.461173e-29   24
  1.005800e+00   4.805422e-29   0.000000e+00   2.362067e-29   6
  1.009244e+00   3.601332e-29   1.910001e-04   3.949682e-30   48
  1.010072e+00   5.195338e-29   3.598129e-04   5.489985e-30   72
  1.011152e+00   4.838350e-29   1.906396e-04   6.268386e-30   48
  1.012867e+00   6.232169e-29   0.000000e+00   9.221363e-30   24
  1.015148e+00   5.000114e-29   1.123916e-08   1.406671e-29   6
  1.020262e+00   2.142529e-29   0.000000e+00   4.976013e-30   8
  1.020640e+00   3.514235e-29   1.123916e-08   3.024862e-30   48
  1.021546e+00   5.207592e-29   1.848806e-04   4.180515e-30   60
  1.022904e+00   4.938924e-29   0.000000e+00   8.383543e-30   24
  1.024787e+00   1.179564e-28   0.000000e+00   2.749087e-29   6
  1.031723e+00   2.706678e-29   0.000000e+00   4.783037e-30   24
  1.032283e+00   2.820486e-29   1.867372e-04   3.634961e-30   48
  1.033217e+00   2.799205e-29   0.000000e+00   3.084084e-30   24
  1.034708e+00   8.935986e-29   1.123916e-08   2.990558e-29   6
  1.043181e+00   2.642188e-29   1.742080e-04   2.677479e-30   36
  1.043797e+00   2.305776e-29   0.000000e+00   2.871800e-30   24
  1.044904e+00   7.689323e-29   0.000000e+00   1.816715e-29   6
  1.054545e+00   1.829065e-29   1.583190e-04   2.630682e-30   32
  1.055367e+00   2.166819e-29   1.123916e-08   7.089465e-30   6
  1.065728e+00   1.673881e-29   0.000000e+00   2.224759e-30   12
  1.066089e+00   1.975237e-29   0.000000e+00   4.569871e-30   6
  1.077063e+00   2.042727e-29   1.589457e-08   5.768110e-30   6
