# power spectrum of B
# redshift z=0.000000
# k              Pk             sigma(k)       sigma(Pk)      count
  1.963495e-02   1.881688e-16   0.000000e+00   1.816220e-17   6
  2.776802e-02   1.737291e-16   0.000000e+00   2.357173e-17   12
  3.400874e-02   1.313331e-16   3.725290e-10   4.303767e-17   8
  3.926991e-02   1.380335e-16   0.000000e+00   3.247853e-17   6
  4.390509e-02   2.240975e-16   0.000000e+00   3.025081e-17   24
  4.809562e-02   1.215191e-16   7.024475e-10   1.048530e-17   24
  5.553604e-02   1.130320e-16   0.000000e+00   1.499214e-17   12
  5.890486e-02   1.437972e-16   7.947286e-10   2.564985e-17   30
  6.209118e-02   1.335570e-16   0.000000e+00   1.358296e-17   24
  6.512178e-02   1.971566e-16   1.216675e-09   2.856421e-17   24
  6.801748e-02   1.367784e-16   7.450581e-10   3.030857e-17   8
  7.079483e-02   8.553559e-17   9.934107e-10   1.086734e-17   24
  7.346727e-02   1.368640e-16   0.000000e+00   1.256113e-17   48
  7.853982e-02   1.077576e-16   0.000000e+00   1.673405e-17   6
  8.095699e-02   1.096405e-16   1.404895e-09   1.090370e-17   48
  8.330406e-02   1.294831e-16   0.000000e+00   9.613802e-18   36
  8.558678e-02   7.006432e-17   9.934107e-10   1.081539e-17   24
  8.781018e-02   1.164265e-16   0.000000e+00   1.764087e-17   24
  8.997866e-02   8.078813e-17   0.000000e+00   6.887276e-18   48
  9.209610e-02   5.601312e-17   1.404895e-09   7.198902e-18   24
  9.619124e-02   6.472337e-17   1.404895e-09   9.453185e-18   24
  9.817477e-02   7.539253e-17   0.000000e+00   1.010113e-17   30
  1.001190e-01   8.348988e-17   0.000000e+00   6.089375e-18   72
  1.020262e-01   1.122249e-16   1.490116e-09   1.128484e-17   32
  1.057375e-01   8.306692e-17   0.000000e+00   5.923939e-18   72
  1.075451e-01   6.668358e-17   0.000000e+00   7.182990e-18   48
  1.110721e-01   3.313811e-17   0.000000e+00   4.645568e-18   12
  1.127942e-01   5.880851e-17   0.000000e+00   4.282578e-18   48
  1.144905e-01   6.057442e-17   0.000000e+00   5.598837e-18   48
  1.161620e-01   5.256618e-17   1.404895e-09   3.922063e-18   48
  1.178097e-01   5.635148e-17   1.589457e-09   3.951544e-18   30
  1.194348e-01   4.476511e-17   1.404895e-09   7.750134e-18   24
  1.210380e-01   5.699040e-17   2.961779e-09   5.869395e-18   72
  1.241824e-01   5.550056e-17   0.000000e+00   6.762508e-18   24
  1.257251e-01   5.117110e-17   0.000000e+00   3.101464e-18   96
  1.272490e-01   5.979830e-17   0.000000e+00   5.431278e-18   48
  1.287550e-01   6.640141e-17   2.433349e-09   6.570140e-18   24
  1.302436e-01   4.905876e-17   2.433349e-09   7.130646e-18   24
  1.317153e-01   5.260477e-17   0.000000e+00   4.461569e-18   72
  1.331707e-01   5.307802e-17   0.000000e+00   4.875901e-18   48
  1.360350e-01   5.318847e-17   1.490116e-09   9.551707e-18   8
  1.374447e-01   4.295959e-17   1.766064e-09   4.558814e-18   54
  1.388401e-01   4.121935e-17   0.000000e+00   2.843579e-18   84
  1.402216e-01   4.981974e-17   0.000000e+00   3.917728e-18   48
  1.415897e-01   5.758644e-17   1.986821e-09   6.001242e-18   24
  1.429446e-01   4.517383e-17   1.873193e-09   3.156140e-18   72
  1.442869e-01   4.307444e-17   0.000000e+00   3.424756e-18   96
  1.469345e-01   2.621582e-17   0.000000e+00   2.684015e-18   48
  1.482407e-01   3.488572e-17   0.000000e+00   2.748544e-18   48
  1.495354e-01   2.437438e-17   1.986821e-09   3.606819e-18   24
  1.508189e-01   3.817619e-17   0.000000e+00   2.692690e-18   72
  1.533539e-01   3.277322e-17   1.873193e-09   2.616459e-18   72
  1.546058e-01   3.007057e-17   0.000000e+00   2.121411e-18   96
  1.570796e-01   3.554813e-17   0.000000e+00   1.235017e-18   6
  1.583021e-01   3.557128e-17   0.000000e+00   3.013582e-18   96
  1.595151e-01   2.988479e-17   1.986821e-09   2.151517e-18   96
  1.607190e-01   2.495322e-17   0.000000e+00   3.910682e-18   24
  1.619140e-01   2.628188e-17   2.809790e-09   2.199383e-18   48
  1.631002e-01   2.478893e-17   0.000000e+00   2.229331e-18   96
  1.642778e-01   2.931951e-17   0.000000e+00   2.826850e-18   48
  1.666081e-01   2.466750e-17   0.000000e+00   4.416510e-18   36
  1.677611e-01   3.420625e-17   3.441276e-09   3.501640e-18   48
  1.689063e-01   2.776225e-17   3.893359e-09   1.681262e-18   120
  1.700437e-01   2.510827e-17   0.000000e+00   2.603355e-18   56
  1.711736e-01   2.910713e-17   1.986821e-09   2.592421e-18   24
  1.722960e-01   2.180417e-17   0.000000e+00   1.862952e-18   96
  1.734112e-01   1.985751e-17   0.000000e+00   2.077202e-18   48
  1.756204e-01   3.883107e-17   0.000000e+00   6.469769e-18   24
  1.767146e-01   2.369231e-17   0.000000e+00   1.673495e-18   102
  1.778021e-01   2.084305e-17   0.000000e+00   2.199430e-18   48
  1.788829e-01   2.123946e-17   0.000000e+00   1.449705e-18   72
  1.799573e-01   2.454588e-17   0.000000e+00   2.833987e-18   48
  1.810253e-01   2.075714e-17   0.000000e+00   2.218394e-18   48
  1.820871e-01   1.885370e-17   4.495664e-09   1.180868e-18   120
  1.841922e-01   1.523299e-17   2.809790e-09   2.274711e-18   24
  1.852358e-01   2.080656e-17   2.649095e-09   1.246087e-18   144
  1.862735e-01   2.102944e-17   3.178914e-09   1.245753e-18   120
  1.873055e-01   2.297889e-17   2.809790e-09   1.997187e-18   48
  1.893526e-01   2.277381e-17   2.809790e-09   1.967169e-18   48
  1.903679e-01   2.033080e-17   2.809790e-09   1.442930e-18   96
  1.930487e-01   1.744591e-17   4.711199e-04   1.504785e-18   72
  1.943761e-01   1.648601e-17   3.532127e-09   1.242847e-18   108
  1.953653e-01   1.882430e-17   0.000000e+00   1.395187e-18   72
  1.963495e-01   1.469386e-17   0.000000e+00   1.964017e-18   30
  1.973288e-01   1.710184e-17   0.000000e+00   8.819693e-19   168
  1.983033e-01   1.585324e-17   0.000000e+00   2.092933e-18   48
  2.002380e-01   1.813777e-17   0.000000e+00   1.248584e-18   72
  2.011984e-01   1.838247e-17   0.000000e+00   1.330604e-18   96
  2.021542e-01   2.061965e-17   5.298191e-09   1.586428e-18   72
  2.031055e-01   1.910996e-17   0.000000e+00   1.736352e-18   72
  2.047049e-01   1.804959e-17   4.350048e-04   1.257471e-18   104
  2.059331e-01   1.891408e-17   3.746387e-09   1.240323e-18   144
  2.087224e-01   1.742325e-17   6.282881e-09   1.136806e-18   96
  2.096439e-01   1.500323e-17   0.000000e+00   9.055663e-19   96
  2.111095e-01   1.746178e-17   4.475232e-04   1.082662e-18   120
  2.123845e-01   1.721050e-17   0.000000e+00   1.057861e-18   120
  2.132902e-01   1.613319e-17   0.000000e+00   1.511513e-18   72
  2.150901e-01   1.893885e-17   0.000000e+00   1.641046e-18   48
  2.159845e-01   1.370117e-17   4.235416e-09   1.156445e-18   78
  2.171286e-01   1.372613e-17   4.007142e-04   8.146143e-19   168
  2.195255e-01   1.241997e-17   3.746387e-09   6.115611e-19   144
  2.204018e-01   1.740163e-17   3.746387e-09   1.073360e-18   144
  2.229436e-01   1.357248e-17   2.307791e-04   7.684627e-19   156
  2.238729e-01   1.371969e-17   4.866699e-09   1.504235e-18   48
  2.247323e-01   1.683343e-17   3.178914e-09   1.040271e-18   120
  2.255884e-01   1.308220e-17   0.000000e+00   1.288123e-18   48
  2.271022e-01   1.358040e-17   3.532495e-04   6.185293e-19   216
  2.289809e-01   1.356452e-17   0.000000e+00   1.074762e-18   48
  2.298212e-01   1.452040e-17   2.809790e-09   1.103662e-18   96
  2.310160e-01   1.244179e-17   4.128272e-04   6.536501e-19   168
  2.323239e-01   1.471447e-17   2.809790e-09   1.631891e-18   48
  2.331522e-01   1.508704e-17   0.000000e+00   1.130153e-18   96
  2.339775e-01   9.875875e-18   0.000000e+00   1.099516e-18   48
  2.356194e-01   9.735884e-18   3.178914e-09   9.324396e-19   30
  2.364362e-01   1.206470e-17   2.809790e-09   9.058666e-19   96
  2.374123e-01   1.158225e-17   3.244455e-04   4.753827e-19   240
  2.386674e-01   1.292010e-17   3.500299e-04   1.448786e-18   32
  2.396752e-01   1.164613e-17   0.000000e+00   7.409302e-19   168
  2.404781e-01   1.251080e-17   0.000000e+00   8.759554e-19   120
  2.420760e-01   1.494312e-17   5.923557e-09   1.387142e-18   72
  2.428710e-01   1.014088e-17   3.746387e-09   7.042263e-19   144
  2.436634e-01   1.036304e-17   0.000000e+00   8.270607e-19   96
  2.444532e-01   1.093430e-17   0.000000e+00   9.712611e-19   96
  2.460253e-01   1.225910e-17   4.588368e-09   1.042996e-18   72
  2.468075e-01   1.060287e-17   3.973643e-09   8.729385e-19   96
  2.483647e-01   1.261776e-17   0.000000e+00   1.514014e-18   24
  2.491396e-01   1.042280e-17   0.000000e+00   6.257709e-19   192
  2.500522e-01   1.008628e-17   2.970416e-04   5.126026e-19   132
  2.514501e-01   1.186209e-17   0.000000e+00   9.133965e-19   96
  2.522156e-01   1.041994e-17   0.000000e+00   8.044195e-19   96
  2.529787e-01   9.148616e-18   3.178914e-09   5.675252e-19   120
  2.544981e-01   6.722065e-18   0.000000e+00   8.444642e-19   48
  2.557435e-01   1.078344e-17   3.599905e-04   5.284163e-19   222
  2.567603e-01   1.064136e-17   0.000000e+00   6.506716e-19   120
  2.575100e-01   1.201981e-17   4.866699e-09   1.750717e-18   24
  2.586015e-01   1.068559e-17   3.715625e-04   5.027837e-19   312
  2.609797e-01   1.041711e-17   3.483547e-04   1.088456e-18   72
  2.619630e-01   1.021699e-17   2.809790e-09   7.034505e-19   96
  2.629726e-01   8.869264e-18   3.547511e-04   4.828594e-19   192
  2.641613e-01   8.246999e-18   4.495664e-09   6.087976e-19   120
  2.648900e-01   1.073100e-17   0.000000e+00   5.408425e-19   144
  2.663415e-01   1.048293e-17   0.000000e+00   1.031800e-18   48
  2.673732e-01   9.354501e-18   3.567146e-04   3.946090e-19   336
  2.685040e-01   7.330617e-18   0.000000e+00   6.649095e-19   48
  2.699360e-01   8.708788e-18   0.000000e+00   4.019598e-19   192
  2.706492e-01   6.020047e-18   0.000000e+00   6.473141e-19   48
  2.726764e-01   7.016504e-18   2.476067e-04   6.998816e-19   56
  2.736844e-01   7.149149e-18   3.180112e-04   2.834064e-19   336
  2.748894e-01   8.337413e-18   3.532127e-09   5.891575e-19   54
  2.759390e-01   8.074969e-18   3.492904e-04   4.125406e-19   240
  2.781181e-01   8.733823e-18   3.344484e-04   4.550841e-19   228
  2.790651e-01   7.601475e-18   3.746387e-09   5.648023e-19   72
  2.799844e-01   9.993919e-18   3.244231e-04   5.879978e-19   144
  2.811298e-01   8.175996e-18   0.000000e+00   7.541697e-19   96
  2.818146e-01   7.545610e-18   4.495664e-09   3.735707e-19   240
  2.831793e-01   8.846665e-18   3.973643e-09   9.806637e-19   24
  2.840530e-01   6.943841e-18   3.064151e-04   2.734923e-19   336
  2.852142e-01   5.548498e-18   0.000000e+00   3.561956e-19   72
  2.862741e-01   8.249148e-18   3.332831e-04   5.133382e-19   168
  2.872346e-01   8.925659e-18   0.000000e+00   5.623425e-19   72
  2.885737e-01   8.717658e-18   0.000000e+00   5.587244e-19   96
  2.896108e-01   5.989511e-18   3.307829e-04   3.073104e-19   216
  2.905708e-01   6.471928e-18   3.973643e-09   3.890425e-19   96
  2.918946e-01   7.365346e-18   0.000000e+00   4.486881e-19   192
  2.925542e-01   7.125547e-18   3.746387e-09   3.707815e-19   144
  2.938691e-01   5.800590e-18   0.000000e+00   5.570989e-19   48
  2.947794e-01   7.160264e-18   3.189136e-04   3.513694e-19   246
  2.960164e-01   6.954052e-18   2.940434e-04   4.550870e-19   168
  2.971308e-01   6.363048e-18   5.506041e-09   6.495777e-19   120
  2.977788e-01   6.637228e-18   0.000000e+00   3.367353e-19   240
  2.990707e-01   5.618868e-18   3.973643e-09   4.790554e-19   24
  3.001001e-01   6.330811e-18   3.147475e-04   2.795798e-19   360
  3.013820e-01   8.621666e-18   3.134082e-04   5.625919e-19   120
  3.022763e-01   7.297457e-18   0.000000e+00   3.874258e-19   144
  3.029133e-01   7.105301e-18   0.000000e+00   6.056960e-19   96
  3.048165e-01   6.223033e-18   0.000000e+00   4.244658e-19   144
  3.054482e-01   6.161469e-18   0.000000e+00   3.622202e-19   132
  3.063360e-01   5.218824e-18   3.093292e-04   3.152066e-19   176
  3.076248e-01   5.683937e-18   3.123602e-04   2.319540e-19   312
  3.092116e-01   5.873451e-18   0.000000e+00   3.595479e-19   96
  3.098343e-01   4.311549e-18   0.000000e+00   2.518202e-19   144
  3.107899e-01   5.961894e-18   3.092271e-04   2.398813e-19   312
  3.123131e-01   6.463790e-18   0.000000e+00   6.500851e-19   48
  3.129297e-01   6.566725e-18   3.973643e-09   3.191655e-19   192
  3.141593e-01   1.009288e-17   0.000000e+00   8.296708e-19   6
  3.149762e-01   4.929462e-18   2.884066e-04   2.220700e-19   288
  3.162994e-01   6.074723e-18   3.047203e-04   3.349625e-19   192
  3.172124e-01   6.192158e-18   9.345130e-09   2.863775e-19   216
  3.178195e-01   5.219824e-18   0.000000e+00   4.909262e-19   72
  3.193321e-01   6.883746e-18   3.018264e-04   3.578608e-19   192
  3.203366e-01   5.416791e-18   2.241224e-04   2.653802e-19   288
  3.214381e-01   4.798609e-18   0.000000e+00   5.764780e-19   24
  3.222890e-01   4.991970e-18   2.952626e-04   1.896032e-19   456
  3.238280e-01   6.462881e-18   5.619580e-09   6.975722e-19   48
  3.247789e-01   5.454991e-18   2.908218e-04   2.850491e-19   240
  3.258718e-01   5.887282e-18   2.939082e-04   3.063896e-19   216
  3.267908e-01   6.577551e-18   0.000000e+00   5.667013e-19   72
  3.273801e-01   4.805340e-18   1.015467e-08   2.325302e-19   168
  3.290441e-01   4.916729e-18   2.184577e-04   2.137965e-19   288
  3.299773e-01   5.393654e-18   2.890570e-04   2.851983e-19   168
  3.314762e-01   4.085184e-18   0.000000e+00   1.969225e-19   192
  3.320572e-01   5.060446e-18   3.746387e-09   2.801945e-19   144
  3.332162e-01   6.401983e-18   0.000000e+00   5.951774e-19   36
  3.341991e-01   4.542541e-18   2.639705e-04   1.956498e-19   342
  3.351389e-01   4.348680e-18   2.710657e-04   2.673816e-19   144
  3.363470e-01   4.751346e-18   2.842800e-04   1.837132e-19   384
  3.378125e-01   4.236714e-18   7.786718e-09   2.958135e-19   120
  3.385379e-01   5.666901e-18   2.534951e-04   2.605709e-19   264
  3.395201e-01   4.703292e-18   1.256576e-08   3.070382e-19   192
  3.404451e-01   4.462206e-18   2.731894e-04   2.111826e-19   152
  3.412191e-01   4.900923e-18   7.492773e-09   3.297655e-19   144
  3.428472e-01   4.563910e-18   1.768108e-04   2.383133e-19   216
  3.436008e-01   4.440293e-18   2.362665e-04   2.032085e-19   312
  3.449274e-01   4.398078e-18   2.738281e-04   2.426608e-19   240
  3.457090e-01   4.059730e-18   3.973643e-09   2.234780e-19   96
  3.471927e-01   3.539273e-18   2.617995e-04   1.836788e-19   144
  3.481071e-01   4.303186e-18   2.573258e-04   1.614337e-19   456
  3.495904e-01   3.495061e-18   0.000000e+00   1.708855e-19   120
  3.501414e-01   4.604621e-18   0.000000e+00   2.999596e-19   144
  3.512407e-01   3.525596e-18   0.000000e+00   3.376343e-19   24
  3.519456e-01   3.753665e-18   2.473498e-04   1.381964e-19   336
  3.531645e-01   4.321821e-18   2.727931e-04   2.476122e-19   198
  3.543067e-01   3.988673e-18   2.652756e-04   1.448629e-19   432
  3.556041e-01   5.334060e-18   0.000000e+00   7.646168e-19   48
  3.562810e-01   4.230821e-18   2.341925e-04   1.604646e-19   384
  3.574963e-01   3.756331e-18   2.696052e-04   2.979806e-19   144
  3.585975e-01   4.781098e-18   2.676825e-04   2.489158e-19   264
  3.599147e-01   2.982166e-18   0.000000e+00   2.948666e-19   48
  3.607984e-01   3.960228e-18   2.545223e-04   1.966345e-19   276
  3.616510e-01   3.653586e-18   2.307176e-04   2.143031e-19   192
  3.627906e-01   3.845744e-18   2.592759e-04   1.341271e-19   552
  3.641741e-01   4.168410e-18   8.991328e-09   3.353240e-19   120
  3.649965e-01   2.763916e-18   2.624511e-04   1.383520e-19   216
  3.657587e-01   3.558710e-18   4.495664e-09   2.349510e-19   120
  3.671201e-01   3.757514e-18   2.584500e-04   1.691595e-19   408
  3.683844e-01   1.979596e-18   5.619580e-09   2.017937e-19   24
  3.691684e-01   3.228984e-18   2.610810e-04   1.254913e-19   384
  3.702633e-01   3.189401e-18   2.550855e-04   1.486794e-19   240
  3.712141e-01   3.725057e-18   2.569535e-04   1.981344e-19   168
  3.725471e-01   3.397637e-18   6.357829e-09   2.653163e-19   120
  3.734064e-01   3.262389e-18   2.678605e-04   1.287715e-19   350
  3.748037e-01   3.677505e-18   4.409502e-04   1.445241e-19   384
  3.756388e-01   3.718200e-18   0.000000e+00   2.725072e-19   144
  3.771752e-01   3.090225e-18   1.059638e-08   1.287196e-19   288
  3.779773e-01   3.600150e-18   2.524053e-04   1.713307e-19   336
  3.790686e-01   3.105499e-18   2.297941e-04   1.848947e-19   168
  3.797219e-01   3.383962e-18   4.541306e-09   1.498634e-19   336
  3.810732e-01   3.255348e-18   2.385126e-04   1.792429e-19   288
  3.818848e-01   3.529747e-18   2.247398e-04   1.495066e-19   264
  3.832590e-01   2.994877e-18   0.000000e+00   1.948619e-19   240
  3.837616e-01   3.032063e-18   7.947286e-09   2.874577e-19   96
  3.855656e-01   3.169405e-18   3.056310e-04   1.199266e-19   360
  3.864075e-01   3.585021e-18   2.253025e-04   2.280620e-19   168
  3.874713e-01   3.045792e-18   2.456032e-04   1.139150e-19   456
  3.887523e-01   2.841830e-18   7.064254e-09   2.039116e-19   108
  3.894728e-01   2.472018e-18   2.464311e-04   1.130527e-19   264
  3.903716e-01   2.661881e-18   2.198567e-04   1.303633e-19   264
  3.916025e-01   3.108949e-18   2.074668e-04   1.488036e-19   312
  3.931351e-01   2.856065e-18   1.541705e-04   1.225938e-19   270
  3.937775e-01   2.973018e-18   1.957388e-04   1.678100e-19   240
  3.949323e-01   2.920717e-18   2.421536e-04   1.238855e-19   384
  3.956334e-01   2.535085e-18   0.000000e+00   1.245922e-19   192
  3.969952e-01   3.120918e-18   1.942960e-04   1.727665e-19   240
  3.977852e-01   3.103165e-18   2.397927e-04   1.626313e-19   336
  3.992708e-01   3.035101e-18   2.413972e-04   1.180767e-19   480
  4.004761e-01   3.258355e-18   0.000000e+00   3.711255e-19   72
  4.011493e-01   2.926599e-18   2.353842e-04   1.923773e-19   240
  4.020650e-01   2.715867e-18   2.212289e-04   1.116180e-19   312
  4.031147e-01   2.427451e-18   2.390954e-04   1.080584e-19   240
  4.047009e-01   2.702920e-18   1.816506e-04   1.106110e-19   408
  4.053288e-01   2.496553e-18   1.663482e-04   1.065739e-19   336
  4.065560e-01   2.600688e-18   2.112212e-04   1.349517e-19   264
  4.071591e-01   2.064246e-18   0.000000e+00   1.314155e-19   144
  4.088370e-01   2.619952e-18   2.927651e-04   9.489514e-20   464
  4.097211e-01   2.779598e-18   2.328083e-04   2.251088e-19   168
  4.105939e-01   2.528726e-18   2.120376e-04   1.044366e-19   336
  4.121713e-01   2.431027e-18   2.227870e-04   9.555728e-20   414
  4.130606e-01   3.042256e-18   2.319080e-04   1.874443e-19   216
  4.141998e-01   4.025312e-18   5.619580e-09   3.153747e-19   96
  4.146649e-01   2.526468e-18   1.685874e-08   1.202928e-19   384
  4.162944e-01   2.406825e-18   2.314600e-04   8.612377e-20   492
  4.171676e-01   3.220712e-18   2.263480e-04   1.897520e-19   240
  4.181546e-01   2.617518e-18   2.298225e-04   1.213046e-19   312
  4.195176e-01   1.945347e-18   2.297469e-04   1.332436e-19   192
  4.203810e-01   2.450796e-18   2.226525e-04   9.544800e-20   504
  4.215265e-01   2.409212e-18   1.473998e-04   1.100557e-19   408
  4.224284e-01   2.093654e-18   4.515774e-04   1.234118e-19   168
  4.235571e-01   2.751554e-18   2.145032e-04   1.417340e-19   288
  4.245041e-01   2.238881e-18   2.238525e-04   1.090099e-19   288
  4.254743e-01   2.132825e-18   2.251410e-04   8.441665e-20   432
  4.268815e-01   2.442445e-18   2.129084e-04   1.380765e-19   216
  4.276334e-01   2.166227e-18   2.124592e-04   9.093833e-20   360
  4.289721e-01   2.320688e-18   2.073582e-04   1.188490e-19   312
  4.301803e-01   2.628019e-18   0.000000e+00   2.848495e-19   48
  4.308767e-01   2.026478e-18   2.223178e-04   8.442925e-20   432
  4.321240e-01   2.212410e-18   3.708284e-04   8.231332e-20   414
  4.328606e-01   2.204968e-18   1.956255e-08   1.081725e-19   312
  4.342347e-01   2.239771e-18   3.253813e-04   8.548711e-20   528
  4.351620e-01   2.315095e-18   1.707976e-04   1.161322e-19   264
  4.362761e-01   2.227059e-18   2.025191e-04   9.663662e-20   480
  4.377318e-01   2.339613e-18   0.000000e+00   1.379877e-19   288
  4.383604e-01   2.329914e-18   2.176005e-04   1.248461e-19   168
  4.395105e-01   2.487982e-18   3.444610e-04   1.022247e-19   504
  4.408036e-01   2.768862e-18   7.492773e-09   1.752110e-19   144
  4.416171e-01   1.935871e-18   2.212265e-04   6.366559e-20   464
  4.428396e-01   2.206937e-18   3.246624e-04   9.775146e-20   432
  4.434197e-01   1.973587e-18   5.619580e-09   1.110108e-19   192
  4.449189e-01   2.053705e-18   2.406833e-04   9.870834e-20   396
  4.458042e-01   1.895876e-18   2.162000e-04   9.529967e-20   288
  4.466990e-01   1.973607e-18   2.135686e-04   9.036855e-20   336
  4.481283e-01   1.809076e-18   1.352359e-04   7.929419e-20   432
  4.490354e-01   1.987664e-18   3.505126e-04   8.664067e-20   360
  4.500539e-01   2.081068e-18   2.073334e-04   8.899581e-20   384
  4.515004e-01   1.884241e-18   1.830116e-04   1.241207e-19   198
  4.521974e-01   1.892480e-18   2.080246e-04   6.603642e-20   552
  4.534970e-01   2.130681e-18   2.912202e-04   8.753873e-20   432
  4.545821e-01   2.032033e-18   0.000000e+00   1.761689e-19   168
  4.554927e-01   2.167344e-18   3.610065e-04   8.864996e-20   480
  4.566974e-01   1.880136e-18   0.000000e+00   1.157973e-19   120
  4.572396e-01   2.242524e-18   2.948545e-04   1.242182e-19   336
  4.585628e-01   1.851208e-18   2.080152e-04   6.461354e-20   672
  4.598711e-01   2.214413e-18   3.025866e-04   9.051481e-20   528
  4.604805e-01   1.385699e-18   9.082613e-09   8.975566e-20   168
  4.618883e-01   1.881223e-18   3.375333e-04   8.259495e-20   456
  4.627474e-01   2.059534e-18   2.061344e-04   1.140279e-19   168
  4.636392e-01   1.817035e-18   2.057643e-04   6.113462e-20   504
  4.651216e-01   1.589861e-18   2.647872e-04   8.185111e-20   336
  4.660180e-01   1.847873e-18   1.908802e-04   8.715032e-20   312
  4.670124e-01   1.776841e-18   1.865029e-04   7.276758e-20   504
  4.683210e-01   1.685028e-18   1.294009e-04   6.476180e-20   432
  4.689362e-01   1.680087e-18   1.999672e-04   7.836083e-20   312
  4.702151e-01   1.706624e-18   2.049761e-04   7.647126e-20   384
  4.715504e-01   1.945894e-18   1.741510e-04   1.421150e-19   126
  4.723748e-01   1.835475e-18   3.057676e-04   7.279567e-20   492
  4.734278e-01   1.864937e-18   1.958445e-04   6.616395e-20   528
  4.747438e-01   1.678086e-18   1.989360e-04   8.179633e-20   480
  4.755596e-01   1.933734e-18   2.748289e-04   8.091849e-20   432
  4.767402e-01   1.791914e-18   2.161166e-04   7.147849e-20   440
  4.781114e-01   1.822856e-18   1.074739e-04   9.335261e-20   312
  4.786259e-01   1.519476e-18   1.610586e-04   5.437574e-20   480
  4.796813e-01   1.738241e-18   3.153497e-04   8.856847e-20   408
  4.812233e-01   1.914463e-18   1.888588e-04   8.853295e-20   360
  4.818747e-01   1.635988e-18   1.822418e-04   6.858798e-20   408
  4.830820e-01   1.549949e-18   1.854542e-04   7.238875e-20   456
  4.844414e-01   1.604603e-18   1.772485e-04   8.062100e-20   264
  4.851959e-01   1.530795e-18   1.923591e-04   7.011270e-20   384
  4.862943e-01   1.433017e-18   3.238501e-04   4.731635e-20   672
  4.875640e-01   1.725896e-18   1.937042e-04   1.017337e-19   240
  4.882967e-01   1.488318e-18   1.965613e-04   7.752388e-20   264
  4.893308e-01   1.197776e-18   2.424259e-04   3.936724e-20   624
  4.908739e-01   1.493772e-18   0.000000e+00   1.555625e-19   150
  4.914232e-01   1.784903e-18   2.716574e-04   6.504269e-20   600
  4.925819e-01   1.799573e-18   1.874909e-04   6.901491e-20   672
  4.938939e-01   1.538607e-18   1.763484e-04   7.114723e-20   336
  4.946248e-01   1.577281e-18   1.918157e-04   5.889344e-20   408
  4.957926e-01   1.482999e-18   1.913639e-04   6.193863e-20   408
  4.970915e-01   1.592359e-18   9.676385e-05   6.794400e-20   360
  4.978921e-01   1.525592e-18   3.552857e-04   6.189833e-20   456
  4.988592e-01   1.576211e-18   1.932065e-04   7.669864e-20   384
  5.000902e-01   1.145178e-18   1.783541e-04   5.188770e-20   348
  5.007554e-01   1.658662e-18   2.198754e-04   6.968647e-20   576
  5.020050e-01   1.354622e-18   1.810385e-04   5.261278e-20   504
  5.032833e-01   1.412740e-18   2.553443e-04   6.663316e-20   432
  5.043991e-01   1.494679e-18   3.473946e-04   5.238338e-20   576
  5.051948e-01   1.184798e-18   0.000000e+00   5.553660e-20   264
  5.064571e-01   1.293019e-18   2.764393e-04   3.571258e-20   768
  5.075549e-01   1.068989e-18   3.721752e-04   4.840666e-20   240
  5.084277e-01   1.218621e-18   3.282233e-04   9.899622e-20   192
  5.096990e-01   1.323536e-18   2.416124e-04   4.938517e-20   504
  5.106418e-01   1.575617e-18   3.255818e-04   6.154821e-20   590
  5.115460e-01   1.714701e-18   3.647966e-04   8.445343e-20   384
  5.126798e-01   1.419389e-18   3.048625e-04   6.323520e-20   504
  5.140486e-01   1.460004e-18   2.933830e-04   6.256660e-20   648
  5.153764e-01   1.237242e-18   7.967896e-05   4.911034e-20   504
  5.159117e-01   1.175325e-18   1.817627e-04   5.737476e-20   312
  5.168569e-01   1.469029e-18   2.618753e-04   6.434852e-20   576
  5.181545e-01   1.508248e-18   1.822405e-04   8.673989e-20   240
  5.189109e-01   1.254976e-18   1.841453e-04   4.263243e-20   552
  5.199816e-01   1.342182e-18   1.729082e-04   5.047445e-20   600
  5.215067e-01   1.241125e-18   2.111937e-04   4.639544e-20   600
  5.224237e-01   1.095636e-18   3.382099e-04   5.424874e-20   312
  5.233368e-01   1.423853e-18   2.945474e-04   6.071655e-20   480
  5.244775e-01   1.145673e-18   1.837693e-04   4.179995e-20   576
  5.254818e-01   1.310213e-18   2.959085e-04   5.992861e-20   408
  5.263729e-01   8.198541e-19   3.451909e-04   4.212731e-20   216
  5.275243e-01   1.244269e-18   2.643774e-04   4.636395e-20   516
  5.287578e-01   1.209461e-18   2.522429e-04   4.239891e-20   744
  5.300304e-01   1.365037e-18   1.684760e-04   6.298539e-20   462
  5.307494e-01   1.333581e-18   1.712315e-04   7.793605e-20   432
  5.318647e-01   1.385329e-18   1.588547e-04   5.535429e-20   648
  5.331761e-01   1.253296e-18   2.324340e-04   5.837782e-20   528
  5.342295e-01   1.413007e-18   2.799086e-04   5.991775e-20   600
  5.352820e-01   1.743445e-18   3.528915e-04   1.294191e-19   240
  5.363014e-01   1.161619e-18   2.703115e-04   4.549017e-20   720
  5.374863e-01   1.223063e-18   2.138653e-04   4.560317e-20   720
  5.387997e-01   8.586125e-19   0.000000e+00   6.961195e-20   144
  5.394909e-01   1.235661e-18   2.757364e-04   4.469342e-20   720
  5.404742e-01   1.312757e-18   1.653370e-04   6.593724e-20   384
  5.417051e-01   1.062402e-18   1.832848e-04   3.701960e-20   672
  5.428730e-01   1.308506e-18   3.209115e-04   6.789659e-20   336
  5.434308e-01   1.130213e-18   0.000000e+00   5.846006e-20   288
  5.447967e-01   1.070320e-18   2.539800e-04   3.448075e-20   776
  5.460612e-01   9.940752e-19   2.173184e-04   3.573247e-20   720
  5.471231e-01   9.879087e-19   1.750659e-04   3.860448e-20   432
  5.479725e-01   1.185279e-18   2.495786e-04   5.948171e-20   504
  5.489174e-01   1.142940e-18   1.748652e-04   5.091988e-20   528
  5.502396e-01   1.197999e-18   2.382437e-04   7.731503e-20   438
  5.513273e-01   1.374779e-18   2.772938e-04   6.397278e-20   624
  5.521470e-01   1.235462e-18   3.396475e-04   6.923618e-20   312
  5.532738e-01   1.514739e-18   1.829935e-04   6.131099e-20   696
  5.544390e-01   1.110472e-18   1.655760e-04   4.717932e-20   552
  5.556509e-01   1.222023e-18   1.281006e-04   6.223393e-20   516
  5.564006e-01   1.216727e-18   2.558713e-04   4.836412e-20   528
  5.573133e-01   8.223299e-19   1.664001e-04   3.041475e-20   528
  5.586097e-01   1.127352e-18   2.194479e-04   4.477508e-20   864
  5.594897e-01   1.098692e-18   3.005985e-04   5.253823e-20   408
  5.603706e-01   1.509886e-18   2.978186e-04   8.756986e-20   192
  5.616191e-01   9.863984e-19   2.464592e-04   3.647960e-20   720
  5.626731e-01   1.042541e-18   2.272475e-04   4.534897e-20   696
  5.639255e-01   1.008886e-18   2.454294e-04   3.648589e-20   720
  5.650713e-01   1.202253e-18   3.326501e-04   5.688401e-20   432
  5.657395e-01   8.203455e-19   1.958109e-04   4.386011e-20   264
  5.669418e-01   1.061394e-18   2.704061e-04   4.313598e-20   672
  5.680171e-01   1.130924e-18   2.768544e-04   4.846499e-20   600
  5.692933e-01   7.742529e-19   1.620980e-04   5.287546e-20   270
  5.699366e-01   1.017748e-18   2.440026e-04   4.887990e-20   528
  5.709591e-01   1.217878e-18   1.670843e-04   5.079566e-20   840
  5.723613e-01   1.241010e-18   3.194952e-04   4.752220e-20   888
  5.736568e-01   1.048642e-18   2.380474e-04   4.606325e-20   744
  5.747517e-01   1.202196e-18   1.223216e-04   5.965844e-20   456
  5.752963e-01   1.471733e-18   1.671601e-04   7.260933e-20   360
  5.762282e-01   1.009605e-18   1.448348e-04   6.912717e-20   384
  5.776580e-01   1.050553e-18   2.323137e-04   3.786325e-20   816
  5.787308e-01   1.085050e-18   3.370546e-04   4.493076e-20   824
  5.800348e-01   9.333381e-19   1.566791e-04   5.034048e-20   360
  5.807331e-01   9.392268e-19   2.311994e-04   4.285699e-20   624
  5.816941e-01   1.135613e-18   1.562320e-04   7.659213e-20   360
  5.829744e-01   9.361028e-19   2.125215e-04   3.412298e-20   876
  5.841306e-01   9.966391e-19   2.524119e-04   4.658015e-20   696
  5.852967e-01   7.690741e-19   1.629911e-04   4.226482e-20   336
  5.859080e-01   1.029063e-18   1.628079e-04   5.273597e-20   504
  5.869176e-01   8.658764e-19   1.642187e-04   3.255417e-20   672
  5.884155e-01   8.954626e-19   3.269213e-04   3.246637e-20   720
  5.894543e-01   1.073743e-18   2.469541e-04   4.730565e-20   774
  5.906010e-01   1.208528e-18   1.413501e-04   7.701247e-20   384
  5.912015e-01   1.101092e-18   2.720183e-04   5.201578e-20   528
  5.921335e-01   1.152028e-18   2.592486e-04   5.327005e-20   744
  5.936327e-01   1.163707e-18   2.138251e-04   5.301766e-20   768
  5.946281e-01   9.450841e-19   2.400348e-04   5.204130e-20   552
  5.958700e-01   1.012645e-18   2.616108e-04   4.730847e-20   696
  5.967938e-01   1.077455e-18   3.179026e-04   5.374544e-20   408
  5.975272e-01   1.201282e-18   1.373364e-04   6.674801e-20   504
  5.986899e-01   8.809456e-19   2.467198e-04   2.842436e-20   888
  5.998339e-01   8.028493e-19   2.564132e-04   3.046617e-20   648
  6.010230e-01   9.379641e-19   2.542153e-04   4.476552e-20   648
  6.021418e-01   8.993194e-19   2.741064e-04   3.631000e-20   792
  6.033268e-01   8.417553e-19   4.010364e-04   4.086418e-20   600
  6.042000e-01   6.400488e-19   2.717856e-04   2.801281e-20   456
  6.051191e-01   8.523802e-19   1.324567e-04   3.782444e-20   648
  6.062996e-01   8.523070e-19   2.583099e-04   3.063816e-20   936
  6.075741e-01   1.071853e-18   1.586356e-04   5.458420e-20   384
  6.086836e-01   1.079953e-18   1.334798e-08   8.272135e-20   198
  6.095398e-01   1.039379e-18   4.024720e-04   3.983062e-20   1224
  6.104634e-01   1.487857e-18   2.931235e-04   9.661301e-20   420
  6.115558e-01   1.173414e-18   2.836822e-04   6.162421e-20   792
  6.126238e-01   1.057149e-18   2.345810e-04   5.245122e-20   680
  6.138428e-01   9.876659e-19   2.154033e-04   5.531426e-20   600
  6.148235e-01   9.658091e-19   3.123938e-04   4.880907e-20   840
  6.161330e-01   8.310224e-19   1.474979e-04   4.382248e-20   432
  6.166334e-01   1.246144e-18   1.382249e-04   6.568424e-20   720
  6.177213e-01   8.918182e-19   2.768404e-04   3.123105e-20   960
  6.190745e-01   8.779257e-19   2.467829e-04   5.283003e-20   528
  6.200634e-01   1.027298e-18   2.522592e-04   5.367720e-20   624
  6.212404e-01   1.012815e-18   1.982740e-04   4.395944e-20   816
  6.224086e-01   8.591838e-19   3.260658e-04   3.456953e-20   696
  6.236996e-01   7.027451e-19   2.202416e-08   4.845724e-20   240
  6.241851e-01   8.451164e-19   1.922888e-04   4.110059e-20   672
  6.252686e-01   8.109648e-19   3.436476e-04   3.094718e-20   864
  6.264840e-01   8.033371e-19   2.636938e-04   3.283667e-20   816
  6.275795e-01   6.582481e-19   1.509292e-04   2.587327e-20   648
  6.287594e-01   1.112996e-18   1.542771e-04   5.356219e-20   843
  6.297611e-01   8.851708e-19   2.775825e-04   4.685831e-20   780
  6.309548e-01   1.117111e-18   1.489456e-04   1.227179e-19   216
  6.316911e-01   8.691575e-19   3.591661e-04   3.554152e-20   1056
  6.328235e-01   6.833682e-19   2.938382e-04   6.852182e-20   228
  6.338720e-01   9.940330e-19   3.658358e-04   4.810110e-20   924
  6.349484e-01   9.175007e-19   1.357046e-04   3.685531e-20   696
  6.360882e-01   8.037258e-19   2.415153e-04   3.472125e-20   996
  6.372543e-01   6.668134e-19   1.425858e-04   3.446678e-20   576
  6.384675e-01   7.236240e-19   2.200718e-04   4.129345e-20   552
  6.393519e-01   1.000769e-18   2.627580e-04   5.494715e-20   516
  6.402494e-01   8.354713e-19   3.821047e-04   3.988003e-20   744
  6.412749e-01   5.672596e-19   1.874451e-04   2.332670e-20   576
  6.421669e-01   7.507766e-19   1.929285e-04   3.418063e-20   792
  6.434346e-01   7.200865e-19   2.205530e-04   2.734387e-20   792
  6.443636e-01   8.234567e-19   2.378641e-04   3.956964e-20   720
  6.456200e-01   7.351572e-19   2.711104e-04   3.220934e-20   656
  6.467974e-01   7.186814e-19   2.960385e-04   3.143658e-20   816
  6.480043e-01   6.154275e-19   1.596190e-04   3.173843e-20   492
  6.486903e-01   7.714293e-19   2.296231e-04   3.606904e-20   552
  6.499778e-01   6.486544e-19   3.992867e-04   2.919009e-20   780
  6.508139e-01   6.657478e-19   2.452771e-04   2.890517e-20   528
  6.517148e-01   5.998728e-19   2.863130e-04   2.627417e-20   600
  6.530425e-01   7.239394e-19   2.379487e-04   2.615480e-20   900
  6.539577e-01   6.585849e-19   1.317325e-04   2.927531e-20   696
  6.552168e-01   6.054010e-19   3.330907e-04   2.107902e-20   696
  6.564349e-01   4.812678e-19   1.351317e-04   1.905204e-20   552
  6.574592e-01   6.111797e-19   1.571457e-04   2.603980e-20   708
  6.585322e-01   6.113977e-19   2.594565e-04   2.503951e-20   876
  6.596487e-01   6.524829e-19   1.377663e-04   4.782787e-20   216
  6.603980e-01   6.094214e-19   3.768094e-04   1.863798e-20   1032
  6.615201e-01   4.918379e-19   4.195357e-04   2.048107e-20   600
  6.626848e-01   4.886863e-19   2.001869e-04   2.326951e-20   600
  6.635732e-01   6.086554e-19   3.535112e-04   2.684511e-20   528
  6.646233e-01   5.378304e-19   1.940622e-04   2.003454e-20   732
  6.657296e-01   5.850487e-19   1.432973e-04   3.298637e-20   336
  6.670031e-01   5.219212e-19   2.042271e-04   2.006747e-20   912
  6.679548e-01   4.410864e-19   2.049821e-04   1.745518e-20   624
  6.689946e-01   5.061140e-19   1.727341e-04   1.946665e-20   768
  6.702082e-01   4.742913e-19   3.116463e-04   1.510841e-20   792
  6.713995e-01   5.221122e-19   1.545014e-04   2.337434e-20   660
  6.722471e-01   5.793450e-19   2.276826e-04   3.394109e-20   504
  6.731238e-01   4.494311e-19   3.719898e-04   1.992649e-20   480
  6.744376e-01   4.104285e-19   3.440421e-04   1.309959e-20   912
  6.754664e-01   5.184748e-19   3.831443e-04   2.719968e-20   432
  6.764380e-01   4.801748e-19   2.275021e-04   1.769695e-20   564
  6.773006e-01   4.717257e-19   2.177508e-04   1.791995e-20   600
  6.785149e-01   4.797350e-19   3.035240e-04   1.688162e-20   876
  6.794272e-01   4.652136e-19   1.364735e-04   3.163373e-20   264
  6.806846e-01   4.130894e-19   2.648123e-04   1.735764e-20   560
  6.816953e-01   4.483233e-19   1.799457e-04   1.488096e-20   840
  6.829222e-01   3.958089e-19   2.774244e-04   1.413583e-20   1008
  6.840568e-01   3.472478e-19   1.241010e-04   1.569922e-20   456
  6.850930e-01   4.585824e-19   1.607553e-04   1.939379e-20   576
  6.860509e-01   4.427254e-19   2.470177e-04   1.653809e-20   612
  6.873140e-01   4.451413e-19   2.206269e-04   1.591410e-20   780
  6.883444e-01   4.286742e-19   2.528284e-04   1.588034e-20   648
  6.893992e-01   4.681327e-19   1.178213e-04   2.836028e-20   312
  6.900734e-01   3.867172e-19   2.993645e-04   1.509634e-20   528
  6.912414e-01   3.812475e-19   3.909551e-04   1.281475e-20   720
  6.923583e-01   4.286265e-19   3.921794e-04   1.737709e-20   576
  6.937124e-01   3.699870e-19   3.383053e-04   1.517108e-20   444
  6.945549e-01   4.098955e-19   3.317685e-04   1.155435e-20   996
  6.955874e-01   3.484725e-19   2.771265e-04   1.705008e-20   432
  6.965633e-01   3.650496e-19   3.033990e-04   1.622348e-20   504
  6.974062e-01   3.198892e-19   1.367883e-04   1.084383e-20   504
  6.986065e-01   3.741118e-19   2.692009e-04   9.892449e-21   876
  6.996926e-01   3.522754e-19   3.098246e-04   1.404917e-20   504
  7.008236e-01   3.518307e-19   1.975899e-04   1.285473e-20   696
  7.017583e-01   3.578234e-19   1.689187e-04   1.256465e-20   492
  7.030300e-01   3.352548e-19   2.418152e-04   1.509274e-20   432
  7.039719e-01   3.910992e-19   2.264335e-04   1.283847e-20   768
  7.050885e-01   3.325967e-19   2.820533e-04   1.112051e-20   648
  7.061547e-01   3.356537e-19   1.840095e-04   1.377877e-20   456
  7.073798e-01   3.492253e-19   2.530430e-04   1.405511e-20   552
  7.082306e-01   3.315653e-19   1.734358e-04   1.262397e-20   648
  7.094016e-01   3.076257e-19   2.826907e-04   8.566830e-21   840
  7.105454e-01   3.581705e-19   1.348092e-04   1.329796e-20   432
  7.116906e-01   3.020182e-19   1.651183e-04   1.067327e-20   600
  7.124870e-01   3.430899e-19   1.759227e-04   1.482737e-20   432
  7.138248e-01   3.300797e-19   1.751482e-04   1.118957e-20   560
  7.147308e-01   3.064725e-19   2.772412e-04   9.515320e-21   840
  7.158652e-01   3.453350e-19   1.642140e-04   1.512719e-20   504
  7.167662e-01   3.011535e-19   3.351509e-04   1.069343e-20   696
  7.180362e-01   3.283828e-19   1.830475e-04   1.536885e-20   384
  7.190254e-01   2.707709e-19   2.681431e-04   9.594157e-21   576
  7.202219e-01   2.780468e-19   1.654845e-04   1.143567e-20   360
  7.211864e-01   3.283678e-19   2.464465e-04   1.211932e-20   828
  7.222268e-01   2.567495e-19   2.195064e-04   1.114276e-20   372
  7.231800e-01   2.983339e-19   3.352284e-04   1.082516e-20   576
  7.244428e-01   3.091674e-19   1.403933e-04   1.088099e-20   636
  7.253425e-01   2.806985e-19   2.706420e-04   9.073325e-21   648
  7.265596e-01   2.763779e-19   2.200024e-04   9.321985e-21   576
  7.274333e-01   2.933907e-19   3.548870e-04   1.107533e-20   528
  7.285953e-01   2.921638e-19   1.517289e-04   1.491204e-20   360
  7.295571e-01   2.438451e-19   3.490332e-04   7.879952e-21   672
  7.308130e-01   3.016187e-19   1.787806e-04   9.018912e-21   804
  7.318582e-01   2.675391e-19   1.972163e-04   1.106574e-20   408
  7.330145e-01   3.031710e-19   1.219011e-04   1.403693e-20   384
  7.337931e-01   2.290833e-19   2.789567e-04   1.157566e-20   480
  7.348913e-01   2.791446e-19   1.802469e-04   1.164625e-20   432
  7.359446e-01   2.976308e-19   3.321566e-04   9.939465e-21   648
  7.371913e-01   2.602030e-19   2.061016e-04   9.802118e-21   624
  7.381033e-01   2.577252e-19   1.874668e-04   1.090881e-20   456
  7.393486e-01   2.292306e-19   2.560963e-04   8.252012e-21   588
  7.401831e-01   2.467064e-19   1.633884e-04   7.859626e-21   600
  7.414016e-01   2.624359e-19   2.548458e-04   9.547206e-21   708
  7.423640e-01   2.717154e-19   1.605479e-04   1.242050e-20   360
  7.434275e-01   2.521793e-19   1.845541e-04   8.689033e-21   552
  7.444470e-01   2.206530e-19   1.294691e-04   1.045786e-20   288
  7.454820e-01   2.197969e-19   2.434372e-04   7.733588e-21   528
  7.464545e-01   2.564945e-19   1.642340e-04   8.941021e-21   456
  7.475410e-01   2.700218e-19   2.912225e-04   9.605324e-21   608
  7.486338e-01   2.299057e-19   1.408967e-04   1.012359e-20   504
  7.498278e-01   2.129017e-19   3.024972e-04   7.499839e-21   540
  7.507642e-01   2.422468e-19   3.247222e-04   1.130448e-20   360
  7.517735e-01   2.697253e-19   1.470509e-04   1.019061e-20   540
  7.526661e-01   2.283719e-19   1.262606e-04   9.247649e-21   576
  7.539642e-01   2.424523e-19   2.927555e-04   8.939953e-21   588
  7.551985e-01   2.184401e-19   4.039143e-04   7.315189e-21   672
  7.562588e-01   2.404045e-19   3.087151e-04   8.745775e-21   552
  7.571135e-01   2.253012e-19   3.088712e-04   1.424910e-20   144
  7.582042e-01   2.205076e-19   2.624178e-04   7.512440e-21   600
  7.592383e-01   1.966756e-19   3.288668e-04   8.433490e-21   504
  7.603860e-01   2.054173e-19   3.378126e-04   9.324077e-21   336
  7.615932e-01   2.210680e-19   3.797028e-04   7.772127e-21   600
  7.626744e-01   2.004233e-19   2.450478e-04   6.988660e-21   636
  7.638413e-01   2.680046e-19   1.970206e-04   1.308733e-20   384
  7.646595e-01   2.342639e-19   2.748205e-04   9.577225e-21   504
  7.658387e-01   1.780258e-19   1.153383e-04   1.025313e-20   240
  7.667694e-01   2.072270e-19   2.709461e-04   6.274757e-21   744
  7.678860e-01   1.974178e-19   1.850150e-04   6.688809e-21   648
  7.688783e-01   2.879686e-19   1.228185e-04   2.399496e-20   120
  7.700414e-01   2.140081e-19   1.929319e-04   7.938051e-21   564
  7.709202e-01   2.084663e-19   3.030111e-04   8.350420e-21   432
  7.720932e-01   1.971206e-19   2.351965e-04   7.500817e-21   480
  7.729764e-01   1.722495e-19   1.731106e-04   7.862161e-21   456
  7.740189e-01   2.255610e-19   2.864725e-04   8.350885e-21   444
  7.752020e-01   1.798328e-19   4.383180e-04   6.749577e-21   528
  7.762412e-01   2.096016e-19   3.255297e-04   1.130601e-20   264
  7.772498e-01   1.972651e-19   3.336195e-04   7.637290e-21   444
  7.786065e-01   2.045238e-19   3.654311e-04   6.067997e-21   696
  7.797327e-01   2.061560e-19   1.954448e-04   8.515815e-21   384
  7.805563e-01   1.943372e-19   2.469609e-04   8.538862e-21   432
  7.818373e-01   1.869564e-19   1.706384e-04   6.792057e-21   488
  7.826690e-01   1.931812e-19   2.571733e-04   7.147275e-21   480
  7.838749e-01   1.750625e-19   2.868014e-04   7.227202e-21   480
  7.848089e-01   1.638303e-19   1.203331e-04   7.018802e-21   240
  7.858692e-01   1.931490e-19   2.810886e-04   7.228501e-21   600
  7.868694e-01   1.838319e-19   2.449399e-04   8.198844e-21   288
  7.879343e-01   1.920844e-19   2.356143e-04   6.733017e-21   480
  7.890129e-01   1.725393e-19   4.191157e-04   6.985733e-21   504
  7.900748e-01   1.817926e-19   1.798267e-04   1.008254e-20   216
  7.914291e-01   1.814216e-19   2.944050e-04   6.705307e-21   504
  7.924838e-01   1.599517e-19   2.367912e-04   6.850175e-21   456
  7.936384e-01   2.148204e-19   1.358038e-04   1.002957e-20   384
  7.944031e-01   1.945184e-19   2.756326e-04   7.582942e-21   480
  7.954897e-01   1.723190e-19   2.420363e-04   7.108294e-21   504
  7.964966e-01   2.119308e-19   1.535327e-04   1.114249e-20   312
  7.975815e-01   1.958248e-19   2.474127e-04   7.621359e-21   492
  7.985417e-01   2.003602e-19   2.318919e-04   1.057496e-20   312
  7.997779e-01   1.573674e-19   3.766899e-04   4.960079e-21   576
  8.008661e-01   1.613188e-19   3.477153e-04   7.029197e-21   336
  8.017699e-01   1.443770e-19   2.677247e-04   8.667272e-21   240
  8.030228e-01   1.584629e-19   3.549351e-04   5.510936e-21   468
  8.041047e-01   1.920191e-19   2.222407e-04   9.800672e-21   192
  8.052370e-01   1.454157e-19   2.229031e-04   8.282458e-21   324
  8.060669e-01   1.637907e-19   1.617794e-04   5.608483e-21   600
  8.071978e-01   1.697147e-19   2.624704e-04   6.958892e-21   456
  8.080377e-01   1.757003e-19   1.180592e-04   1.012134e-20   336
  8.094297e-01   1.864309e-19   3.535027e-04   7.601883e-21   612
  8.104424e-01   1.539553e-19   2.966749e-04   1.274689e-20   144
  8.114002e-01   1.795128e-19   3.462957e-04   6.039544e-21   552
  8.127025e-01   1.305336e-19   1.363755e-04   6.992252e-21   264
  8.134384e-01   1.419311e-19   3.157441e-04   7.084737e-21   336
  8.145992e-01   1.703680e-19   2.086329e-04   7.829542e-21   384
  8.156059e-01   1.754600e-19   1.174397e-04   1.058126e-20   216
  8.167203e-01   1.427032e-19   2.489964e-04   8.416816e-21   344
  8.177364e-01   1.497967e-19   3.715143e-04   6.665144e-21   408
  8.189746e-01   1.587838e-19   2.854845e-04   7.874987e-21   264
  8.200718e-01   1.554955e-19   3.979796e-04   5.308277e-21   612
  8.211681e-01   1.916833e-19   2.048307e-04   8.334068e-21   408
  8.222956e-01   1.737952e-19   2.051251e-04   9.132884e-21   444
  8.231239e-01   2.141655e-19   1.147249e-04   1.418192e-20   120
  8.242338e-01   1.752341e-19   3.169640e-04   8.576983e-21   336
  8.250576e-01   1.316304e-19   1.101437e-04   6.933973e-21   288
  8.261708e-01   1.579448e-19   3.427692e-04   6.988442e-21   552
  8.277012e-01   1.555563e-19   1.835347e-08   1.805504e-20   72
  8.284882e-01   1.403394e-19   3.404572e-04   5.572310e-21   504
  8.294074e-01   9.742420e-20   1.095558e-04   4.329370e-21   216
  8.305983e-01   1.504210e-19   1.956043e-04   8.321784e-21   312
  8.316675e-01   1.561896e-19   2.227263e-04   7.466653e-21   336
  8.326865e-01   1.453583e-19   3.087236e-04   1.071811e-20   204
  8.337014e-01   1.525272e-19   3.587838e-04   6.333387e-21   504
  8.347777e-01   1.627191e-19   3.416652e-04   8.256319e-21   396
  8.358127e-01   1.529362e-19   3.133249e-04   7.621149e-21   312
  8.370674e-01   1.943099e-19   1.914750e-04   1.276978e-20   216
  8.379516e-01   1.255576e-19   1.039172e-04   7.630586e-21   168
  8.390260e-01   1.510533e-19   2.623966e-04   5.993431e-21   588
  8.402521e-01   1.270047e-19   3.561727e-04   7.621423e-21   240
  8.412047e-01   1.275301e-19   3.145601e-04   6.969102e-21   264
  8.423219e-01   1.377273e-19   3.890183e-04   6.819160e-21   288
  8.433131e-01   1.307913e-19   1.942596e-04   7.516434e-21   288
  8.445693e-01   1.555931e-19   1.824406e-04   8.470085e-21   288
  8.454153e-01   1.421630e-19   2.113423e-04   7.173112e-21   192
  8.464795e-01   1.193498e-19   2.248894e-04   7.934170e-21   264
  8.474933e-01   1.812745e-19   3.699119e-04   9.206258e-21   372
  8.485844e-01   1.579046e-19   3.995208e-04   8.086542e-21   360
  8.499161e-01   1.776923e-19   1.690810e-04   1.422751e-20   144
  8.506044e-01   1.238616e-19   2.348461e-04   6.535292e-21   296
  8.516909e-01   1.319367e-19   2.530345e-04   7.070673e-21   288
  8.529347e-01   1.285274e-19   3.781537e-04   5.140380e-21   480
  8.540076e-01   1.423259e-19   3.142096e-04   8.669478e-21   192
  8.550509e-01   1.353384e-19   3.370327e-04   8.898351e-21   192
  8.559992e-01   1.190990e-19   2.147949e-04   8.171640e-21   288
  8.573180e-01   8.712421e-20   1.869760e-04   5.453987e-21   108
  8.579823e-01   1.647083e-19   1.797545e-04   8.320643e-21   240
  8.591554e-01   1.149030e-19   3.353363e-04   5.196517e-21   384
  8.603605e-01   1.294010e-19   4.090723e-04   1.042452e-20   108
  8.614261e-01   1.652112e-19   2.398466e-04   8.049683e-21   348
  8.625466e-01   1.236921e-19   2.503134e-04   7.740821e-21   312
  8.635474e-01   1.126092e-19   2.432319e-04   1.160242e-20   96
  8.644677e-01   1.284015e-19   3.238194e-04   7.594805e-21   384
  8.654984e-01   1.201150e-19   2.227222e-04   8.951934e-21   144
  8.665066e-01   1.180839e-19   3.422225e-04   5.116541e-21   408
  8.677598e-01   1.121340e-19   1.526554e-04   5.983960e-21   144
  8.689437e-01   1.252560e-19   2.934816e-04   8.166346e-21   192
  8.696459e-01   1.198749e-19   3.303190e-04   7.869209e-21   144
  8.707904e-01   9.680491e-20   2.685615e-04   5.830842e-21   144
  8.718702e-01   1.173584e-19   3.282257e-04   5.772051e-21   336
  8.731927e-01   8.922178e-20   2.428454e-04   4.000233e-21   240
  8.740312e-01   1.372047e-19   1.102739e-04   1.305461e-20   96
  8.752007e-01   1.301138e-19   3.233803e-04   7.211180e-21   372
  8.763838e-01   1.343785e-19   3.846540e-04   1.404730e-20   132
  8.774230e-01   1.010727e-19   2.380193e-04   5.431211e-21   264
  8.783527e-01   1.237617e-19   1.827880e-04   9.161404e-21   168
  8.793449e-01   1.281856e-19   2.922429e-04   7.286713e-21   216
  8.802213e-01   1.402380e-19   1.787978e-04   1.254211e-20   216
  8.814979e-01   7.682111e-20   3.280196e-04   6.538637e-21   96
  8.826561e-01   1.486662e-19   2.140028e-04   1.191201e-20   120
  8.837183e-01   1.063185e-19   2.720578e-04   5.345959e-21   216
  8.845934e-01   8.546357e-20   1.188902e-04   5.578235e-21   200
  8.857519e-01   9.773377e-20   3.077557e-04   5.811111e-21   288
  8.872378e-01   8.346071e-20   8.097649e-05   4.997598e-21   144
  8.878635e-01   9.196357e-20   2.519939e-04   5.912360e-21   168
  8.891412e-01   1.122064e-19   2.835956e-04   7.965752e-21   159
  8.901386e-01   9.139768e-20   2.975600e-04   5.212507e-21   174
  8.911039e-01   9.542925e-20   2.698170e-04   5.987760e-21   144
  8.923678e-01   1.063059e-19   1.557998e-04   7.704814e-21   222
  8.932131e-01   9.024954e-20   1.572158e-04   6.065697e-21   168
  8.946732e-01   1.191983e-19   3.448346e-04   1.730758e-20   30
  8.952763e-01   5.635649e-20   3.044637e-04   4.676502e-21   72
  8.964123e-01   9.795004e-20   2.717302e-04   5.473557e-21   258
  8.976612e-01   7.978461e-20   1.701916e-04   3.811684e-21   264
  8.982857e-01   8.222679e-20   0.000000e+00   6.885390e-21   72
  8.995871e-01   8.260814e-20   3.373270e-04   4.999908e-21   174
  9.007654e-01   8.823587e-20   3.591909e-04   5.835027e-21   168
  9.017127e-01   7.904475e-20   1.123916e-08   7.353592e-21   48
  9.027297e-01   8.852060e-20   2.028435e-04   4.639220e-21   150
  9.039088e-01   9.994704e-20   3.731453e-04   6.991931e-21   168
  9.050911e-01   8.137190e-20   2.273028e-04   4.595886e-21   144
  9.061784e-01   8.228270e-20   2.123525e-04   7.144536e-21   102
  9.069882e-01   6.399886e-20   3.143182e-04   4.001119e-21   96
  9.082731e-01   6.051691e-20   3.119397e-04   3.891148e-21   120
  9.092246e-01   6.482649e-20   3.345635e-04   3.517156e-21   168
  9.102538e-01   1.046392e-19   2.470487e-04   7.907734e-21   126
  9.111308e-01   8.012579e-20   1.863241e-04   4.142513e-21   168
  9.123389e-01   5.632206e-20   2.987709e-04   4.086003e-21   72
  9.133947e-01   7.430638e-20   3.741278e-04   4.746522e-21   168
  9.143196e-01   9.407141e-20   1.025668e-04   7.616394e-21   78
  9.155870e-01   6.982430e-20   1.684070e-04   9.946321e-21   60
  9.166075e-01   9.487963e-20   2.731835e-04   8.926971e-21   96
  9.176659e-01   6.519353e-20   3.314854e-04   3.999750e-21   168
  9.186605e-01   6.595745e-20   2.097511e-04   7.367341e-21   86
  9.197042e-01   6.816588e-20   1.874678e-04   5.132247e-21   120
  9.212002e-01   6.494227e-20   1.336894e-04   4.152497e-21   168
  9.220069e-01   5.095971e-20   0.000000e+00   5.383371e-21   48
  9.230934e-01   9.263123e-20   2.435676e-04   7.697604e-21   120
  9.237177e-01   7.391662e-20   1.776924e-04   5.681338e-21   126
  9.252418e-01   8.607953e-20   3.125113e-04   6.564826e-21   96
  9.262310e-01   6.952193e-20   9.011285e-05   6.333005e-21   96
  9.270111e-01   5.923453e-20   0.000000e+00   4.884346e-21   72
  9.286731e-01   5.341081e-20   1.123916e-08   5.758337e-21   24
  9.297104e-01   7.461465e-20   1.854501e-04   4.964117e-21   120
  9.305196e-01   7.358134e-20   2.705147e-04   5.970399e-21   126
  9.314194e-01   6.592491e-20   2.255107e-04   4.733007e-21   96
  9.324708e-01   6.211671e-20   3.897482e-04   6.624842e-21   72
  9.336415e-01   6.416440e-20   1.685792e-04   3.390798e-21   144
  9.346046e-01   6.039856e-20   9.723254e-05   4.336619e-21   72
  9.355666e-01   6.542983e-20   1.942081e-04   7.534867e-21   54
  9.364132e-01   8.755206e-20   1.711436e-04   5.326855e-21   108
  9.381728e-01   6.940879e-20   1.677650e-04   4.982351e-21   72
  9.387206e-01   7.639578e-20   9.680617e-05   8.212883e-21   72
  9.400202e-01   3.322177e-20   1.946680e-08   3.920540e-21   24
  9.412498e-01   4.773173e-20   2.047976e-04   4.025986e-21   48
  9.419964e-01   6.770720e-20   1.560029e-04   5.564940e-21   102
  9.431203e-01   7.779945e-20   3.528137e-04   4.887293e-21   168
  9.445889e-01   5.057449e-20   1.924163e-04   3.879530e-21   72
  9.451330e-01   5.146633e-20   0.000000e+00   4.749595e-21   48
  9.462744e-01   5.852031e-20   3.309678e-04   4.285652e-21   120
  9.477807e-01   5.580381e-20   2.033864e-04   3.036475e-21   96
  9.492033e-01   6.820150e-20   2.202416e-08   8.935829e-21   30
  9.508942e-01   7.383810e-20   9.555995e-05   6.099100e-21   72
  9.516372e-01   5.759998e-20   1.123916e-08   7.171724e-21   24
  9.525916e-01   4.356160e-20   1.416435e-04   4.723892e-21   56
  9.536606e-01   5.070273e-20   2.021324e-04   3.120166e-21   96
  9.549399e-01   6.994630e-20   2.232036e-04   4.532275e-21   144
  9.559263e-01   6.453219e-20   1.267263e-04   6.940363e-21   54
  9.573592e-01   5.174224e-20   1.898493e-04   3.642899e-21   108
  9.588012e-01   7.073001e-20   1.005243e-04   7.059717e-21   48
  9.601739e-01   6.583481e-20   3.785063e-04   6.026138e-21   72
  9.634680e-01   6.174661e-20   2.500803e-04   4.462173e-21   78
  9.643808e-01   4.212760e-20   1.884669e-04   3.036826e-21   72
  9.654462e-01   5.243250e-20   1.882329e-04   4.147016e-21   72
  9.665603e-01   4.959261e-20   4.542266e-04   3.737835e-21   96
  9.674408e-01   5.198619e-20   1.878449e-04   4.450675e-21   72
  9.685029e-01   5.220369e-20   0.000000e+00   6.949776e-21   24
  9.695638e-01   6.234785e-20   3.748416e-04   4.501798e-21   72
  9.719599e-01   6.932843e-20   2.380359e-04   8.741270e-21   30
  9.724755e-01   6.258442e-20   0.000000e+00   8.402174e-21   24
  9.752466e-01   5.203482e-20   1.976584e-04   5.294164e-21   48
  9.761159e-01   5.291481e-20   4.253608e-04   3.098493e-21   120
  9.772870e-01   6.008386e-20   1.859776e-04   5.333284e-21   72
  9.784697e-01   4.258285e-20   1.857528e-04   4.585319e-21   36
  9.792826e-01   5.241246e-20   3.671339e-04   3.329389e-21   78
  9.815513e-01   5.819164e-20   1.963888e-04   8.903341e-21   48
  9.844928e-01   6.474471e-20   1.589457e-08   9.295443e-21   24
  9.865884e-01   4.911540e-20   1.367612e-04   3.494175e-21   56
  9.876436e-01   4.790670e-20   2.104496e-04   2.965473e-21   102
  9.889860e-01   4.720514e-20   1.498555e-08   4.044355e-21   72
  9.897653e-01   6.304974e-20   0.000000e+00   8.484328e-21   24
  9.911277e-01   4.493437e-20   1.944913e-04   3.706244e-21   48
  9.936528e-01   6.784119e-20   0.000000e+00   9.211559e-21   24
  9.967520e-01   4.785857e-20   0.000000e+00   8.175780e-21   6
  9.977185e-01   4.632438e-20   0.000000e+00   4.663127e-21   24
  9.983623e-01   4.580134e-20   1.820511e-04   3.929296e-21   72
  9.995384e-01   5.058200e-20   3.396336e-04   3.487995e-21   84
  1.000805e+00   4.535677e-20   0.000000e+00   6.248242e-21   24
  1.001190e+00   5.219769e-20   1.589457e-08   6.806204e-21   24
  1.003114e+00   5.182197e-20   1.123916e-08   5.655742e-21   24
  1.005800e+00   7.739658e-20   0.000000e+00   1.507341e-20   6
  1.009244e+00   5.040865e-20   1.910001e-04   6.500999e-21   48
  1.010072e+00   5.530275e-20   3.598129e-04   4.247401e-21   72
  1.011152e+00   5.177193e-20   1.906396e-04   4.617953e-21   48
  1.012867e+00   5.270053e-20   0.000000e+00   6.456560e-21   24
  1.015148e+00   1.240641e-19   1.123916e-08   2.057704e-20   6
  1.020262e+00   6.081771e-20   0.000000e+00   8.450514e-21   8
  1.020640e+00   4.862025e-20   1.123916e-08   6.444594e-21   48
  1.021546e+00   4.627634e-20   1.848806e-04   3.620195e-21   60
  1.022904e+00   5.672710e-20   0.000000e+00   4.545562e-21   24
  1.024787e+00   5.433857e-20   0.000000e+00   1.522346e-20   6
  1.031723e+00   6.704405e-20   0.000000e+00   6.251926e-21   24
  1.032283e+00   4.237919e-20   1.867372e-04   3.733779e-21   48
  1.033217e+00   5.971326e-20   0.000000e+00   7.894855e-21   24
  1.034708e+00   7.813493e-21   1.123916e-08   1.196005e-21   6
  1.043181e+00   4.912593e-20   1.742080e-04   5.290896e-21   36
  1.043797e+00   2.665147e-20   0.000000e+00   4.116566e-21   24
  1.044904e+00   2.139317e-20   0.000000e+00   2.837694e-21   6
  1.054545e+00   5.288016e-20   1.583190e-04   5.039105e-21   32
  1.055367e+00   3.817879e-20   1.123916e-08   8.599869e-21   6
  1.065728e+00   6.945845e-20   0.000000e+00   1.199307e-20   12
  1.066089e+00   5.141598e-20   0.000000e+00   7.102186e-21   6
  1.077063e+00   2.619250e-20   1.589457e-08   6.634332e-21   6
