# power spectrum of phi
# redshift z=1.000000
# k              Pk             sigma(k)       sigma(Pk)      count
  1.963495e-02   1.314022e-10   0.000000e+00   4.855102e-11   6
  2.776802e-02   1.952815e-10   0.000000e+00   4.287911e-11   12
  3.400874e-02   9.763827e-11   3.725290e-10   2.760050e-11   8
  3.926991e-02   8.232372e-11   0.000000e+00   2.128790e-11   6
  4.390509e-02   6.575485e-11   0.000000e+00   8.387432e-12   24
  4.809562e-02   5.401170e-11   7.024475e-10   1.053159e-11   24
  5.553604e-02   1.493391e-11   0.000000e+00   3.444326e-12   12
  5.890486e-02   3.951665e-11   7.947286e-10   4.334384e-12   30
  6.209118e-02   2.314232e-11   0.000000e+00   4.273120e-12   24
  6.512178e-02   2.828097e-11   1.216675e-09   5.545616e-12   24
  6.801748e-02   5.441199e-11   7.450581e-10   1.920644e-11   8
  7.079483e-02   2.184353e-11   9.934107e-10   4.016850e-12   24
  7.346727e-02   1.819189e-11   0.000000e+00   2.069788e-12   48
  7.853982e-02   1.377394e-11   0.000000e+00   5.596289e-13   6
  8.095699e-02   2.179551e-11   1.404895e-09   2.359108e-12   48
  8.330406e-02   1.899995e-11   0.000000e+00   2.737643e-12   36
  8.558678e-02   9.318108e-12   9.934107e-10   2.516528e-12   24
  8.781018e-02   1.083921e-11   0.000000e+00   1.800697e-12   24
  8.997866e-02   1.203167e-11   0.000000e+00   1.665914e-12   48
  9.209610e-02   1.806341e-11   1.404895e-09   3.460544e-12   24
  9.619124e-02   1.008641e-11   1.404895e-09   2.080561e-12   24
  9.817477e-02   1.171054e-11   0.000000e+00   2.002172e-12   30
  1.001190e-01   1.138964e-11   0.000000e+00   1.146586e-12   72
  1.020262e-01   1.227624e-11   1.490116e-09   1.966495e-12   32
  1.057375e-01   8.587388e-12   0.000000e+00   1.300699e-12   72
  1.075451e-01   8.093008e-12   0.000000e+00   1.048154e-12   48
  1.110721e-01   4.737872e-12   0.000000e+00   8.944581e-13   12
  1.127942e-01   9.160907e-12   0.000000e+00   1.182535e-12   48
  1.144905e-01   8.573914e-12   0.000000e+00   1.216846e-12   48
  1.161620e-01   5.701080e-12   1.404895e-09   8.441117e-13   48
  1.178097e-01   5.738603e-12   1.589457e-09   9.556659e-13   30
  1.194348e-01   6.126873e-12   1.404895e-09   9.206998e-13   24
  1.210380e-01   6.871895e-12   2.961779e-09   6.225876e-13   72
  1.241824e-01   5.769647e-12   0.000000e+00   2.363248e-12   24
  1.257251e-01   7.523360e-12   0.000000e+00   7.072486e-13   96
  1.272490e-01   4.375074e-12   0.000000e+00   7.167220e-13   48
  1.287550e-01   5.108777e-12   2.433349e-09   8.718795e-13   24
  1.302436e-01   9.860878e-12   2.433349e-09   1.610698e-12   24
  1.317153e-01   5.738592e-12   0.000000e+00   7.193754e-13   72
  1.331707e-01   6.016647e-12   0.000000e+00   8.080185e-13   48
  1.360350e-01   7.876639e-12   1.490116e-09   2.925420e-12   8
  1.374447e-01   5.289016e-12   1.766064e-09   4.938067e-13   54
  1.388401e-01   6.154286e-12   0.000000e+00   7.369407e-13   84
  1.402216e-01   3.999213e-12   0.000000e+00   5.554950e-13   48
  1.415897e-01   3.986828e-12   1.986821e-09   1.035806e-12   24
  1.429446e-01   4.275607e-12   1.873193e-09   4.977259e-13   72
  1.442869e-01   3.956071e-12   0.000000e+00   3.446135e-13   96
  1.469345e-01   3.505031e-12   0.000000e+00   3.824093e-13   48
  1.482407e-01   3.378534e-12   0.000000e+00   4.283123e-13   48
  1.495354e-01   2.570385e-12   1.986821e-09   5.518944e-13   24
  1.508189e-01   2.979263e-12   0.000000e+00   3.482040e-13   72
  1.533539e-01   3.427594e-12   1.873193e-09   4.036949e-13   72
  1.546058e-01   2.959011e-12   0.000000e+00   2.620793e-13   96
  1.570796e-01   6.795197e-13   0.000000e+00   2.850051e-13   6
  1.583021e-01   2.979621e-12   0.000000e+00   3.242165e-13   96
  1.595151e-01   2.948124e-12   1.986821e-09   2.472550e-13   96
  1.607190e-01   3.678777e-12   0.000000e+00   6.475538e-13   24
  1.619140e-01   2.795693e-12   2.809790e-09   3.760733e-13   48
  1.631002e-01   2.064321e-12   0.000000e+00   1.977388e-13   96
  1.642778e-01   1.950904e-12   0.000000e+00   2.409420e-13   48
  1.666081e-01   2.789716e-12   0.000000e+00   5.247708e-13   36
  1.677611e-01   1.924872e-12   3.441276e-09   3.576603e-13   48
  1.689063e-01   2.255900e-12   3.893359e-09   2.168329e-13   120
  1.700437e-01   2.809067e-12   0.000000e+00   3.244031e-13   56
  1.711736e-01   1.392389e-12   1.986821e-09   3.336961e-13   24
  1.722960e-01   1.801494e-12   0.000000e+00   1.639039e-13   96
  1.734112e-01   2.575246e-12   0.000000e+00   3.639916e-13   48
  1.756204e-01   1.827893e-12   0.000000e+00   3.579717e-13   24
  1.767146e-01   2.480825e-12   0.000000e+00   2.253998e-13   102
  1.778021e-01   2.797432e-12   0.000000e+00   5.755373e-13   48
  1.788829e-01   2.882978e-12   0.000000e+00   2.639488e-13   72
  1.799573e-01   1.869703e-12   0.000000e+00   2.878222e-13   48
  1.810253e-01   2.765122e-12   0.000000e+00   4.747487e-13   48
  1.820871e-01   2.218988e-12   4.495664e-09   2.113982e-13   120
  1.841922e-01   1.106691e-12   2.809790e-09   2.328080e-13   24
  1.852358e-01   2.002952e-12   2.649095e-09   1.592033e-13   144
  1.862735e-01   1.773098e-12   3.178914e-09   1.536209e-13   120
  1.873055e-01   2.454873e-12   2.809790e-09   3.248770e-13   48
  1.893526e-01   1.739660e-12   2.809790e-09   2.903361e-13   48
  1.903679e-01   1.762319e-12   2.809790e-09   2.044877e-13   96
  1.930487e-01   1.645426e-12   4.711199e-04   2.513095e-13   72
  1.943761e-01   1.709307e-12   3.532127e-09   1.613528e-13   108
  1.953653e-01   1.498057e-12   0.000000e+00   1.678186e-13   72
  1.963495e-01   1.947503e-12   0.000000e+00   2.477049e-13   30
  1.973288e-01   1.844353e-12   0.000000e+00   1.357917e-13   168
  1.983033e-01   2.008759e-12   0.000000e+00   3.348934e-13   48
  2.002380e-01   1.737102e-12   0.000000e+00   1.915138e-13   72
  2.011984e-01   2.009693e-12   0.000000e+00   1.818568e-13   96
  2.021542e-01   1.430345e-12   5.298191e-09   1.306983e-13   72
  2.031055e-01   1.496620e-12   0.000000e+00   1.480864e-13   72
  2.047049e-01   1.171612e-12   4.350048e-04   1.008540e-13   104
  2.059331e-01   1.543697e-12   3.746387e-09   1.341332e-13   144
  2.087224e-01   1.789936e-12   6.282881e-09   1.938707e-13   96
  2.096439e-01   1.155576e-12   0.000000e+00   1.306037e-13   96
  2.111095e-01   1.094949e-12   4.475232e-04   1.055019e-13   120
  2.123845e-01   1.145413e-12   0.000000e+00   1.283495e-13   120
  2.132902e-01   1.523476e-12   0.000000e+00   1.508037e-13   72
  2.150901e-01   1.753692e-12   0.000000e+00   2.298738e-13   48
  2.159845e-01   9.407830e-13   4.235416e-09   9.401534e-14   78
  2.171286e-01   1.032186e-12   4.007142e-04   7.693707e-14   168
  2.195255e-01   1.213185e-12   3.746387e-09   1.275625e-13   144
  2.204018e-01   1.436120e-12   3.746387e-09   1.067713e-13   144
  2.229436e-01   1.208934e-12   2.307791e-04   9.454777e-14   156
  2.238729e-01   9.504367e-13   4.866699e-09   1.221468e-13   48
  2.247323e-01   1.034668e-12   3.178914e-09   1.027567e-13   120
  2.255884e-01   1.153490e-12   0.000000e+00   1.575516e-13   48
  2.271022e-01   9.007830e-13   3.532495e-04   6.074649e-14   216
  2.289809e-01   9.206042e-13   0.000000e+00   1.470538e-13   48
  2.298212e-01   7.815086e-13   2.809790e-09   1.058317e-13   96
  2.310160e-01   8.860480e-13   4.128272e-04   6.928099e-14   168
  2.323239e-01   7.655784e-13   2.809790e-09   1.064595e-13   48
  2.331522e-01   8.545841e-13   0.000000e+00   7.944456e-14   96
  2.339775e-01   5.956893e-13   0.000000e+00   8.013846e-14   48
  2.356194e-01   7.466683e-13   3.178914e-09   1.232625e-13   30
  2.364362e-01   1.013277e-12   2.809790e-09   9.974686e-14   96
  2.374123e-01   9.093591e-13   3.244455e-04   6.046790e-14   240
  2.386674e-01   8.178261e-13   3.500299e-04   1.742171e-13   32
  2.396752e-01   6.651235e-13   0.000000e+00   3.824178e-14   168
  2.404781e-01   8.840020e-13   0.000000e+00   6.903760e-14   120
  2.420760e-01   9.122996e-13   5.923557e-09   1.071983e-13   72
  2.428710e-01   7.709872e-13   3.746387e-09   5.654744e-14   144
  2.436634e-01   7.050718e-13   0.000000e+00   8.076102e-14   96
  2.444532e-01   6.847042e-13   0.000000e+00   7.382523e-14   96
  2.460253e-01   1.284661e-12   4.588368e-09   1.438693e-13   72
  2.468075e-01   7.247300e-13   3.973643e-09   9.810400e-14   96
  2.483647e-01   1.100079e-12   0.000000e+00   2.971144e-13   24
  2.491396e-01   8.320150e-13   0.000000e+00   5.800368e-14   192
  2.500522e-01   6.580929e-13   2.970416e-04   6.471803e-14   132
  2.514501e-01   5.281629e-13   0.000000e+00   4.669606e-14   96
  2.522156e-01   5.626198e-13   0.000000e+00   5.544925e-14   96
  2.529787e-01   6.457591e-13   3.178914e-09   6.267129e-14   120
  2.544981e-01   6.131369e-13   0.000000e+00   8.156230e-14   48
  2.557435e-01   7.467577e-13   3.599905e-04   4.996272e-14   222
  2.567603e-01   5.074963e-13   0.000000e+00   6.714791e-14   120
  2.575100e-01   5.157451e-13   4.866699e-09   1.048837e-13   24
  2.586015e-01   7.165386e-13   3.715625e-04   5.041993e-14   312
  2.609797e-01   7.578450e-13   3.483547e-04   8.270260e-14   72
  2.619630e-01   7.889334e-13   2.809790e-09   9.889919e-14   96
  2.629726e-01   6.296219e-13   3.547511e-04   5.804102e-14   192
  2.641613e-01   5.666047e-13   4.495664e-09   4.100674e-14   120
  2.648900e-01   6.662952e-13   0.000000e+00   6.101746e-14   144
  2.663415e-01   5.695842e-13   0.000000e+00   9.442825e-14   48
  2.673732e-01   5.760528e-13   3.567146e-04   3.175986e-14   336
  2.685040e-01   4.363331e-13   0.000000e+00   4.197157e-14   48
  2.699360e-01   5.660777e-13   0.000000e+00   5.104936e-14   192
  2.706492e-01   3.183864e-13   0.000000e+00   4.033816e-14   48
  2.726764e-01   4.278500e-13   2.476067e-04   5.086263e-14   56
  2.736844e-01   5.358672e-13   3.180112e-04   2.746950e-14   336
  2.748894e-01   6.353088e-13   3.532127e-09   8.331115e-14   54
  2.759390e-01   6.005372e-13   3.492904e-04   4.268769e-14   240
  2.781181e-01   4.316828e-13   3.344484e-04   2.666432e-14   228
  2.790651e-01   3.745790e-13   3.746387e-09   3.860067e-14   72
  2.799844e-01   5.202574e-13   3.244231e-04   4.733758e-14   144
  2.811298e-01   6.583746e-13   0.000000e+00   7.854584e-14   96
  2.818146e-01   4.434770e-13   4.495664e-09   3.373533e-14   240
  2.831793e-01   3.908241e-13   3.973643e-09   7.464791e-14   24
  2.840530e-01   4.917966e-13   3.064151e-04   2.943142e-14   336
  2.852142e-01   3.793726e-13   0.000000e+00   5.666404e-14   72
  2.862741e-01   4.733999e-13   3.332831e-04   3.823801e-14   168
  2.872346e-01   6.219204e-13   0.000000e+00   4.838609e-14   72
  2.885737e-01   4.765653e-13   0.000000e+00   4.907642e-14   96
  2.896108e-01   3.252863e-13   3.307829e-04   2.264139e-14   216
  2.905708e-01   4.361537e-13   3.973643e-09   4.259347e-14   96
  2.918946e-01   4.730101e-13   0.000000e+00   3.739030e-14   192
  2.925542e-01   4.576047e-13   3.746387e-09   3.413990e-14   144
  2.938691e-01   3.193072e-13   0.000000e+00   4.092420e-14   48
  2.947794e-01   4.505199e-13   3.189136e-04   3.286926e-14   246
  2.960164e-01   4.426816e-13   2.940434e-04   3.476772e-14   168
  2.971308e-01   4.342119e-13   5.506041e-09   4.553024e-14   120
  2.977788e-01   4.227692e-13   0.000000e+00   3.232765e-14   240
  2.990707e-01   4.843259e-13   3.973643e-09   5.137034e-14   24
  3.001001e-01   3.560077e-13   3.147475e-04   1.887047e-14   360
  3.013820e-01   4.603562e-13   3.134082e-04   4.272484e-14   120
  3.022763e-01   4.481053e-13   0.000000e+00   3.535268e-14   144
  3.029133e-01   5.473978e-13   0.000000e+00   5.905302e-14   96
  3.048165e-01   3.818312e-13   0.000000e+00   3.667780e-14   144
  3.054482e-01   4.046951e-13   0.000000e+00   3.218535e-14   132
  3.063360e-01   3.400506e-13   3.093292e-04   2.783655e-14   176
  3.076248e-01   3.082142e-13   3.123602e-04   1.956672e-14   312
  3.092116e-01   2.793480e-13   0.000000e+00   2.697793e-14   96
  3.098343e-01   3.136215e-13   0.000000e+00   2.609291e-14   144
  3.107899e-01   3.373289e-13   3.092271e-04   1.817533e-14   312
  3.123131e-01   1.521273e-13   0.000000e+00   1.821077e-14   48
  3.129297e-01   3.466280e-13   3.973643e-09   2.512569e-14   192
  3.141593e-01   5.966669e-13   0.000000e+00   1.241269e-13   6
  3.149762e-01   3.085581e-13   2.884066e-04   2.227597e-14   288
  3.162994e-01   2.907042e-13   3.047203e-04   2.116296e-14   192
  3.172124e-01   3.187520e-13   9.345130e-09   2.094738e-14   216
  3.178195e-01   3.158347e-13   0.000000e+00   4.092713e-14   72
  3.193321e-01   2.930683e-13   3.018264e-04   2.152731e-14   192
  3.203366e-01   3.142848e-13   2.241224e-04   1.961764e-14   288
  3.214381e-01   2.635182e-13   0.000000e+00   6.004694e-14   24
  3.222890e-01   2.646302e-13   2.952626e-04   1.431693e-14   456
  3.238280e-01   3.804148e-13   5.619580e-09   5.691392e-14   48
  3.247789e-01   2.996015e-13   2.908218e-04   2.034853e-14   240
  3.258718e-01   2.606511e-13   2.939082e-04   1.591883e-14   216
  3.267908e-01   3.395822e-13   0.000000e+00   3.589001e-14   72
  3.273801e-01   3.522568e-13   1.015467e-08   2.882654e-14   168
  3.290441e-01   2.693562e-13   2.184577e-04   1.748422e-14   288
  3.299773e-01   3.078824e-13   2.890570e-04   2.699769e-14   168
  3.314762e-01   2.108357e-13   0.000000e+00   1.951817e-14   192
  3.320572e-01   2.272489e-13   3.746387e-09   2.130468e-14   144
  3.332162e-01   3.774789e-13   0.000000e+00   4.448255e-14   36
  3.341991e-01   2.726740e-13   2.639705e-04   1.530488e-14   342
  3.351389e-01   3.182979e-13   2.710657e-04   2.952867e-14   144
  3.363470e-01   2.673686e-13   2.842800e-04   1.784146e-14   384
  3.378125e-01   2.335310e-13   7.786718e-09   2.435236e-14   120
  3.385379e-01   3.154802e-13   2.534951e-04   2.279344e-14   264
  3.395201e-01   2.469125e-13   1.256576e-08   2.173742e-14   192
  3.404451e-01   1.958588e-13   2.731894e-04   1.854112e-14   152
  3.412191e-01   2.901765e-13   7.492773e-09   3.117240e-14   144
  3.428472e-01   2.208942e-13   1.768108e-04   1.789686e-14   216
  3.436008e-01   2.545889e-13   2.362665e-04   1.569552e-14   312
  3.449274e-01   2.392397e-13   2.738281e-04   1.621234e-14   240
  3.457090e-01   1.749429e-13   3.973643e-09   2.020339e-14   96
  3.471927e-01   1.633102e-13   2.617995e-04   1.604745e-14   144
  3.481071e-01   1.724721e-13   2.573258e-04   8.607462e-15   456
  3.495904e-01   1.789661e-13   0.000000e+00   1.883105e-14   120
  3.501414e-01   2.239529e-13   0.000000e+00   2.340429e-14   144
  3.512407e-01   2.606879e-13   0.000000e+00   4.978050e-14   24
  3.519456e-01   1.826136e-13   2.473498e-04   1.047872e-14   336
  3.531645e-01   1.891435e-13   2.727931e-04   1.384340e-14   198
  3.543067e-01   2.053449e-13   2.652756e-04   1.231509e-14   432
  3.556041e-01   3.934772e-13   0.000000e+00   7.494963e-14   48
  3.562810e-01   2.225910e-13   2.341925e-04   1.444463e-14   384
  3.574963e-01   1.660891e-13   2.696052e-04   1.565219e-14   144
  3.585975e-01   2.402788e-13   2.676825e-04   1.879373e-14   264
  3.599147e-01   2.050657e-13   0.000000e+00   2.210812e-14   48
  3.607984e-01   1.842959e-13   2.545223e-04   1.244387e-14   276
  3.616510e-01   1.668803e-13   2.307176e-04   1.155407e-14   192
  3.627906e-01   1.710914e-13   2.592759e-04   7.573867e-15   552
  3.641741e-01   2.047365e-13   8.991328e-09   2.711801e-14   120
  3.649965e-01   1.503114e-13   2.624511e-04   1.083957e-14   216
  3.657587e-01   2.183598e-13   4.495664e-09   2.266984e-14   120
  3.671201e-01   1.851972e-13   2.584500e-04   8.818241e-15   408
  3.683844e-01   6.629594e-14   5.619580e-09   9.049585e-15   24
  3.691684e-01   1.804462e-13   2.610810e-04   9.613658e-15   384
  3.702633e-01   1.494982e-13   2.550855e-04   8.499600e-15   240
  3.712141e-01   1.681713e-13   2.569535e-04   1.014860e-14   168
  3.725471e-01   1.323712e-13   6.357829e-09   1.766917e-14   120
  3.734064e-01   1.507768e-13   2.678605e-04   9.153026e-15   350
  3.748037e-01   2.181793e-13   4.409502e-04   1.484853e-14   384
  3.756388e-01   2.054352e-13   0.000000e+00   2.187486e-14   144
  3.771752e-01   1.532520e-13   1.059638e-08   1.218484e-14   288
  3.779773e-01   1.797808e-13   2.524053e-04   1.223508e-14   336
  3.790686e-01   1.340690e-13   2.297941e-04   1.185925e-14   168
  3.797219e-01   1.804508e-13   4.541306e-09   1.227953e-14   336
  3.810732e-01   1.217480e-13   2.385126e-04   9.291055e-15   288
  3.818848e-01   1.717025e-13   2.247398e-04   1.325209e-14   264
  3.832590e-01   1.581365e-13   0.000000e+00   1.344287e-14   240
  3.837616e-01   1.363907e-13   7.947286e-09   1.372939e-14   96
  3.855656e-01   1.632773e-13   3.056310e-04   9.636063e-15   360
  3.864075e-01   2.015033e-13   2.253025e-04   2.348913e-14   168
  3.874713e-01   1.422265e-13   2.456032e-04   7.798357e-15   456
  3.887523e-01   1.617265e-13   7.064254e-09   1.956626e-14   108
  3.894728e-01   1.085804e-13   2.464311e-04   7.432923e-15   264
  3.903716e-01   1.164423e-13   2.198567e-04   7.517073e-15   264
  3.916025e-01   1.286621e-13   2.074668e-04   7.760065e-15   312
  3.931351e-01   1.342691e-13   1.541705e-04   9.160701e-15   270
  3.937775e-01   1.686287e-13   1.957388e-04   1.285858e-14   240
  3.949323e-01   1.514480e-13   2.421536e-04   1.122655e-14   384
  3.956334e-01   1.280621e-13   0.000000e+00   1.049846e-14   192
  3.969952e-01   1.417137e-13   1.942960e-04   1.001538e-14   240
  3.977852e-01   1.465365e-13   2.397927e-04   8.690443e-15   336
  3.992708e-01   1.295326e-13   2.413972e-04   6.425708e-15   480
  4.004761e-01   2.458500e-13   0.000000e+00   5.474657e-14   72
  4.011493e-01   1.392403e-13   2.353842e-04   9.695123e-15   240
  4.020650e-01   1.391409e-13   2.212289e-04   1.000132e-14   312
  4.031147e-01   1.018316e-13   2.390954e-04   7.388804e-15   240
  4.047009e-01   1.326027e-13   1.816506e-04   6.753252e-15   408
  4.053288e-01   1.259482e-13   1.663482e-04   8.085223e-15   336
  4.065560e-01   1.399108e-13   2.112212e-04   1.081708e-14   264
  4.071591e-01   9.128257e-14   0.000000e+00   8.172739e-15   144
  4.088370e-01   1.049790e-13   2.927651e-04   5.272322e-15   464
  4.097211e-01   1.068016e-13   2.328083e-04   9.391192e-15   168
  4.105939e-01   1.003940e-13   2.120376e-04   6.109416e-15   336
  4.121713e-01   1.257545e-13   2.227870e-04   7.587729e-15   414
  4.130606e-01   1.240596e-13   2.319080e-04   9.499137e-15   216
  4.141998e-01   2.194069e-13   5.619580e-09   2.373778e-14   96
  4.146649e-01   1.287338e-13   1.685874e-08   8.345034e-15   384
  4.162944e-01   1.267310e-13   2.314600e-04   6.736649e-15   492
  4.171676e-01   1.510828e-13   2.263480e-04   1.409409e-14   240
  4.181546e-01   1.023925e-13   2.298225e-04   7.147335e-15   312
  4.195176e-01   8.996360e-14   2.297469e-04   9.757996e-15   192
  4.203810e-01   9.692865e-14   2.226525e-04   6.030019e-15   504
  4.215265e-01   1.032502e-13   1.473998e-04   6.142150e-15   408
  4.224284e-01   9.454951e-14   4.515774e-04   9.182168e-15   168
  4.235571e-01   1.493840e-13   2.145032e-04   1.073818e-14   288
  4.245041e-01   1.208827e-13   2.238525e-04   9.338383e-15   288
  4.254743e-01   7.745250e-14   2.251410e-04   4.201045e-15   432
  4.268815e-01   1.037364e-13   2.129084e-04   7.755536e-15   216
  4.276334e-01   9.652153e-14   2.124592e-04   6.998714e-15   360
  4.289721e-01   9.751740e-14   2.073582e-04   7.775246e-15   312
  4.301803e-01   1.534058e-13   0.000000e+00   2.030922e-14   48
  4.308767e-01   9.890474e-14   2.223178e-04   5.977148e-15   432
  4.321240e-01   9.116339e-14   3.708284e-04   5.094897e-15   414
  4.328606e-01   1.202166e-13   1.956255e-08   8.676027e-15   312
  4.342347e-01   1.090182e-13   3.253813e-04   7.606592e-15   528
  4.351620e-01   1.292319e-13   1.707976e-04   1.076696e-14   264
  4.362761e-01   1.055356e-13   2.025191e-04   6.845954e-15   480
  4.377318e-01   9.178857e-14   0.000000e+00   6.539635e-15   288
  4.383604e-01   8.579826e-14   2.176005e-04   6.967050e-15   168
  4.395105e-01   1.152385e-13   3.444610e-04   7.250169e-15   504
  4.408036e-01   1.409048e-13   7.492773e-09   1.425727e-14   144
  4.416171e-01   8.427082e-14   2.212265e-04   4.890325e-15   464
  4.428396e-01   8.373889e-14   3.246624e-04   5.327749e-15   432
  4.434197e-01   9.937997e-14   5.619580e-09   1.106276e-14   192
  4.449189e-01   9.252516e-14   2.406833e-04   9.424164e-15   396
  4.458042e-01   6.218640e-14   2.162000e-04   4.354958e-15   288
  4.466990e-01   7.443631e-14   2.135686e-04   5.669388e-15   336
  4.481283e-01   8.028226e-14   1.352359e-04   5.906797e-15   432
  4.490354e-01   7.113416e-14   3.505126e-04   4.076495e-15   360
  4.500539e-01   7.736100e-14   2.073334e-04   4.230129e-15   384
  4.515004e-01   7.564482e-14   1.830116e-04   7.136513e-15   198
  4.521974e-01   6.601809e-14   2.080246e-04   3.221968e-15   552
  4.534970e-01   9.808716e-14   2.912202e-04   6.752534e-15   432
  4.545821e-01   8.109646e-14   0.000000e+00   7.140438e-15   168
  4.554927e-01   9.988944e-14   3.610065e-04   7.012532e-15   480
  4.566974e-01   8.820288e-14   0.000000e+00   8.158656e-15   120
  4.572396e-01   9.253344e-14   2.948545e-04   6.604214e-15   336
  4.585628e-01   7.696870e-14   2.080152e-04   4.209776e-15   672
  4.598711e-01   8.468330e-14   3.025866e-04   4.846098e-15   528
  4.604805e-01   4.470578e-14   9.082613e-09   4.046456e-15   168
  4.618883e-01   7.536899e-14   3.375333e-04   4.529214e-15   456
  4.627474e-01   1.136266e-13   2.061344e-04   1.447825e-14   168
  4.636392e-01   7.408980e-14   2.057643e-04   4.320506e-15   504
  4.651216e-01   6.254549e-14   2.647872e-04   5.491056e-15   336
  4.660180e-01   7.818454e-14   1.908802e-04   7.202635e-15   312
  4.670124e-01   8.092346e-14   1.865029e-04   5.040560e-15   504
  4.683210e-01   7.129936e-14   1.294009e-04   3.963576e-15   432
  4.689362e-01   6.153177e-14   1.999672e-04   4.707197e-15   312
  4.702151e-01   6.172197e-14   2.049761e-04   3.735286e-15   384
  4.715504e-01   1.151508e-13   1.741510e-04   1.271064e-14   126
  4.723748e-01   7.792385e-14   3.057676e-04   4.995835e-15   492
  4.734278e-01   9.079572e-14   1.958445e-04   6.486183e-15   528
  4.747438e-01   7.156728e-14   1.989360e-04   5.061724e-15   480
  4.755596e-01   8.550601e-14   2.748289e-04   5.468505e-15   432
  4.767402e-01   6.905074e-14   2.161166e-04   4.892309e-15   440
  4.781114e-01   7.890185e-14   1.074739e-04   6.963329e-15   312
  4.786259e-01   6.257782e-14   1.610586e-04   3.822038e-15   480
  4.796813e-01   6.100090e-14   3.153497e-04   3.567813e-15   408
  4.812233e-01   8.143996e-14   1.888588e-04   5.552279e-15   360
  4.818747e-01   6.369437e-14   1.822418e-04   4.193238e-15   408
  4.830820e-01   6.805909e-14   1.854542e-04   5.127946e-15   456
  4.844414e-01   6.576475e-14   1.772485e-04   5.221822e-15   264
  4.851959e-01   6.340105e-14   1.923591e-04   3.844748e-15   384
  4.862943e-01   5.484356e-14   3.238501e-04   2.540891e-15   672
  4.875640e-01   8.260510e-14   1.937042e-04   6.920305e-15   240
  4.882967e-01   5.519507e-14   1.965613e-04   3.916704e-15   264
  4.893308e-01   4.516362e-14   2.424259e-04   2.420536e-15   624
  4.908739e-01   4.968370e-14   0.000000e+00   6.584410e-15   150
  4.914232e-01   7.651901e-14   2.716574e-04   4.155703e-15   600
  4.925819e-01   8.504518e-14   1.874909e-04   6.261291e-15   672
  4.938939e-01   5.943964e-14   1.763484e-04   3.906714e-15   336
  4.946248e-01   7.423432e-14   1.918157e-04   4.880342e-15   408
  4.957926e-01   6.621734e-14   1.913639e-04   4.809789e-15   408
  4.970915e-01   7.034587e-14   9.676385e-05   5.116677e-15   360
  4.978921e-01   6.541415e-14   3.552857e-04   4.790689e-15   456
  4.988592e-01   6.469328e-14   1.932065e-04   4.476564e-15   384
  5.000902e-01   3.722675e-14   1.783541e-04   2.521950e-15   348
  5.007554e-01   7.365148e-14   2.198754e-04   4.603182e-15   576
  5.020050e-01   5.631185e-14   1.810385e-04   3.601590e-15   504
  5.032833e-01   5.792178e-14   2.553443e-04   3.735698e-15   432
  5.043991e-01   6.177064e-14   3.473946e-04   3.773775e-15   576
  5.051948e-01   4.465802e-14   0.000000e+00   4.193419e-15   264
  5.064571e-01   5.040348e-14   2.764393e-04   2.238348e-15   768
  5.075549e-01   3.375743e-14   3.721752e-04   2.094742e-15   240
  5.084277e-01   5.544051e-14   3.282233e-04   5.928260e-15   192
  5.096990e-01   4.508169e-14   2.416124e-04   2.890526e-15   504
  5.106418e-01   5.771743e-14   3.255818e-04   2.808720e-15   590
  5.115460e-01   6.569606e-14   3.647966e-04   7.299542e-15   384
  5.126798e-01   5.766427e-14   3.048625e-04   4.076955e-15   504
  5.140486e-01   6.050976e-14   2.933830e-04   3.981530e-15   648
  5.153764e-01   5.050142e-14   7.967896e-05   4.055384e-15   504
  5.159117e-01   5.566839e-14   1.817627e-04   5.263823e-15   312
  5.168569e-01   6.232302e-14   2.618753e-04   3.655650e-15   576
  5.181545e-01   6.286763e-14   1.822405e-04   5.619312e-15   240
  5.189109e-01   4.160293e-14   1.841453e-04   2.356003e-15   552
  5.199816e-01   5.676747e-14   1.729082e-04   3.906320e-15   600
  5.215067e-01   4.789795e-14   2.111937e-04   3.651279e-15   600
  5.224237e-01   4.228887e-14   3.382099e-04   3.496983e-15   312
  5.233368e-01   5.501793e-14   2.945474e-04   3.708022e-15   480
  5.244775e-01   3.920450e-14   1.837693e-04   2.399979e-15   576
  5.254818e-01   5.403936e-14   2.959085e-04   3.991610e-15   408
  5.263729e-01   2.366505e-14   3.451909e-04   1.783103e-15   216
  5.275243e-01   4.203419e-14   2.643774e-04   2.307228e-15   516
  5.287578e-01   4.542692e-14   2.522429e-04   2.568468e-15   744
  5.300304e-01   5.467071e-14   1.684760e-04   3.407068e-15   462
  5.307494e-01   4.588126e-14   1.712315e-04   3.923552e-15   432
  5.318647e-01   5.371220e-14   1.588547e-04   4.123614e-15   648
  5.331761e-01   5.317009e-14   2.324340e-04   4.736993e-15   528
  5.342295e-01   5.012896e-14   2.799086e-04   3.128523e-15   600
  5.352820e-01   7.768948e-14   3.528915e-04   7.065099e-15   240
  5.363014e-01   4.443579e-14   2.703115e-04   2.795506e-15   720
  5.374863e-01   5.250143e-14   2.138653e-04   3.292725e-15   720
  5.387997e-01   2.456421e-14   0.000000e+00   2.976876e-15   144
  5.394909e-01   4.850501e-14   2.757364e-04   2.786330e-15   720
  5.404742e-01   4.253912e-14   1.653370e-04   3.113335e-15   384
  5.417051e-01   3.500953e-14   1.832848e-04   1.952906e-15   672
  5.428730e-01   5.682717e-14   3.209115e-04   4.986872e-15   336
  5.434308e-01   3.881385e-14   0.000000e+00   3.137899e-15   288
  5.447967e-01   3.682799e-14   2.539800e-04   1.984158e-15   776
  5.460612e-01   3.353400e-14   2.173184e-04   1.905640e-15   720
  5.471231e-01   2.930134e-14   1.750659e-04   1.634534e-15   432
  5.479725e-01   4.057925e-14   2.495786e-04   2.731742e-15   504
  5.489174e-01   4.062012e-14   1.748652e-04   2.633943e-15   528
  5.502396e-01   4.376696e-14   2.382437e-04   4.053410e-15   438
  5.513273e-01   4.921261e-14   2.772938e-04   3.708531e-15   624
  5.521470e-01   5.464911e-14   3.396475e-04   7.098730e-15   312
  5.532738e-01   4.622661e-14   1.829935e-04   2.530029e-15   696
  5.544390e-01   4.190479e-14   1.655760e-04   2.696374e-15   552
  5.556509e-01   3.902713e-14   1.281006e-04   3.474171e-15   516
  5.564006e-01   5.616111e-14   2.558713e-04   5.116272e-15   528
  5.573133e-01   2.369751e-14   1.664001e-04   1.355084e-15   528
  5.586097e-01   3.971426e-14   2.194479e-04   2.257119e-15   864
  5.594897e-01   4.773061e-14   3.005985e-04   4.922609e-15   408
  5.603706e-01   5.303331e-14   2.978186e-04   4.657418e-15   192
  5.616191e-01   3.482563e-14   2.464592e-04   2.399487e-15   720
  5.626731e-01   3.432897e-14   2.272475e-04   1.787464e-15   696
  5.639255e-01   3.600073e-14   2.454294e-04   2.100205e-15   720
  5.650713e-01   3.563261e-14   3.326501e-04   2.486781e-15   432
  5.657395e-01   2.553512e-14   1.958109e-04   1.815956e-15   264
  5.669418e-01   3.410236e-14   2.704061e-04   1.939590e-15   672
  5.680171e-01   3.285340e-14   2.768544e-04   2.019740e-15   600
  5.692933e-01   2.631600e-14   1.620980e-04   3.576218e-15   270
  5.699366e-01   3.881859e-14   2.440026e-04   3.453720e-15   528
  5.709591e-01   4.932004e-14   1.670843e-04   3.186805e-15   840
  5.723613e-01   4.393434e-14   3.194952e-04   2.745961e-15   888
  5.736568e-01   3.736415e-14   2.380474e-04   2.813087e-15   744
  5.747517e-01   3.682044e-14   1.223216e-04   2.787959e-15   456
  5.752963e-01   5.322225e-14   1.671601e-04   4.819717e-15   360
  5.762282e-01   3.541620e-14   1.448348e-04   3.538809e-15   384
  5.776580e-01   4.112735e-14   2.323137e-04   2.470960e-15   816
  5.787308e-01   3.576232e-14   3.370546e-04   2.124007e-15   824
  5.800348e-01   4.317102e-14   1.566791e-04   5.327928e-15   360
  5.807331e-01   3.742680e-14   2.311994e-04   2.868315e-15   624
  5.816941e-01   4.040288e-14   1.562320e-04   2.742320e-15   360
  5.829744e-01   2.984465e-14   2.125215e-04   1.767486e-15   876
  5.841306e-01   3.182207e-14   2.524119e-04   1.941292e-15   696
  5.852967e-01   2.240625e-14   1.629911e-04   1.728690e-15   336
  5.859080e-01   3.386718e-14   1.628079e-04   2.531239e-15   504
  5.869176e-01   3.198054e-14   1.642187e-04   2.226511e-15   672
  5.884155e-01   2.675009e-14   3.269213e-04   1.196152e-15   720
  5.894543e-01   3.877225e-14   2.469541e-04   2.906816e-15   774
  5.906010e-01   6.007650e-14   1.413501e-04   6.075935e-15   384
  5.912015e-01   3.712044e-14   2.720183e-04   2.453024e-15   528
  5.921335e-01   4.059621e-14   2.592486e-04   2.952998e-15   744
  5.936327e-01   3.187436e-14   2.138251e-04   1.728067e-15   768
  5.946281e-01   4.159102e-14   2.400348e-04   3.718499e-15   552
  5.958700e-01   2.996207e-14   2.616108e-04   1.755858e-15   696
  5.967938e-01   5.470115e-14   3.179026e-04   5.338176e-15   408
  5.975272e-01   3.702067e-14   1.373364e-04   2.919525e-15   504
  5.986899e-01   3.138932e-14   2.467198e-04   1.820305e-15   888
  5.998339e-01   2.906391e-14   2.564132e-04   2.079653e-15   648
  6.010230e-01   3.497305e-14   2.542153e-04   2.395239e-15   648
  6.021418e-01   3.659934e-14   2.741064e-04   2.598763e-15   792
  6.033268e-01   2.689223e-14   4.010364e-04   1.754566e-15   600
  6.042000e-01   2.381271e-14   2.717856e-04   2.019353e-15   456
  6.051191e-01   2.749404e-14   1.324567e-04   1.871273e-15   648
  6.062996e-01   2.673700e-14   2.583099e-04   1.413131e-15   936
  6.075741e-01   3.522244e-14   1.586356e-04   2.689692e-15   384
  6.086836e-01   3.329687e-14   1.334798e-08   5.207793e-15   198
  6.095398e-01   3.505838e-14   4.024720e-04   2.232029e-15   1224
  6.104634e-01   5.263459e-14   2.931235e-04   5.662799e-15   420
  6.115558e-01   4.256710e-14   2.836822e-04   3.379988e-15   792
  6.126238e-01   3.496335e-14   2.345810e-04   2.471870e-15   680
  6.138428e-01   3.664241e-14   2.154033e-04   2.740078e-15   600
  6.148235e-01   3.039640e-14   3.123938e-04   1.919227e-15   840
  6.161330e-01   2.559154e-14   1.474979e-04   1.896398e-15   432
  6.166334e-01   3.979520e-14   1.382249e-04   3.048921e-15   720
  6.177213e-01   2.464949e-14   2.768404e-04   1.250118e-15   960
  6.190745e-01   2.946118e-14   2.467829e-04   2.980717e-15   528
  6.200634e-01   3.211329e-14   2.522592e-04   2.342638e-15   624
  6.212404e-01   3.392354e-14   1.982740e-04   2.327352e-15   816
  6.224086e-01   2.434419e-14   3.260658e-04   1.746521e-15   696
  6.236996e-01   2.063611e-14   2.202416e-08   2.198845e-15   240
  6.241851e-01   2.928073e-14   1.922888e-04   2.284126e-15   672
  6.252686e-01   2.550140e-14   3.436476e-04   1.851846e-15   864
  6.264840e-01   2.155334e-14   2.636938e-04   1.577758e-15   816
  6.275795e-01   2.126188e-14   1.509292e-04   1.446077e-15   648
  6.287594e-01   3.394457e-14   1.542771e-04   2.489487e-15   843
  6.297611e-01   2.680036e-14   2.775825e-04   2.713765e-15   780
  6.309548e-01   3.278111e-14   1.489456e-04   5.898526e-15   216
  6.316911e-01   2.967240e-14   3.591661e-04   2.194007e-15   1056
  6.328235e-01   2.276110e-14   2.938382e-04   3.141638e-15   228
  6.338720e-01   3.372933e-14   3.658358e-04   2.693701e-15   924
  6.349484e-01   2.535719e-14   1.357046e-04   1.289015e-15   696
  6.360882e-01   2.719807e-14   2.415153e-04   2.199795e-15   996
  6.372543e-01   1.710252e-14   1.425858e-04   1.543446e-15   576
  6.384675e-01   2.618537e-14   2.200718e-04   2.201997e-15   552
  6.393519e-01   3.084006e-14   2.627580e-04   2.141156e-15   516
  6.402494e-01   2.390609e-14   3.821047e-04   1.346354e-15   744
  6.412749e-01   1.680401e-14   1.874451e-04   1.028147e-15   576
  6.421669e-01   2.219179e-14   1.929285e-04   1.654074e-15   792
  6.434346e-01   2.196697e-14   2.205530e-04   1.411255e-15   792
  6.443636e-01   2.328654e-14   2.378641e-04   1.616985e-15   720
  6.456200e-01   2.090963e-14   2.711104e-04   1.554943e-15   656
  6.467974e-01   1.653405e-14   2.960385e-04   8.367844e-16   816
  6.480043e-01   1.895162e-14   1.596190e-04   1.785955e-15   492
  6.486903e-01   1.974267e-14   2.296231e-04   1.320745e-15   552
  6.499778e-01   1.656831e-14   3.992867e-04   1.108359e-15   780
  6.508139e-01   1.953433e-14   2.452771e-04   1.462687e-15   528
  6.517148e-01   1.473024e-14   2.863130e-04   9.918959e-16   600
  6.530425e-01   2.034508e-14   2.379487e-04   1.054403e-15   900
  6.539577e-01   1.633772e-14   1.317325e-04   1.119530e-15   696
  6.552168e-01   1.516852e-14   3.330907e-04   1.029569e-15   696
  6.564349e-01   1.294409e-14   1.351317e-04   8.963741e-16   552
  6.574592e-01   1.325604e-14   1.571457e-04   7.398195e-16   708
  6.585322e-01   1.507814e-14   2.594565e-04   8.478865e-16   876
  6.596487e-01   2.241195e-14   1.377663e-04   2.387043e-15   216
  6.603980e-01   1.596064e-14   3.768094e-04   7.073189e-16   1032
  6.615201e-01   1.298802e-14   4.195357e-04   9.299261e-16   600
  6.626848e-01   1.167805e-14   2.001869e-04   8.818269e-16   600
  6.635732e-01   1.577255e-14   3.535112e-04   9.875023e-16   528
  6.646233e-01   1.329734e-14   1.940622e-04   7.530251e-16   732
  6.657296e-01   1.459980e-14   1.432973e-04   9.489370e-16   336
  6.670031e-01   1.332978e-14   2.042271e-04   6.369994e-16   912
  6.679548e-01   9.693363e-15   2.049821e-04   5.209039e-16   624
  6.689946e-01   1.271248e-14   1.727341e-04   8.047572e-16   768
  6.702082e-01   1.289047e-14   3.116463e-04   6.338070e-16   792
  6.713995e-01   1.314488e-14   1.545014e-04   8.083298e-16   660
  6.722471e-01   1.338672e-14   2.276826e-04   1.003790e-15   504
  6.731238e-01   1.033443e-14   3.719898e-04   6.352697e-16   480
  6.744376e-01   9.440498e-15   3.440421e-04   3.866698e-16   912
  6.754664e-01   1.112652e-14   3.831443e-04   1.258872e-15   432
  6.764380e-01   1.166368e-14   2.275021e-04   7.304362e-16   564
  6.773006e-01   1.072031e-14   2.177508e-04   5.577752e-16   600
  6.785149e-01   1.182392e-14   3.035240e-04   4.759128e-16   876
  6.794272e-01   1.071462e-14   1.364735e-04   8.583767e-16   264
  6.806846e-01   9.849354e-15   2.648123e-04   5.487364e-16   560
  6.816953e-01   9.420696e-15   1.799457e-04   4.290247e-16   840
  6.829222e-01   9.124657e-15   2.774244e-04   4.209060e-16   1008
  6.840568e-01   7.764215e-15   1.241010e-04   4.078494e-16   456
  6.850930e-01   1.011489e-14   1.607553e-04   5.121758e-16   576
  6.860509e-01   9.029527e-15   2.470177e-04   4.625215e-16   612
  6.873140e-01   1.010434e-14   2.206269e-04   4.970222e-16   780
  6.883444e-01   9.431126e-15   2.528284e-04   4.195204e-16   648
  6.893992e-01   8.639022e-15   1.178213e-04   6.324252e-16   312
  6.900734e-01   6.880330e-15   2.993645e-04   3.491796e-16   528
  6.912414e-01   7.816219e-15   3.909551e-04   3.421835e-16   720
  6.923583e-01   8.645045e-15   3.921794e-04   5.654341e-16   576
  6.937124e-01   7.978272e-15   3.383053e-04   4.487184e-16   444
  6.945549e-01   8.887064e-15   3.317685e-04   3.576108e-16   996
  6.955874e-01   7.320578e-15   2.771265e-04   4.788676e-16   432
  6.965633e-01   9.615130e-15   3.033990e-04   5.122709e-16   504
  6.974062e-01   6.377968e-15   1.367883e-04   3.226441e-16   504
  6.986065e-01   8.977565e-15   2.692009e-04   3.658898e-16   876
  6.996926e-01   6.806182e-15   3.098246e-04   3.682812e-16   504
  7.008236e-01   6.858962e-15   1.975899e-04   3.655274e-16   696
  7.017583e-01   7.173510e-15   1.689187e-04   4.161885e-16   492
  7.030300e-01   7.294539e-15   2.418152e-04   5.360998e-16   432
  7.039719e-01   7.597951e-15   2.264335e-04   3.871214e-16   768
  7.050885e-01   6.894948e-15   2.820533e-04   3.121544e-16   648
  7.061547e-01   6.532421e-15   1.840095e-04   5.478539e-16   456
  7.073798e-01   7.793327e-15   2.530430e-04   3.991366e-16   552
  7.082306e-01   6.498811e-15   1.734358e-04   3.292753e-16   648
  7.094016e-01   6.085439e-15   2.826907e-04   2.223325e-16   840
  7.105454e-01   6.727249e-15   1.348092e-04   3.679165e-16   432
  7.116906e-01   6.458389e-15   1.651183e-04   3.214109e-16   600
  7.124870e-01   7.387504e-15   1.759227e-04   4.471192e-16   432
  7.138248e-01   8.372962e-15   1.751482e-04   4.038785e-16   560
  7.147308e-01   6.023962e-15   2.772412e-04   2.232111e-16   840
  7.158652e-01   5.799070e-15   1.642140e-04   3.501852e-16   504
  7.167662e-01   5.601038e-15   3.351509e-04   2.952015e-16   696
  7.180362e-01   7.990010e-15   1.830475e-04   5.295152e-16   384
  7.190254e-01   5.883737e-15   2.681431e-04   2.923258e-16   576
  7.202219e-01   5.904029e-15   1.654845e-04   3.597565e-16   360
  7.211864e-01   6.492661e-15   2.464465e-04   2.677126e-16   828
  7.222268e-01   5.280845e-15   2.195064e-04   3.204861e-16   372
  7.231800e-01   6.129431e-15   3.352284e-04   2.720648e-16   576
  7.244428e-01   6.028699e-15   1.403933e-04   2.735220e-16   636
  7.253425e-01   6.383561e-15   2.706420e-04   3.166480e-16   648
  7.265596e-01   4.414034e-15   2.200024e-04   2.315142e-16   576
  7.274333e-01   5.703567e-15   3.548870e-04   3.092550e-16   528
  7.285953e-01   5.350394e-15   1.517289e-04   3.232705e-16   360
  7.295571e-01   5.126403e-15   3.490332e-04   2.059683e-16   672
  7.308130e-01   5.839817e-15   1.787806e-04   2.158676e-16   804
  7.318582e-01   5.432100e-15   1.972163e-04   2.900767e-16   408
  7.330145e-01   5.461375e-15   1.219011e-04   2.997854e-16   384
  7.337931e-01   4.368341e-15   2.789567e-04   2.352555e-16   480
  7.348913e-01   5.604050e-15   1.802469e-04   3.598633e-16   432
  7.359446e-01   5.264255e-15   3.321566e-04   2.060604e-16   648
  7.371913e-01   5.673092e-15   2.061016e-04   2.441042e-16   624
  7.381033e-01   4.511799e-15   1.874668e-04   2.106474e-16   456
  7.393486e-01   3.797378e-15   2.560963e-04   1.674214e-16   588
  7.401831e-01   4.790153e-15   1.633884e-04   2.251699e-16   600
  7.414016e-01   5.008383e-15   2.548458e-04   2.360730e-16   708
  7.423640e-01   5.449648e-15   1.605479e-04   3.390433e-16   360
  7.434275e-01   5.125284e-15   1.845541e-04   2.501556e-16   552
  7.444470e-01   4.157877e-15   1.294691e-04   2.615241e-16   288
  7.454820e-01   5.030358e-15   2.434372e-04   2.733248e-16   528
  7.464545e-01   4.907044e-15   1.642340e-04   2.905977e-16   456
  7.475410e-01   4.726306e-15   2.912225e-04   1.993440e-16   608
  7.486338e-01   4.366792e-15   1.408967e-04   2.311654e-16   504
  7.498278e-01   3.170176e-15   3.024972e-04   1.791863e-16   540
  7.507642e-01   5.132313e-15   3.247222e-04   2.821163e-16   360
  7.517735e-01   4.377035e-15   1.470509e-04   2.314503e-16   540
  7.526661e-01   4.514923e-15   1.262606e-04   2.682446e-16   576
  7.539642e-01   4.422312e-15   2.927555e-04   2.119500e-16   588
  7.551985e-01   4.465999e-15   4.039143e-04   2.129546e-16   672
  7.562588e-01   4.569379e-15   3.087151e-04   2.133633e-16   552
  7.571135e-01   4.261373e-15   3.088712e-04   3.659170e-16   144
  7.582042e-01   4.390915e-15   2.624178e-04   2.236680e-16   600
  7.592383e-01   3.702563e-15   3.288668e-04   1.998007e-16   504
  7.603860e-01   3.908486e-15   3.378126e-04   2.414306e-16   336
  7.615932e-01   4.289008e-15   3.797028e-04   1.951808e-16   600
  7.626744e-01   3.759077e-15   2.450478e-04   1.622761e-16   636
  7.638413e-01   3.964209e-15   1.970206e-04   2.675317e-16   384
  7.646595e-01   4.409901e-15   2.748205e-04   2.304724e-16   504
  7.658387e-01   2.871114e-15   1.153383e-04   1.918730e-16   240
  7.667694e-01   3.777070e-15   2.709461e-04   1.470660e-16   744
  7.678860e-01   3.464939e-15   1.850150e-04   1.510182e-16   648
  7.688783e-01   7.012637e-15   1.228185e-04   6.575749e-16   120
  7.700414e-01   3.991586e-15   1.929319e-04   2.094435e-16   564
  7.709202e-01   4.462598e-15   3.030111e-04   2.600125e-16   432
  7.720932e-01   3.729204e-15   2.351965e-04   1.897061e-16   480
  7.729764e-01   3.029981e-15   1.731106e-04   1.533481e-16   456
  7.740189e-01   4.046179e-15   2.864725e-04   2.012412e-16   444
  7.752020e-01   3.196407e-15   4.383180e-04   1.628153e-16   528
  7.762412e-01   3.512546e-15   3.255297e-04   2.441928e-16   264
  7.772498e-01   3.877667e-15   3.336195e-04   2.108285e-16   444
  7.786065e-01   4.349394e-15   3.654311e-04   1.992044e-16   696
  7.797327e-01   3.526169e-15   1.954448e-04   2.041889e-16   384
  7.805563e-01   3.327693e-15   2.469609e-04   1.937864e-16   432
  7.818373e-01   3.964196e-15   1.706384e-04   2.167411e-16   488
  7.826690e-01   3.877002e-15   2.571733e-04   2.107324e-16   480
  7.838749e-01   3.396110e-15   2.868014e-04   2.221250e-16   480
  7.848089e-01   3.219140e-15   1.203331e-04   2.107554e-16   240
  7.858692e-01   3.746305e-15   2.810886e-04   1.854737e-16   600
  7.868694e-01   3.294706e-15   2.449399e-04   3.064775e-16   288
  7.879343e-01   3.367855e-15   2.356143e-04   1.531149e-16   480
  7.890129e-01   3.133384e-15   4.191157e-04   1.773480e-16   504
  7.900748e-01   3.203116e-15   1.798267e-04   2.666188e-16   216
  7.914291e-01   3.563269e-15   2.944050e-04   1.969732e-16   504
  7.924838e-01   3.077479e-15   2.367912e-04   2.110218e-16   456
  7.936384e-01   2.968755e-15   1.358038e-04   1.753223e-16   384
  7.944031e-01   3.658522e-15   2.756326e-04   1.745085e-16   480
  7.954897e-01   2.804677e-15   2.420363e-04   1.359308e-16   504
  7.964966e-01   3.091118e-15   1.535327e-04   2.344733e-16   312
  7.975815e-01   3.377065e-15   2.474127e-04   1.807477e-16   492
  7.985417e-01   3.847688e-15   2.318919e-04   2.790625e-16   312
  7.997779e-01   3.037676e-15   3.766899e-04   1.381941e-16   576
  8.008661e-01   2.954868e-15   3.477153e-04   1.771144e-16   336
  8.017699e-01   2.459121e-15   2.677247e-04   2.037237e-16   240
  8.030228e-01   2.730911e-15   3.549351e-04   1.406041e-16   468
  8.041047e-01   2.776980e-15   2.222407e-04   2.406490e-16   192
  8.052370e-01   2.994541e-15   2.229031e-04   1.805566e-16   324
  8.060669e-01   2.774233e-15   1.617794e-04   1.307919e-16   600
  8.071978e-01   3.149391e-15   2.624704e-04   1.504454e-16   456
  8.080377e-01   2.893917e-15   1.180592e-04   1.878357e-16   336
  8.094297e-01   3.216786e-15   3.535027e-04   1.662627e-16   612
  8.104424e-01   2.259716e-15   2.966749e-04   2.373066e-16   144
  8.114002e-01   3.544574e-15   3.462957e-04   1.779899e-16   552
  8.127025e-01   2.065390e-15   1.363755e-04   1.433219e-16   264
  8.134384e-01   2.777522e-15   3.157441e-04   1.635124e-16   336
  8.145992e-01   2.175723e-15   2.086329e-04   1.303828e-16   384
  8.156059e-01   3.007752e-15   1.174397e-04   2.894381e-16   216
  8.167203e-01   1.956614e-15   2.489964e-04   1.377574e-16   344
  8.177364e-01   2.559579e-15   3.715143e-04   1.493703e-16   408
  8.189746e-01   2.381175e-15   2.854845e-04   1.648347e-16   264
  8.200718e-01   2.952842e-15   3.979796e-04   1.452990e-16   612
  8.211681e-01   3.357149e-15   2.048307e-04   2.075883e-16   408
  8.222956e-01   2.344592e-15   2.051251e-04   1.367441e-16   444
  8.231239e-01   4.423780e-15   1.147249e-04   3.947773e-16   120
  8.242338e-01   3.165598e-15   3.169640e-04   2.245807e-16   336
  8.250576e-01   2.372162e-15   1.101437e-04   1.652767e-16   288
  8.261708e-01   2.476938e-15   3.427692e-04   1.239056e-16   552
  8.277012e-01   3.012331e-15   1.835347e-08   3.129360e-16   72
  8.284882e-01   2.284663e-15   3.404572e-04   1.183290e-16   504
  8.294074e-01   1.632707e-15   1.095558e-04   1.022128e-16   216
  8.305983e-01   2.310011e-15   1.956043e-04   1.728285e-16   312
  8.316675e-01   1.993571e-15   2.227263e-04   1.363368e-16   336
  8.326865e-01   2.750411e-15   3.087236e-04   3.006070e-16   204
  8.337014e-01   2.882489e-15   3.587838e-04   1.597002e-16   504
  8.347777e-01   3.203366e-15   3.416652e-04   2.195461e-16   396
  8.358127e-01   2.870999e-15   3.133249e-04   2.417247e-16   312
  8.370674e-01   3.093553e-15   1.914750e-04   2.528544e-16   216
  8.379516e-01   2.058066e-15   1.039172e-04   1.463347e-16   168
  8.390260e-01   2.340852e-15   2.623966e-04   1.277065e-16   588
  8.402521e-01   2.070199e-15   3.561727e-04   1.854495e-16   240
  8.412047e-01   1.922511e-15   3.145601e-04   1.660068e-16   264
  8.423219e-01   2.525285e-15   3.890183e-04   1.810990e-16   288
  8.433131e-01   1.764653e-15   1.942596e-04   1.140523e-16   288
  8.445693e-01   2.228586e-15   1.824406e-04   1.598497e-16   288
  8.454153e-01   1.886669e-15   2.113423e-04   1.293089e-16   192
  8.464795e-01   1.594158e-15   2.248894e-04   1.122961e-16   264
  8.474933e-01   3.571301e-15   3.699119e-04   2.064575e-16   372
  8.485844e-01   2.896329e-15   3.995208e-04   1.806687e-16   360
  8.499161e-01   2.872161e-15   1.690810e-04   2.595133e-16   144
  8.506044e-01   1.958986e-15   2.348461e-04   1.642907e-16   296
  8.516909e-01   2.112510e-15   2.530345e-04   1.406830e-16   288
  8.529347e-01   2.367427e-15   3.781537e-04   1.256562e-16   480
  8.540076e-01   2.400324e-15   3.142096e-04   2.517947e-16   192
  8.550509e-01   2.728548e-15   3.370327e-04   2.438815e-16   192
  8.559992e-01   1.778434e-15   2.147949e-04   1.482194e-16   288
  8.573180e-01   1.853356e-15   1.869760e-04   2.013740e-16   108
  8.579823e-01   2.441313e-15   1.797545e-04   2.195935e-16   240
  8.591554e-01   1.570318e-15   3.353363e-04   9.972688e-17   384
  8.603605e-01   2.034905e-15   4.090723e-04   2.313610e-16   108
  8.614261e-01   3.262348e-15   2.398466e-04   2.129527e-16   348
  8.625466e-01   1.792407e-15   2.503134e-04   1.354866e-16   312
  8.635474e-01   1.912107e-15   2.432319e-04   2.112553e-16   96
  8.644677e-01   2.003107e-15   3.238194e-04   1.442319e-16   384
  8.654984e-01   1.710433e-15   2.227222e-04   1.559081e-16   144
  8.665066e-01   1.932704e-15   3.422225e-04   1.123010e-16   408
  8.677598e-01   1.657765e-15   1.526554e-04   1.646876e-16   144
  8.689437e-01   2.136936e-15   2.934816e-04   2.210723e-16   192
  8.696459e-01   1.870230e-15   3.303190e-04   1.758200e-16   144
  8.707904e-01   1.781608e-15   2.685615e-04   2.053409e-16   144
  8.718702e-01   1.930572e-15   3.282257e-04   1.331342e-16   336
  8.731927e-01   1.175056e-15   2.428454e-04   8.004414e-17   240
  8.740312e-01   1.534999e-15   1.102739e-04   1.597644e-16   96
  8.752007e-01   2.646095e-15   3.233803e-04   1.855624e-16   372
  8.763838e-01   2.071549e-15   3.846540e-04   2.763186e-16   132
  8.774230e-01   1.313191e-15   2.380193e-04   9.696156e-17   264
  8.783527e-01   2.357099e-15   1.827880e-04   3.055971e-16   168
  8.793449e-01   1.945074e-15   2.922429e-04   1.707216e-16   216
  8.802213e-01   1.533099e-15   1.787978e-04   1.379359e-16   216
  8.814979e-01   9.987803e-16   3.280196e-04   8.557101e-17   96
  8.826561e-01   2.039650e-15   2.140028e-04   2.713697e-16   120
  8.837183e-01   1.244765e-15   2.720578e-04   9.572371e-17   216
  8.845934e-01   1.503402e-15   1.188902e-04   1.579057e-16   200
  8.857519e-01   1.655691e-15   3.077557e-04   1.249516e-16   288
  8.872378e-01   9.501277e-16   8.097649e-05   7.750998e-17   144
  8.878635e-01   1.374486e-15   2.519939e-04   1.144856e-16   168
  8.891412e-01   2.183945e-15   2.835956e-04   2.949384e-16   159
  8.901386e-01   1.546742e-15   2.975600e-04   1.555342e-16   174
  8.911039e-01   1.654268e-15   2.698170e-04   1.304975e-16   144
  8.923678e-01   1.861289e-15   1.557998e-04   1.723143e-16   222
  8.932131e-01   1.268960e-15   1.572158e-04   1.112495e-16   168
  8.946732e-01   1.826825e-15   3.448346e-04   2.559719e-16   30
  8.952763e-01   7.463717e-16   3.044637e-04   7.701338e-17   72
  8.964123e-01   1.425642e-15   2.717302e-04   9.287242e-17   258
  8.976612e-01   1.196367e-15   1.701916e-04   6.547471e-17   264
  8.982857e-01   1.113594e-15   0.000000e+00   1.023930e-16   72
  8.995871e-01   1.059109e-15   3.373270e-04   8.210667e-17   174
  9.007654e-01   1.332272e-15   3.591909e-04   1.546360e-16   168
  9.017127e-01   1.036726e-15   1.123916e-08   1.401468e-16   48
  9.027297e-01   1.022112e-15   2.028435e-04   8.060340e-17   150
  9.039088e-01   1.474102e-15   3.731453e-04   1.099315e-16   168
  9.050911e-01   1.267125e-15   2.273028e-04   1.111968e-16   144
  9.061784e-01   1.583652e-15   2.123525e-04   2.018289e-16   102
  9.069882e-01   8.888466e-16   3.143182e-04   7.251699e-17   96
  9.082731e-01   9.585685e-16   3.119397e-04   8.582450e-17   120
  9.092246e-01   8.286771e-16   3.345635e-04   5.899887e-17   168
  9.102538e-01   1.728848e-15   2.470487e-04   1.489429e-16   126
  9.111308e-01   1.013604e-15   1.863241e-04   9.248273e-17   168
  9.123389e-01   1.007382e-15   2.987709e-04   1.096838e-16   72
  9.133947e-01   9.235369e-16   3.741278e-04   7.236146e-17   168
  9.143196e-01   1.091011e-15   1.025668e-04   1.860766e-16   78
  9.155870e-01   1.056446e-15   1.684070e-04   1.149985e-16   60
  9.166075e-01   1.597312e-15   2.731835e-04   1.798166e-16   96
  9.176659e-01   8.978440e-16   3.314854e-04   7.184285e-17   168
  9.186605e-01   1.020118e-15   2.097511e-04   1.533849e-16   86
  9.197042e-01   7.087927e-16   1.874678e-04   5.447003e-17   120
  9.212002e-01   9.133620e-16   1.336894e-04   7.693533e-17   168
  9.220069e-01   5.810974e-16   0.000000e+00   9.323088e-17   48
  9.230934e-01   1.231284e-15   2.435676e-04   1.039962e-16   120
  9.237177e-01   9.060190e-16   1.776924e-04   6.921959e-17   126
  9.252418e-01   1.145315e-15   3.125113e-04   9.897360e-17   96
  9.262310e-01   8.010117e-16   9.011285e-05   8.096810e-17   96
  9.270111e-01   7.883688e-16   0.000000e+00   7.869643e-17   72
  9.286731e-01   1.034936e-15   1.123916e-08   2.943600e-16   24
  9.297104e-01   1.209731e-15   1.854501e-04   1.346041e-16   120
  9.305196e-01   1.127657e-15   2.705147e-04   1.206821e-16   126
  9.314194e-01   7.595946e-16   2.255107e-04   7.566330e-17   96
  9.324708e-01   7.501316e-16   3.897482e-04   8.498726e-17   72
  9.336415e-01   9.415574e-16   1.685792e-04   9.200479e-17   144
  9.346046e-01   1.056983e-15   9.723254e-05   1.277076e-16   72
  9.355666e-01   9.636700e-16   1.942081e-04   1.506176e-16   54
  9.364132e-01   9.042347e-16   1.711436e-04   9.914128e-17   108
  9.381728e-01   8.710482e-16   1.677650e-04   1.123206e-16   72
  9.387206e-01   7.606845e-16   9.680617e-05   9.150233e-17   72
  9.400202e-01   5.033618e-16   1.946680e-08   1.098211e-16   24
  9.412498e-01   5.213869e-16   2.047976e-04   6.541440e-17   48
  9.419964e-01   7.519349e-16   1.560029e-04   7.394599e-17   102
  9.431203e-01   8.357885e-16   3.528137e-04   6.349116e-17   168
  9.445889e-01   8.521577e-16   1.924163e-04   8.930851e-17   72
  9.451330e-01   5.526581e-16   0.000000e+00   8.632946e-17   48
  9.462744e-01   1.030627e-15   3.309678e-04   1.178958e-16   120
  9.477807e-01   7.900081e-16   2.033864e-04   8.570747e-17   96
  9.492033e-01   7.562566e-16   2.202416e-08   1.452602e-16   30
  9.508942e-01   1.020987e-15   9.555995e-05   1.051583e-16   72
  9.516372e-01   8.549699e-16   1.123916e-08   1.576428e-16   24
  9.525916e-01   7.372598e-16   1.416435e-04   8.592518e-17   56
  9.536606e-01   5.682289e-16   2.021324e-04   4.326015e-17   96
  9.549399e-01   7.657587e-16   2.232036e-04   6.192121e-17   144
  9.559263e-01   5.273860e-16   1.267263e-04   6.235399e-17   54
  9.573592e-01   9.518065e-16   1.898493e-04   8.635071e-17   108
  9.588012e-01   1.094309e-15   1.005243e-04   1.934264e-16   48
  9.601739e-01   7.922394e-16   3.785063e-04   7.857295e-17   72
  9.634680e-01   8.546935e-16   2.500803e-04   1.100987e-16   78
  9.643808e-01   8.625940e-16   1.884669e-04   8.981250e-17   72
  9.654462e-01   7.614533e-16   1.882329e-04   8.013836e-17   72
  9.665603e-01   1.029479e-15   4.542266e-04   1.113745e-16   96
  9.674408e-01   7.664933e-16   1.878449e-04   8.270043e-17   72
  9.685029e-01   7.994851e-16   0.000000e+00   1.441986e-16   24
  9.695638e-01   8.135681e-16   3.748416e-04   1.004215e-16   72
  9.719599e-01   1.065421e-15   2.380359e-04   1.607831e-16   30
  9.724755e-01   8.461356e-16   0.000000e+00   1.594799e-16   24
  9.752466e-01   6.124532e-16   1.976584e-04   8.019633e-17   48
  9.761159e-01   8.323181e-16   4.253608e-04   7.754613e-17   120
  9.772870e-01   6.830508e-16   1.859776e-04   6.738521e-17   72
  9.784697e-01   9.635919e-16   1.857528e-04   1.384706e-16   36
  9.792826e-01   8.415434e-16   3.671339e-04   7.366233e-17   78
  9.815513e-01   8.168045e-16   1.963888e-04   1.053264e-16   48
  9.844928e-01   9.316780e-16   1.589457e-08   1.712518e-16   24
  9.865884e-01   4.737434e-16   1.367612e-04   5.170232e-17   56
  9.876436e-01   7.963031e-16   2.104496e-04   6.601950e-17   102
  9.889860e-01   6.733847e-16   1.498555e-08   6.645593e-17   72
  9.897653e-01   5.861062e-16   0.000000e+00   8.160891e-17   24
  9.911277e-01   6.143629e-16   1.944913e-04   7.925887e-17   48
  9.936528e-01   4.806258e-16   0.000000e+00   9.588027e-17   24
  9.967520e-01   1.257370e-15   0.000000e+00   3.020990e-16   6
  9.977185e-01   5.033420e-16   0.000000e+00   8.735231e-17   24
  9.983623e-01   6.464950e-16   1.820511e-04   8.698597e-17   72
  9.995384e-01   6.858816e-16   3.396336e-04   1.139595e-16   84
  1.000805e+00   5.489651e-16   0.000000e+00   8.916637e-17   24
  1.001190e+00   6.657568e-16   1.589457e-08   9.253989e-17   24
  1.003114e+00   4.308620e-16   1.123916e-08   6.820832e-17   24
  1.005800e+00   2.907525e-16   0.000000e+00   5.070729e-17   6
  1.009244e+00   7.239418e-16   1.910001e-04   9.199523e-17   48
  1.010072e+00   7.741306e-16   3.598129e-04   1.062927e-16   72
  1.011152e+00   5.424544e-16   1.906396e-04   1.068904e-16   48
  1.012867e+00   8.078189e-16   0.000000e+00   1.769123e-16   24
  1.015148e+00   2.981087e-16   1.123916e-08   3.563804e-17   6
  1.020262e+00   3.527967e-16   0.000000e+00   7.860785e-17   8
  1.020640e+00   8.882719e-16   1.123916e-08   1.229322e-16   48
  1.021546e+00   5.483215e-16   1.848806e-04   5.239465e-17   60
  1.022904e+00   6.005971e-16   0.000000e+00   9.544787e-17   24
  1.024787e+00   4.146550e-16   0.000000e+00   3.233532e-17   6
  1.031723e+00   4.671007e-16   0.000000e+00   8.561008e-17   24
  1.032283e+00   6.693172e-16   1.867372e-04   1.245791e-16   48
  1.033217e+00   4.270590e-16   0.000000e+00   7.860110e-17   24
  1.034708e+00   2.972841e-16   1.123916e-08   7.725849e-17   6
  1.043181e+00   1.104376e-15   1.742080e-04   1.433130e-16   36
  1.043797e+00   9.399485e-16   0.000000e+00   1.866886e-16   24
  1.044904e+00   5.115983e-16   0.000000e+00   1.339386e-16   6
  1.054545e+00   7.424814e-16   1.583190e-04   1.158150e-16   32
  1.055367e+00   6.612494e-16   1.123916e-08   1.530860e-16   6
  1.065728e+00   7.465778e-16   0.000000e+00   1.398887e-16   12
  1.066089e+00   4.703688e-16   0.000000e+00   2.130844e-16   6
  1.077063e+00   1.928261e-16   1.589457e-08   7.900804e-18   6
