# power spectrum of phi
# redshift z=3.000000
# k              Pk             sigma(k)       sigma(Pk)      count
  1.963495e-02   1.432038e-10   0.000000e+00   5.259245e-11   6
  2.776802e-02   2.127750e-10   0.000000e+00   4.678385e-11   12
  3.400874e-02   1.078502e-10   3.725290e-10   3.048244e-11   8
  3.926991e-02   9.241256e-11   0.000000e+00   2.550262e-11   6
  4.390509e-02   6.945694e-11   0.000000e+00   9.019277e-12   24
  4.809562e-02   6.019103e-11   7.024475e-10   1.175247e-11   24
  5.553604e-02   1.564260e-11   0.000000e+00   3.712974e-12   12
  5.890486e-02   4.343728e-11   7.947286e-10   5.076640e-12   30
  6.209118e-02   2.625220e-11   0.000000e+00   4.766267e-12   24
  6.512178e-02   3.075359e-11   1.216675e-09   6.230178e-12   24
  6.801748e-02   5.853491e-11   7.450581e-10   2.132422e-11   8
  7.079483e-02   2.207002e-11   9.934107e-10   4.196606e-12   24
  7.346727e-02   2.070909e-11   0.000000e+00   2.416836e-12   48
  7.853982e-02   1.486663e-11   0.000000e+00   1.036576e-12   6
  8.095699e-02   2.385190e-11   1.404895e-09   2.642834e-12   48
  8.330406e-02   2.194432e-11   0.000000e+00   3.187008e-12   36
  8.558678e-02   1.052204e-11   9.934107e-10   2.651259e-12   24
  8.781018e-02   1.357919e-11   0.000000e+00   2.037278e-12   24
  8.997866e-02   1.295822e-11   0.000000e+00   1.678413e-12   48
  9.209610e-02   2.106565e-11   1.404895e-09   4.042321e-12   24
  9.619124e-02   1.157048e-11   1.404895e-09   2.370847e-12   24
  9.817477e-02   1.333966e-11   0.000000e+00   2.147014e-12   30
  1.001190e-01   1.287628e-11   0.000000e+00   1.261363e-12   72
  1.020262e-01   1.378319e-11   1.490116e-09   2.027438e-12   32
  1.057375e-01   9.006274e-12   0.000000e+00   1.462015e-12   72
  1.075451e-01   9.286089e-12   0.000000e+00   1.168001e-12   48
  1.110721e-01   4.466166e-12   0.000000e+00   8.989147e-13   12
  1.127942e-01   1.013801e-11   0.000000e+00   1.354085e-12   48
  1.144905e-01   9.496517e-12   0.000000e+00   1.389396e-12   48
  1.161620e-01   6.222403e-12   1.404895e-09   9.210184e-13   48
  1.178097e-01   6.490088e-12   1.589457e-09   9.172060e-13   30
  1.194348e-01   7.429813e-12   1.404895e-09   1.128057e-12   24
  1.210380e-01   7.218496e-12   2.961779e-09   7.037169e-13   72
  1.241824e-01   5.915936e-12   0.000000e+00   2.308812e-12   24
  1.257251e-01   8.624731e-12   0.000000e+00   8.079935e-13   96
  1.272490e-01   4.608684e-12   0.000000e+00   8.377858e-13   48
  1.287550e-01   5.786406e-12   2.433349e-09   9.955343e-13   24
  1.302436e-01   1.094120e-11   2.433349e-09   1.978626e-12   24
  1.317153e-01   6.430338e-12   0.000000e+00   8.472886e-13   72
  1.331707e-01   6.859929e-12   0.000000e+00   9.570213e-13   48
  1.360350e-01   9.399954e-12   1.490116e-09   2.969081e-12   8
  1.374447e-01   5.630741e-12   1.766064e-09   5.106393e-13   54
  1.388401e-01   5.898248e-12   0.000000e+00   6.803995e-13   84
  1.402216e-01   4.360155e-12   0.000000e+00   5.916649e-13   48
  1.415897e-01   4.446945e-12   1.986821e-09   1.253052e-12   24
  1.429446e-01   4.864462e-12   1.873193e-09   5.425626e-13   72
  1.442869e-01   4.492325e-12   0.000000e+00   3.678512e-13   96
  1.469345e-01   4.405045e-12   0.000000e+00   4.679292e-13   48
  1.482407e-01   4.096204e-12   0.000000e+00   4.754284e-13   48
  1.495354e-01   3.798003e-12   1.986821e-09   8.523197e-13   24
  1.508189e-01   3.354950e-12   0.000000e+00   4.177120e-13   72
  1.533539e-01   3.909679e-12   1.873193e-09   5.033150e-13   72
  1.546058e-01   2.920937e-12   0.000000e+00   2.650336e-13   96
  1.570796e-01   6.170096e-13   0.000000e+00   3.190971e-13   6
  1.583021e-01   2.908008e-12   0.000000e+00   3.226223e-13   96
  1.595151e-01   3.125997e-12   1.986821e-09   2.459099e-13   96
  1.607190e-01   3.092146e-12   0.000000e+00   4.020501e-13   24
  1.619140e-01   3.072399e-12   2.809790e-09   4.574917e-13   48
  1.631002e-01   2.225992e-12   0.000000e+00   2.043687e-13   96
  1.642778e-01   2.359334e-12   0.000000e+00   2.479657e-13   48
  1.666081e-01   2.600953e-12   0.000000e+00   5.051835e-13   36
  1.677611e-01   2.066208e-12   3.441276e-09   3.618272e-13   48
  1.689063e-01   2.537450e-12   3.893359e-09   2.120765e-13   120
  1.700437e-01   2.633929e-12   0.000000e+00   3.087465e-13   56
  1.711736e-01   1.562368e-12   1.986821e-09   3.444225e-13   24
  1.722960e-01   2.127868e-12   0.000000e+00   2.013874e-13   96
  1.734112e-01   2.714675e-12   0.000000e+00   3.902849e-13   48
  1.756204e-01   1.998143e-12   0.000000e+00   3.637015e-13   24
  1.767146e-01   2.737902e-12   0.000000e+00   2.252260e-13   102
  1.778021e-01   3.350910e-12   0.000000e+00   6.544688e-13   48
  1.788829e-01   3.509812e-12   0.000000e+00   3.179259e-13   72
  1.799573e-01   2.157113e-12   0.000000e+00   3.595398e-13   48
  1.810253e-01   2.934081e-12   0.000000e+00   4.609020e-13   48
  1.820871e-01   2.474035e-12   4.495664e-09   2.313427e-13   120
  1.841922e-01   1.298339e-12   2.809790e-09   2.681611e-13   24
  1.852358e-01   2.219999e-12   2.649095e-09   1.707720e-13   144
  1.862735e-01   2.226927e-12   3.178914e-09   2.169425e-13   120
  1.873055e-01   2.372480e-12   2.809790e-09   2.984567e-13   48
  1.893526e-01   2.072545e-12   2.809790e-09   3.270828e-13   48
  1.903679e-01   2.058144e-12   2.809790e-09   2.175459e-13   96
  1.930487e-01   1.740147e-12   4.711199e-04   2.419514e-13   72
  1.943761e-01   1.981480e-12   3.532127e-09   1.984950e-13   108
  1.953653e-01   1.683469e-12   0.000000e+00   1.719885e-13   72
  1.963495e-01   2.277172e-12   0.000000e+00   3.342026e-13   30
  1.973288e-01   1.824038e-12   0.000000e+00   1.398619e-13   168
  1.983033e-01   1.983228e-12   0.000000e+00   2.975308e-13   48
  2.002380e-01   1.764752e-12   0.000000e+00   1.861481e-13   72
  2.011984e-01   2.073009e-12   0.000000e+00   2.195256e-13   96
  2.021542e-01   1.696421e-12   5.298191e-09   1.720033e-13   72
  2.031055e-01   1.491463e-12   0.000000e+00   1.397552e-13   72
  2.047049e-01   1.282814e-12   4.350048e-04   1.162578e-13   104
  2.059331e-01   1.757143e-12   3.746387e-09   1.471165e-13   144
  2.087224e-01   1.857191e-12   6.282881e-09   1.996809e-13   96
  2.096439e-01   1.189650e-12   0.000000e+00   1.241058e-13   96
  2.111095e-01   1.226686e-12   4.475232e-04   1.232446e-13   120
  2.123845e-01   1.181239e-12   0.000000e+00   1.288987e-13   120
  2.132902e-01   1.626991e-12   0.000000e+00   1.827825e-13   72
  2.150901e-01   1.777148e-12   0.000000e+00   2.108322e-13   48
  2.159845e-01   1.082348e-12   4.235416e-09   1.144174e-13   78
  2.171286e-01   1.087456e-12   4.007142e-04   8.736579e-14   168
  2.195255e-01   1.298564e-12   3.746387e-09   1.189298e-13   144
  2.204018e-01   1.433219e-12   3.746387e-09   1.092783e-13   144
  2.229436e-01   1.331049e-12   2.307791e-04   1.058491e-13   156
  2.238729e-01   1.132983e-12   4.866699e-09   1.847352e-13   48
  2.247323e-01   1.116626e-12   3.178914e-09   1.250467e-13   120
  2.255884e-01   1.179106e-12   0.000000e+00   1.477400e-13   48
  2.271022e-01   8.929511e-13   3.532495e-04   5.540983e-14   216
  2.289809e-01   7.597720e-13   0.000000e+00   1.114547e-13   48
  2.298212e-01   8.187553e-13   2.809790e-09   1.255259e-13   96
  2.310160e-01   8.611659e-13   4.128272e-04   8.241092e-14   168
  2.323239e-01   7.678264e-13   2.809790e-09   1.075057e-13   48
  2.331522e-01   8.727706e-13   0.000000e+00   9.180626e-14   96
  2.339775e-01   6.252415e-13   0.000000e+00   1.055743e-13   48
  2.356194e-01   7.814644e-13   3.178914e-09   1.009366e-13   30
  2.364362e-01   1.149307e-12   2.809790e-09   1.540766e-13   96
  2.374123e-01   8.753301e-13   3.244455e-04   5.435885e-14   240
  2.386674e-01   1.142207e-12   3.500299e-04   2.692961e-13   32
  2.396752e-01   6.745473e-13   0.000000e+00   4.102804e-14   168
  2.404781e-01   1.001306e-12   0.000000e+00   8.013850e-14   120
  2.420760e-01   1.099414e-12   5.923557e-09   1.415686e-13   72
  2.428710e-01   9.258364e-13   3.746387e-09   7.706664e-14   144
  2.436634e-01   7.838545e-13   0.000000e+00   9.690109e-14   96
  2.444532e-01   6.118805e-13   0.000000e+00   6.100617e-14   96
  2.460253e-01   1.177363e-12   4.588368e-09   1.294380e-13   72
  2.468075e-01   8.215231e-13   3.973643e-09   1.019399e-13   96
  2.483647e-01   9.007058e-13   0.000000e+00   1.409986e-13   24
  2.491396e-01   7.781706e-13   0.000000e+00   5.808591e-14   192
  2.500522e-01   6.215179e-13   2.970416e-04   5.346316e-14   132
  2.514501e-01   6.264370e-13   0.000000e+00   7.680778e-14   96
  2.522156e-01   5.167328e-13   0.000000e+00   4.005688e-14   96
  2.529787e-01   6.455035e-13   3.178914e-09   6.510757e-14   120
  2.544981e-01   5.233367e-13   0.000000e+00   6.655457e-14   48
  2.557435e-01   7.481239e-13   3.599905e-04   5.751260e-14   222
  2.567603e-01   5.533754e-13   0.000000e+00   7.800441e-14   120
  2.575100e-01   6.074110e-13   4.866699e-09   1.082246e-13   24
  2.586015e-01   7.292228e-13   3.715625e-04   5.257557e-14   312
  2.609797e-01   7.576730e-13   3.483547e-04   9.039766e-14   72
  2.619630e-01   8.286376e-13   2.809790e-09   9.465180e-14   96
  2.629726e-01   6.595017e-13   3.547511e-04   4.872882e-14   192
  2.641613e-01   5.033609e-13   4.495664e-09   3.423504e-14   120
  2.648900e-01   6.087497e-13   0.000000e+00   5.597358e-14   144
  2.663415e-01   5.672753e-13   0.000000e+00   1.033023e-13   48
  2.673732e-01   5.495737e-13   3.567146e-04   3.078173e-14   336
  2.685040e-01   5.705372e-13   0.000000e+00   7.564063e-14   48
  2.699360e-01   5.959565e-13   0.000000e+00   3.999641e-14   192
  2.706492e-01   3.968531e-13   0.000000e+00   4.675998e-14   48
  2.726764e-01   4.257550e-13   2.476067e-04   5.194154e-14   56
  2.736844e-01   5.492881e-13   3.180112e-04   2.771893e-14   336
  2.748894e-01   6.748577e-13   3.532127e-09   9.776566e-14   54
  2.759390e-01   5.685633e-13   3.492904e-04   4.019634e-14   240
  2.781181e-01   5.014806e-13   3.344484e-04   3.367447e-14   228
  2.790651e-01   4.303967e-13   3.746387e-09   5.474202e-14   72
  2.799844e-01   5.922509e-13   3.244231e-04   5.905999e-14   144
  2.811298e-01   6.799804e-13   0.000000e+00   8.421563e-14   96
  2.818146e-01   4.822689e-13   4.495664e-09   4.242283e-14   240
  2.831793e-01   3.706720e-13   3.973643e-09   7.335025e-14   24
  2.840530e-01   5.049630e-13   3.064151e-04   3.050919e-14   336
  2.852142e-01   3.852953e-13   0.000000e+00   5.516522e-14   72
  2.862741e-01   4.641903e-13   3.332831e-04   3.859373e-14   168
  2.872346e-01   6.126738e-13   0.000000e+00   5.463543e-14   72
  2.885737e-01   4.545688e-13   0.000000e+00   4.566959e-14   96
  2.896108e-01   3.066896e-13   3.307829e-04   2.211039e-14   216
  2.905708e-01   4.792557e-13   3.973643e-09   4.789500e-14   96
  2.918946e-01   5.349931e-13   0.000000e+00   4.022869e-14   192
  2.925542e-01   4.473932e-13   3.746387e-09   3.361795e-14   144
  2.938691e-01   3.374104e-13   0.000000e+00   5.027996e-14   48
  2.947794e-01   4.661721e-13   3.189136e-04   3.076058e-14   246
  2.960164e-01   4.654043e-13   2.940434e-04   4.104257e-14   168
  2.971308e-01   3.938875e-13   5.506041e-09   3.231672e-14   120
  2.977788e-01   3.243284e-13   0.000000e+00   1.933497e-14   240
  2.990707e-01   3.677982e-13   3.973643e-09   5.271088e-14   24
  3.001001e-01   3.828900e-13   3.147475e-04   2.222091e-14   360
  3.013820e-01   4.839168e-13   3.134082e-04   3.503106e-14   120
  3.022763e-01   3.901284e-13   0.000000e+00   2.788919e-14   144
  3.029133e-01   4.044269e-13   0.000000e+00   4.512232e-14   96
  3.048165e-01   3.765388e-13   0.000000e+00   3.194690e-14   144
  3.054482e-01   3.540946e-13   0.000000e+00   2.811401e-14   132
  3.063360e-01   3.605630e-13   3.093292e-04   3.106633e-14   176
  3.076248e-01   3.179591e-13   3.123602e-04   2.373148e-14   312
  3.092116e-01   3.073863e-13   0.000000e+00   3.752607e-14   96
  3.098343e-01   2.819309e-13   0.000000e+00   2.316772e-14   144
  3.107899e-01   3.428232e-13   3.092271e-04   2.434892e-14   312
  3.123131e-01   1.698790e-13   0.000000e+00   2.202537e-14   48
  3.129297e-01   3.433261e-13   3.973643e-09   2.604551e-14   192
  3.141593e-01   1.020566e-12   0.000000e+00   2.518725e-13   6
  3.149762e-01   3.356256e-13   2.884066e-04   2.520339e-14   288
  3.162994e-01   3.326764e-13   3.047203e-04   2.456142e-14   192
  3.172124e-01   3.343990e-13   9.345130e-09   2.322010e-14   216
  3.178195e-01   2.606099e-13   0.000000e+00   3.033996e-14   72
  3.193321e-01   2.862153e-13   3.018264e-04   2.168127e-14   192
  3.203366e-01   2.928146e-13   2.241224e-04   1.925635e-14   288
  3.214381e-01   2.655709e-13   0.000000e+00   4.597261e-14   24
  3.222890e-01   2.838749e-13   2.952626e-04   1.464714e-14   456
  3.238280e-01   3.611552e-13   5.619580e-09   6.008633e-14   48
  3.247789e-01   2.872953e-13   2.908218e-04   2.144731e-14   240
  3.258718e-01   2.587444e-13   2.939082e-04   1.985101e-14   216
  3.267908e-01   2.269991e-13   0.000000e+00   2.796723e-14   72
  3.273801e-01   3.050628e-13   1.015467e-08   2.904257e-14   168
  3.290441e-01   2.530737e-13   2.184577e-04   1.620174e-14   288
  3.299773e-01   3.033052e-13   2.890570e-04   4.185534e-14   168
  3.314762e-01   2.292715e-13   0.000000e+00   2.009135e-14   192
  3.320572e-01   2.120263e-13   3.746387e-09   2.070927e-14   144
  3.332162e-01   2.723338e-13   0.000000e+00   4.513547e-14   36
  3.341991e-01   3.229321e-13   2.639705e-04   2.755725e-14   342
  3.351389e-01   2.776662e-13   2.710657e-04   2.508651e-14   144
  3.363470e-01   2.844591e-13   2.842800e-04   1.885168e-14   384
  3.378125e-01   2.247374e-13   7.786718e-09   2.936901e-14   120
  3.385379e-01   2.881136e-13   2.534951e-04   2.223389e-14   264
  3.395201e-01   2.572485e-13   1.256576e-08   3.191307e-14   192
  3.404451e-01   2.105145e-13   2.731894e-04   1.606943e-14   152
  3.412191e-01   2.623683e-13   7.492773e-09   2.682017e-14   144
  3.428472e-01   1.947560e-13   1.768108e-04   1.491627e-14   216
  3.436008e-01   2.525012e-13   2.362665e-04   1.599994e-14   312
  3.449274e-01   2.558629e-13   2.738281e-04   1.698118e-14   240
  3.457090e-01   2.096104e-13   3.973643e-09   2.014227e-14   96
  3.471927e-01   1.349177e-13   2.617995e-04   1.419103e-14   144
  3.481071e-01   2.022870e-13   2.573258e-04   1.065120e-14   456
  3.495904e-01   1.585640e-13   0.000000e+00   1.580403e-14   120
  3.501414e-01   2.335749e-13   0.000000e+00   2.392020e-14   144
  3.512407e-01   2.276278e-13   0.000000e+00   5.994034e-14   24
  3.519456e-01   1.730875e-13   2.473498e-04   1.086801e-14   336
  3.531645e-01   2.144323e-13   2.727931e-04   1.722520e-14   198
  3.543067e-01   2.074613e-13   2.652756e-04   1.278031e-14   432
  3.556041e-01   5.027708e-13   0.000000e+00   7.890864e-14   48
  3.562810e-01   1.887360e-13   2.341925e-04   1.330411e-14   384
  3.574963e-01   1.629061e-13   2.696052e-04   1.722790e-14   144
  3.585975e-01   2.692513e-13   2.676825e-04   2.092945e-14   264
  3.599147e-01   1.316871e-13   0.000000e+00   1.523792e-14   48
  3.607984e-01   1.691395e-13   2.545223e-04   1.280221e-14   276
  3.616510e-01   1.764759e-13   2.307176e-04   1.509442e-14   192
  3.627906e-01   1.799348e-13   2.592759e-04   9.513441e-15   552
  3.641741e-01   2.320367e-13   8.991328e-09   2.945968e-14   120
  3.649965e-01   1.259435e-13   2.624511e-04   7.774654e-15   216
  3.657587e-01   1.763522e-13   4.495664e-09   1.724944e-14   120
  3.671201e-01   1.759735e-13   2.584500e-04   1.019006e-14   408
  3.683844e-01   6.459425e-14   5.619580e-09   1.030962e-14   24
  3.691684e-01   1.595146e-13   2.610810e-04   9.125335e-15   384
  3.702633e-01   1.208714e-13   2.550855e-04   8.415608e-15   240
  3.712141e-01   1.402681e-13   2.569535e-04   1.033689e-14   168
  3.725471e-01   1.623505e-13   6.357829e-09   2.579620e-14   120
  3.734064e-01   1.697024e-13   2.678605e-04   1.222213e-14   350
  3.748037e-01   1.808529e-13   4.409502e-04   1.229605e-14   384
  3.756388e-01   2.321154e-13   0.000000e+00   3.248506e-14   144
  3.771752e-01   1.830024e-13   1.059638e-08   1.837363e-14   288
  3.779773e-01   1.536876e-13   2.524053e-04   1.370973e-14   336
  3.790686e-01   1.064305e-13   2.297941e-04   8.038318e-15   168
  3.797219e-01   1.674578e-13   4.541306e-09   1.271185e-14   336
  3.810732e-01   1.136931e-13   2.385126e-04   8.254727e-15   288
  3.818848e-01   1.763141e-13   2.247398e-04   1.172541e-14   264
  3.832590e-01   1.416842e-13   0.000000e+00   1.093308e-14   240
  3.837616e-01   1.360092e-13   7.947286e-09   1.679066e-14   96
  3.855656e-01   1.448529e-13   3.056310e-04   8.385076e-15   360
  3.864075e-01   1.586400e-13   2.253025e-04   1.714854e-14   168
  3.874713e-01   1.379288e-13   2.456032e-04   7.569490e-15   456
  3.887523e-01   1.801169e-13   7.064254e-09   2.313455e-14   108
  3.894728e-01   1.015228e-13   2.464311e-04   9.002485e-15   264
  3.903716e-01   1.198811e-13   2.198567e-04   8.029977e-15   264
  3.916025e-01   1.335105e-13   2.074668e-04   8.576331e-15   312
  3.931351e-01   1.599821e-13   1.541705e-04   1.442729e-14   270
  3.937775e-01   1.656366e-13   1.957388e-04   1.570487e-14   240
  3.949323e-01   1.532745e-13   2.421536e-04   1.532847e-14   384
  3.956334e-01   1.248315e-13   0.000000e+00   1.123313e-14   192
  3.969952e-01   1.472073e-13   1.942960e-04   1.362341e-14   240
  3.977852e-01   1.469899e-13   2.397927e-04   1.156206e-14   336
  3.992708e-01   1.348303e-13   2.413972e-04   8.190318e-15   480
  4.004761e-01   1.672495e-13   0.000000e+00   2.364673e-14   72
  4.011493e-01   1.239152e-13   2.353842e-04   1.107548e-14   240
  4.020650e-01   1.238965e-13   2.212289e-04   9.523929e-15   312
  4.031147e-01   9.282861e-14   2.390954e-04   6.191780e-15   240
  4.047009e-01   1.321434e-13   1.816506e-04   7.816677e-15   408
  4.053288e-01   1.151852e-13   1.663482e-04   7.455731e-15   336
  4.065560e-01   1.408423e-13   2.112212e-04   1.359776e-14   264
  4.071591e-01   6.413473e-14   0.000000e+00   4.439079e-15   144
  4.088370e-01   1.013808e-13   2.927651e-04   6.098487e-15   464
  4.097211e-01   9.330463e-14   2.328083e-04   8.181731e-15   168
  4.105939e-01   7.795375e-14   2.120376e-04   5.399771e-15   336
  4.121713e-01   1.023454e-13   2.227870e-04   5.548673e-15   414
  4.130606e-01   1.536302e-13   2.319080e-04   1.790525e-14   216
  4.141998e-01   1.606468e-13   5.619580e-09   2.247567e-14   96
  4.146649e-01   1.239293e-13   1.685874e-08   1.047180e-14   384
  4.162944e-01   1.165247e-13   2.314600e-04   7.909450e-15   492
  4.171676e-01   1.635895e-13   2.263480e-04   1.516102e-14   240
  4.181546e-01   9.243018e-14   2.298225e-04   5.356804e-15   312
  4.195176e-01   8.307460e-14   2.297469e-04   9.871703e-15   192
  4.203810e-01   9.340584e-14   2.226525e-04   6.787188e-15   504
  4.215265e-01   9.227856e-14   1.473998e-04   7.092647e-15   408
  4.224284e-01   8.218181e-14   4.515774e-04   7.292961e-15   168
  4.235571e-01   1.133376e-13   2.145032e-04   7.164367e-15   288
  4.245041e-01   1.158254e-13   2.238525e-04   1.006559e-14   288
  4.254743e-01   7.894087e-14   2.251410e-04   6.559662e-15   432
  4.268815e-01   8.565761e-14   2.129084e-04   6.948969e-15   216
  4.276334e-01   8.624716e-14   2.124592e-04   7.266499e-15   360
  4.289721e-01   9.993205e-14   2.073582e-04   8.394245e-15   312
  4.301803e-01   1.427015e-13   0.000000e+00   1.988100e-14   48
  4.308767e-01   8.737031e-14   2.223178e-04   5.655040e-15   432
  4.321240e-01   7.866999e-14   3.708284e-04   4.972926e-15   414
  4.328606e-01   9.146894e-14   1.956255e-08   7.121091e-15   312
  4.342347e-01   9.394652e-14   3.253813e-04   6.713584e-15   528
  4.351620e-01   1.191574e-13   1.707976e-04   9.230817e-15   264
  4.362761e-01   1.052276e-13   2.025191e-04   8.298790e-15   480
  4.377318e-01   1.007473e-13   0.000000e+00   1.052538e-14   288
  4.383604e-01   8.094547e-14   2.176005e-04   7.165725e-15   168
  4.395105e-01   9.231275e-14   3.444610e-04   5.337976e-15   504
  4.408036e-01   1.593745e-13   7.492773e-09   2.001232e-14   144
  4.416171e-01   6.815250e-14   2.212265e-04   3.723280e-15   464
  4.428396e-01   8.729694e-14   3.246624e-04   6.788558e-15   432
  4.434197e-01   9.089459e-14   5.619580e-09   1.149890e-14   192
  4.449189e-01   7.656945e-14   2.406833e-04   7.183949e-15   396
  4.458042e-01   5.933878e-14   2.162000e-04   3.954922e-15   288
  4.466990e-01   6.868507e-14   2.135686e-04   6.329317e-15   336
  4.481283e-01   7.090035e-14   1.352359e-04   4.522759e-15   432
  4.490354e-01   6.928736e-14   3.505126e-04   5.144887e-15   360
  4.500539e-01   6.687325e-14   2.073334e-04   3.795300e-15   384
  4.515004e-01   8.339504e-14   1.830116e-04   8.897941e-15   198
  4.521974e-01   6.053924e-14   2.080246e-04   3.467139e-15   552
  4.534970e-01   1.017300e-13   2.912202e-04   7.962914e-15   432
  4.545821e-01   6.833783e-14   0.000000e+00   7.940843e-15   168
  4.554927e-01   9.504464e-14   3.610065e-04   8.143053e-15   480
  4.566974e-01   5.422234e-14   0.000000e+00   8.198396e-15   120
  4.572396e-01   8.196110e-14   2.948545e-04   6.447192e-15   336
  4.585628e-01   7.598225e-14   2.080152e-04   5.319673e-15   672
  4.598711e-01   8.788935e-14   3.025866e-04   6.106127e-15   528
  4.604805e-01   3.671880e-14   9.082613e-09   2.846832e-15   168
  4.618883e-01   7.797604e-14   3.375333e-04   6.027984e-15   456
  4.627474e-01   9.244881e-14   2.061344e-04   9.862708e-15   168
  4.636392e-01   7.016390e-14   2.057643e-04   5.629386e-15   504
  4.651216e-01   5.022121e-14   2.647872e-04   5.491762e-15   336
  4.660180e-01   7.199352e-14   1.908802e-04   6.455694e-15   312
  4.670124e-01   6.423970e-14   1.865029e-04   4.138403e-15   504
  4.683210e-01   5.400194e-14   1.294009e-04   4.272646e-15   432
  4.689362e-01   5.891468e-14   1.999672e-04   5.857408e-15   312
  4.702151e-01   5.861158e-14   2.049761e-04   3.772962e-15   384
  4.715504e-01   1.062784e-13   1.741510e-04   1.757611e-14   126
  4.723748e-01   7.491078e-14   3.057676e-04   5.596765e-15   492
  4.734278e-01   6.748950e-14   1.958445e-04   5.117298e-15   528
  4.747438e-01   5.970775e-14   1.989360e-04   4.434170e-15   480
  4.755596e-01   7.227718e-14   2.748289e-04   4.530784e-15   432
  4.767402e-01   6.640763e-14   2.161166e-04   5.294612e-15   440
  4.781114e-01   9.188973e-14   1.074739e-04   9.422148e-15   312
  4.786259e-01   5.141417e-14   1.610586e-04   4.845262e-15   480
  4.796813e-01   5.641031e-14   3.153497e-04   4.335198e-15   408
  4.812233e-01   8.053591e-14   1.888588e-04   6.011336e-15   360
  4.818747e-01   5.668243e-14   1.822418e-04   4.304217e-15   408
  4.830820e-01   4.454478e-14   1.854542e-04   3.633638e-15   456
  4.844414e-01   6.869945e-14   1.772485e-04   6.015513e-15   264
  4.851959e-01   6.188369e-14   1.923591e-04   5.080600e-15   384
  4.862943e-01   4.935603e-14   3.238501e-04   3.345454e-15   672
  4.875640e-01   8.110689e-14   1.937042e-04   7.475902e-15   240
  4.882967e-01   4.254473e-14   1.965613e-04   3.353449e-15   264
  4.893308e-01   3.505001e-14   2.424259e-04   2.313335e-15   624
  4.908739e-01   4.016081e-14   0.000000e+00   7.090114e-15   150
  4.914232e-01   7.570392e-14   2.716574e-04   5.536846e-15   600
  4.925819e-01   6.741166e-14   1.874909e-04   4.920847e-15   672
  4.938939e-01   4.655653e-14   1.763484e-04   4.980596e-15   336
  4.946248e-01   8.216981e-14   1.918157e-04   7.174381e-15   408
  4.957926e-01   5.372610e-14   1.913639e-04   5.582629e-15   408
  4.970915e-01   6.799429e-14   9.676385e-05   6.618602e-15   360
  4.978921e-01   5.159780e-14   3.552857e-04   5.503908e-15   456
  4.988592e-01   5.075516e-14   1.932065e-04   4.623871e-15   384
  5.000902e-01   2.776898e-14   1.783541e-04   2.087924e-15   348
  5.007554e-01   5.933472e-14   2.198754e-04   4.429488e-15   576
  5.020050e-01   4.247575e-14   1.810385e-04   3.934755e-15   504
  5.032833e-01   4.344553e-14   2.553443e-04   2.824940e-15   432
  5.043991e-01   4.925215e-14   3.473946e-04   3.430024e-15   576
  5.051948e-01   4.225936e-14   0.000000e+00   5.387435e-15   264
  5.064571e-01   4.180798e-14   2.764393e-04   2.717816e-15   768
  5.075549e-01   1.845087e-14   3.721752e-04   1.315827e-15   240
  5.084277e-01   4.372043e-14   3.282233e-04   5.517818e-15   192
  5.096990e-01   3.627002e-14   2.416124e-04   2.502407e-15   504
  5.106418e-01   5.952967e-14   3.255818e-04   5.286160e-15   590
  5.115460e-01   7.158302e-14   3.647966e-04   6.724165e-15   384
  5.126798e-01   5.429863e-14   3.048625e-04   4.589269e-15   504
  5.140486e-01   6.856814e-14   2.933830e-04   6.167339e-15   648
  5.153764e-01   4.169370e-14   7.967896e-05   3.661583e-15   504
  5.159117e-01   4.150694e-14   1.817627e-04   3.813538e-15   312
  5.168569e-01   6.200444e-14   2.618753e-04   4.936982e-15   576
  5.181545e-01   5.227685e-14   1.822405e-04   6.286926e-15   240
  5.189109e-01   3.223390e-14   1.841453e-04   1.771611e-15   552
  5.199816e-01   5.405115e-14   1.729082e-04   4.638468e-15   600
  5.215067e-01   4.158976e-14   2.111937e-04   3.229608e-15   600
  5.224237e-01   2.602489e-14   3.382099e-04   2.326843e-15   312
  5.233368e-01   5.107063e-14   2.945474e-04   3.665496e-15   480
  5.244775e-01   3.009044e-14   1.837693e-04   2.313454e-15   576
  5.254818e-01   4.750134e-14   2.959085e-04   4.611747e-15   408
  5.263729e-01   1.471295e-14   3.451909e-04   1.175699e-15   216
  5.275243e-01   3.272722e-14   2.643774e-04   1.784292e-15   516
  5.287578e-01   3.784057e-14   2.522429e-04   2.447429e-15   744
  5.300304e-01   3.989373e-14   1.684760e-04   3.054049e-15   462
  5.307494e-01   4.402365e-14   1.712315e-04   4.514890e-15   432
  5.318647e-01   4.471439e-14   1.588547e-04   4.721502e-15   648
  5.331761e-01   4.732895e-14   2.324340e-04   5.453685e-15   528
  5.342295e-01   5.442882e-14   2.799086e-04   4.800087e-15   600
  5.352820e-01   7.088930e-14   3.528915e-04   8.283980e-15   240
  5.363014e-01   3.789676e-14   2.703115e-04   3.043825e-15   720
  5.374863e-01   4.420078e-14   2.138653e-04   3.278571e-15   720
  5.387997e-01   1.131188e-14   0.000000e+00   1.018144e-15   144
  5.394909e-01   4.129647e-14   2.757364e-04   2.868691e-15   720
  5.404742e-01   4.265179e-14   1.653370e-04   4.084557e-15   384
  5.417051e-01   3.039204e-14   1.832848e-04   1.907364e-15   672
  5.428730e-01   4.807673e-14   3.209115e-04   4.880783e-15   336
  5.434308e-01   3.814791e-14   0.000000e+00   3.880758e-15   288
  5.447967e-01   2.617157e-14   2.539800e-04   1.571436e-15   776
  5.460612e-01   2.464486e-14   2.173184e-04   1.462362e-15   720
  5.471231e-01   2.466053e-14   1.750659e-04   1.812962e-15   432
  5.479725e-01   3.454803e-14   2.495786e-04   2.996478e-15   504
  5.489174e-01   3.324822e-14   1.748652e-04   2.546466e-15   528
  5.502396e-01   4.206453e-14   2.382437e-04   4.819568e-15   438
  5.513273e-01   4.768152e-14   2.772938e-04   5.602647e-15   624
  5.521470e-01   5.168829e-14   3.396475e-04   6.640124e-15   312
  5.532738e-01   5.242267e-14   1.829935e-04   3.796768e-15   696
  5.544390e-01   4.042529e-14   1.655760e-04   3.885478e-15   552
  5.556509e-01   3.641064e-14   1.281006e-04   3.310851e-15   516
  5.564006e-01   4.451949e-14   2.558713e-04   4.041306e-15   528
  5.573133e-01   1.504332e-14   1.664001e-04   7.406964e-16   528
  5.586097e-01   4.071658e-14   2.194479e-04   4.023249e-15   864
  5.594897e-01   3.619529e-14   3.005985e-04   3.222413e-15   408
  5.603706e-01   3.748953e-14   2.978186e-04   3.364793e-15   192
  5.616191e-01   2.698112e-14   2.464592e-04   2.166882e-15   720
  5.626731e-01   2.271206e-14   2.272475e-04   1.286616e-15   696
  5.639255e-01   2.888981e-14   2.454294e-04   2.098801e-15   720
  5.650713e-01   3.356896e-14   3.326501e-04   3.581528e-15   432
  5.657395e-01   1.870291e-14   1.958109e-04   1.456756e-15   264
  5.669418e-01   2.906402e-14   2.704061e-04   2.153802e-15   672
  5.680171e-01   2.691162e-14   2.768544e-04   1.914104e-15   600
  5.692933e-01   1.984213e-14   1.620980e-04   3.089948e-15   270
  5.699366e-01   4.058753e-14   2.440026e-04   5.761285e-15   528
  5.709591e-01   4.057095e-14   1.670843e-04   3.816341e-15   840
  5.723613e-01   4.249539e-14   3.194952e-04   3.341697e-15   888
  5.736568e-01   2.947218e-14   2.380474e-04   2.425848e-15   744
  5.747517e-01   2.812362e-14   1.223216e-04   2.831125e-15   456
  5.752963e-01   5.055339e-14   1.671601e-04   5.760997e-15   360
  5.762282e-01   3.703133e-14   1.448348e-04   6.073619e-15   384
  5.776580e-01   3.223820e-14   2.323137e-04   2.438893e-15   816
  5.787308e-01   3.404233e-14   3.370546e-04   2.795811e-15   824
  5.800348e-01   2.971794e-14   1.566791e-04   4.389731e-15   360
  5.807331e-01   2.314482e-14   2.311994e-04   1.568179e-15   624
  5.816941e-01   3.150868e-14   1.562320e-04   3.188883e-15   360
  5.829744e-01   2.304540e-14   2.125215e-04   1.780524e-15   876
  5.841306e-01   2.020268e-14   2.524119e-04   1.447236e-15   696
  5.852967e-01   1.844252e-14   1.629911e-04   1.575448e-15   336
  5.859080e-01   3.631768e-14   1.628079e-04   3.291454e-15   504
  5.869176e-01   2.400070e-14   1.642187e-04   2.186282e-15   672
  5.884155e-01   1.866767e-14   3.269213e-04   1.203947e-15   720
  5.894543e-01   4.031104e-14   2.469541e-04   4.162141e-15   774
  5.906010e-01   5.705613e-14   1.413501e-04   6.818873e-15   384
  5.912015e-01   3.381534e-14   2.720183e-04   3.224279e-15   528
  5.921335e-01   4.082270e-14   2.592486e-04   3.551694e-15   744
  5.936327e-01   3.622997e-14   2.138251e-04   2.920119e-15   768
  5.946281e-01   3.520728e-14   2.400348e-04   3.918659e-15   552
  5.958700e-01   2.684858e-14   2.616108e-04   2.023912e-15   696
  5.967938e-01   3.578026e-14   3.179026e-04   3.176446e-15   408
  5.975272e-01   3.577368e-14   1.373364e-04   3.229296e-15   504
  5.986899e-01   2.028779e-14   2.467198e-04   1.557434e-15   888
  5.998339e-01   2.650732e-14   2.564132e-04   2.560730e-15   648
  6.010230e-01   3.025116e-14   2.542153e-04   3.630570e-15   648
  6.021418e-01   2.937526e-14   2.741064e-04   2.475082e-15   792
  6.033268e-01   2.142534e-14   4.010364e-04   1.900303e-15   600
  6.042000e-01   1.379253e-14   2.717856e-04   1.143722e-15   456
  6.051191e-01   2.578981e-14   1.324567e-04   2.632450e-15   648
  6.062996e-01   2.153300e-14   2.583099e-04   1.656330e-15   936
  6.075741e-01   3.270586e-14   1.586356e-04   3.400389e-15   384
  6.086836e-01   1.559934e-14   1.334798e-08   2.428908e-15   198
  6.095398e-01   1.414847e-14   4.024720e-04   1.078150e-15   1224
  6.104634e-01   2.252253e-14   2.931235e-04   2.564863e-15   420
  6.115558e-01   2.010720e-14   2.836822e-04   1.897767e-15   792
  6.126238e-01   1.710809e-14   2.345810e-04   1.389489e-15   680
  6.138428e-01   1.572230e-14   2.154033e-04   1.516552e-15   600
  6.148235e-01   1.444790e-14   3.123938e-04   1.043083e-15   840
  6.161330e-01   1.102709e-14   1.474979e-04   8.943971e-16   432
  6.166334e-01   1.804520e-14   1.382249e-04   1.588113e-15   720
  6.177213e-01   1.169761e-14   2.768404e-04   7.598993e-16   960
  6.190745e-01   1.318935e-14   2.467829e-04   1.444356e-15   528
  6.200634e-01   1.376284e-14   2.522592e-04   1.182178e-15   624
  6.212404e-01   1.441689e-14   1.982740e-04   1.105326e-15   816
  6.224086e-01   1.068882e-14   3.260658e-04   7.485628e-16   696
  6.236996e-01   9.257973e-15   2.202416e-08   1.178666e-15   240
  6.241851e-01   1.339986e-14   1.922888e-04   1.004437e-15   672
  6.252686e-01   1.104530e-14   3.436476e-04   7.612988e-16   864
  6.264840e-01   8.084681e-15   2.636938e-04   6.565979e-16   816
  6.275795e-01   8.474424e-15   1.509292e-04   6.373404e-16   648
  6.287594e-01   1.438979e-14   1.542771e-04   9.031441e-16   843
  6.297611e-01   1.312170e-14   2.775825e-04   1.336005e-15   780
  6.309548e-01   1.626574e-14   1.489456e-04   3.081958e-15   216
  6.316911e-01   1.340894e-14   3.591661e-04   1.062817e-15   1056
  6.328235e-01   1.070089e-14   2.938382e-04   1.975414e-15   228
  6.338720e-01   1.381990e-14   3.658358e-04   1.077715e-15   924
  6.349484e-01   1.103775e-14   1.357046e-04   5.940197e-16   696
  6.360882e-01   1.163270e-14   2.415153e-04   9.633896e-16   996
  6.372543e-01   8.290411e-15   1.425858e-04   9.429112e-16   576
  6.384675e-01   1.214458e-14   2.200718e-04   1.273686e-15   552
  6.393519e-01   1.335260e-14   2.627580e-04   1.173951e-15   516
  6.402494e-01   9.114261e-15   3.821047e-04   6.150880e-16   744
  6.412749e-01   5.198277e-15   1.874451e-04   3.173036e-16   576
  6.421669e-01   8.319144e-15   1.929285e-04   6.677042e-16   792
  6.434346e-01   8.550586e-15   2.205530e-04   6.582121e-16   792
  6.443636e-01   9.106350e-15   2.378641e-04   7.087453e-16   720
  6.456200e-01   7.878691e-15   2.711104e-04   6.118962e-16   656
  6.467974e-01   8.002880e-15   2.960385e-04   5.369586e-16   816
  6.480043e-01   7.210238e-15   1.596190e-04   6.589730e-16   492
  6.486903e-01   7.873562e-15   2.296231e-04   6.260134e-16   552
  6.499778e-01   5.698031e-15   3.992867e-04   3.495973e-16   780
  6.508139e-01   6.817358e-15   2.452771e-04   6.006051e-16   528
  6.517148e-01   4.915972e-15   2.863130e-04   3.667647e-16   600
  6.530425e-01   7.622085e-15   2.379487e-04   3.945428e-16   900
  6.539577e-01   6.521429e-15   1.317325e-04   5.497404e-16   696
  6.552168e-01   6.790529e-15   3.330907e-04   5.332538e-16   696
  6.564349e-01   4.641198e-15   1.351317e-04   2.896090e-16   552
  6.574592e-01   4.875308e-15   1.571457e-04   3.167290e-16   708
  6.585322e-01   5.495198e-15   2.594565e-04   3.668808e-16   876
  6.596487e-01   4.876792e-15   1.377663e-04   5.168850e-16   216
  6.603980e-01   5.745935e-15   3.768094e-04   3.087067e-16   1032
  6.615201e-01   5.429195e-15   4.195357e-04   5.185981e-16   600
  6.626848e-01   3.723450e-15   2.001869e-04   2.842607e-16   600
  6.635732e-01   5.743849e-15   3.535112e-04   4.492107e-16   528
  6.646233e-01   4.875720e-15   1.940622e-04   2.943059e-16   732
  6.657296e-01   7.036721e-15   1.432973e-04   7.765914e-16   336
  6.670031e-01   4.044560e-15   2.042271e-04   2.303583e-16   912
  6.679548e-01   3.540612e-15   2.049821e-04   2.066591e-16   624
  6.689946e-01   5.161481e-15   1.727341e-04   3.110673e-16   768
  6.702082e-01   3.912461e-15   3.116463e-04   2.133256e-16   792
  6.713995e-01   4.710851e-15   1.545014e-04   3.575391e-16   660
  6.722471e-01   4.179231e-15   2.276826e-04   3.671285e-16   504
  6.731238e-01   3.745200e-15   3.719898e-04   3.711181e-16   480
  6.744376e-01   3.435005e-15   3.440421e-04   1.989082e-16   912
  6.754664e-01   4.283562e-15   3.831443e-04   2.917013e-16   432
  6.764380e-01   3.728740e-15   2.275021e-04   2.495137e-16   564
  6.773006e-01   3.297189e-15   2.177508e-04   1.656174e-16   600
  6.785149e-01   4.630230e-15   3.035240e-04   2.580188e-16   876
  6.794272e-01   3.623767e-15   1.364735e-04   3.564731e-16   264
  6.806846e-01   4.179691e-15   2.648123e-04   2.943730e-16   560
  6.816953e-01   3.631304e-15   1.799457e-04   1.928378e-16   840
  6.829222e-01   2.809248e-15   2.774244e-04   1.415034e-16   1008
  6.840568e-01   2.496391e-15   1.241010e-04   1.648143e-16   456
  6.850930e-01   3.512858e-15   1.607553e-04   2.296824e-16   576
  6.860509e-01   3.451275e-15   2.470177e-04   2.224143e-16   612
  6.873140e-01   3.368721e-15   2.206269e-04   1.794071e-16   780
  6.883444e-01   3.009140e-15   2.528284e-04   2.040932e-16   648
  6.893992e-01   2.950642e-15   1.178213e-04   2.342486e-16   312
  6.900734e-01   2.670636e-15   2.993645e-04   1.545634e-16   528
  6.912414e-01   2.278925e-15   3.909551e-04   9.347314e-17   720
  6.923583e-01   2.856698e-15   3.921794e-04   2.069897e-16   576
  6.937124e-01   2.877550e-15   3.383053e-04   2.012508e-16   444
  6.945549e-01   2.624132e-15   3.317685e-04   1.161773e-16   996
  6.955874e-01   2.151809e-15   2.771265e-04   1.444835e-16   432
  6.965633e-01   2.899145e-15   3.033990e-04   1.807980e-16   504
  6.974062e-01   2.018890e-15   1.367883e-04   1.299529e-16   504
  6.986065e-01   2.605297e-15   2.692009e-04   1.185381e-16   876
  6.996926e-01   2.113677e-15   3.098246e-04   1.148475e-16   504
  7.008236e-01   2.474401e-15   1.975899e-04   1.383643e-16   696
  7.017583e-01   2.458022e-15   1.689187e-04   1.402207e-16   492
  7.030300e-01   2.031082e-15   2.418152e-04   1.137881e-16   432
  7.039719e-01   2.615367e-15   2.264335e-04   1.302392e-16   768
  7.050885e-01   1.915768e-15   2.820533e-04   1.064386e-16   648
  7.061547e-01   2.038053e-15   1.840095e-04   1.396942e-16   456
  7.073798e-01   2.093040e-15   2.530430e-04   1.017261e-16   552
  7.082306e-01   1.924849e-15   1.734358e-04   1.033556e-16   648
  7.094016e-01   1.799670e-15   2.826907e-04   6.982951e-17   840
  7.105454e-01   2.169227e-15   1.348092e-04   1.340269e-16   432
  7.116906e-01   2.160443e-15   1.651183e-04   1.200012e-16   600
  7.124870e-01   2.297448e-15   1.759227e-04   1.354280e-16   432
  7.138248e-01   2.206185e-15   1.751482e-04   1.197021e-16   560
  7.147308e-01   1.859735e-15   2.772412e-04   9.343553e-17   840
  7.158652e-01   1.853514e-15   1.642140e-04   1.078452e-16   504
  7.167662e-01   1.929140e-15   3.351509e-04   1.034634e-16   696
  7.180362e-01   2.362623e-15   1.830475e-04   1.548304e-16   384
  7.190254e-01   1.509617e-15   2.681431e-04   7.747134e-17   576
  7.202219e-01   1.572282e-15   1.654845e-04   9.745681e-17   360
  7.211864e-01   1.972025e-15   2.464465e-04   9.811191e-17   828
  7.222268e-01   1.454938e-15   2.195064e-04   8.375235e-17   372
  7.231800e-01   1.811654e-15   3.352284e-04   9.645574e-17   576
  7.244428e-01   1.930726e-15   1.403933e-04   9.288779e-17   636
  7.253425e-01   1.802225e-15   2.706420e-04   9.557100e-17   648
  7.265596e-01   1.349652e-15   2.200024e-04   6.471149e-17   576
  7.274333e-01   1.455669e-15   3.548870e-04   1.019828e-16   528
  7.285953e-01   1.503562e-15   1.517289e-04   9.383282e-17   360
  7.295571e-01   1.319497e-15   3.490332e-04   6.225615e-17   672
  7.308130e-01   1.831920e-15   1.787806e-04   8.254532e-17   804
  7.318582e-01   1.551350e-15   1.972163e-04   1.074976e-16   408
  7.330145e-01   1.587610e-15   1.219011e-04   9.505516e-17   384
  7.337931e-01   1.125718e-15   2.789567e-04   7.963133e-17   480
  7.348913e-01   1.297467e-15   1.802469e-04   9.677686e-17   432
  7.359446e-01   1.625143e-15   3.321566e-04   7.205474e-17   648
  7.371913e-01   1.573261e-15   2.061016e-04   8.392216e-17   624
  7.381033e-01   1.288950e-15   1.874668e-04   6.715002e-17   456
  7.393486e-01   1.480185e-15   2.560963e-04   7.686688e-17   588
  7.401831e-01   1.338380e-15   1.633884e-04   6.745737e-17   600
  7.414016e-01   1.237934e-15   2.548458e-04   5.719721e-17   708
  7.423640e-01   1.460884e-15   1.605479e-04   7.885153e-17   360
  7.434275e-01   1.432473e-15   1.845541e-04   6.992707e-17   552
  7.444470e-01   9.844106e-16   1.294691e-04   8.277023e-17   288
  7.454820e-01   1.142906e-15   2.434372e-04   6.428952e-17   528
  7.464545e-01   1.360816e-15   1.642340e-04   9.822943e-17   456
  7.475410e-01   1.363883e-15   2.912225e-04   8.130010e-17   608
  7.486338e-01   1.216935e-15   1.408967e-04   7.285902e-17   504
  7.498278e-01   1.164010e-15   3.024972e-04   7.583387e-17   540
  7.507642e-01   1.478090e-15   3.247222e-04   1.004796e-16   360
  7.517735e-01   1.296209e-15   1.470509e-04   6.377298e-17   540
  7.526661e-01   1.136128e-15   1.262606e-04   6.093934e-17   576
  7.539642e-01   1.204972e-15   2.927555e-04   6.047875e-17   588
  7.551985e-01   1.080675e-15   4.039143e-04   5.330554e-17   672
  7.562588e-01   1.306534e-15   3.087151e-04   6.690238e-17   552
  7.571135e-01   9.612527e-16   3.088712e-04   9.685188e-17   144
  7.582042e-01   1.379003e-15   2.624178e-04   7.796342e-17   600
  7.592383e-01   1.112715e-15   3.288668e-04   7.633300e-17   504
  7.603860e-01   1.161340e-15   3.378126e-04   9.143418e-17   336
  7.615932e-01   1.062831e-15   3.797028e-04   5.337037e-17   600
  7.626744e-01   9.310768e-16   2.450478e-04   5.180349e-17   636
  7.638413e-01   1.069754e-15   1.970206e-04   6.927374e-17   384
  7.646595e-01   1.074937e-15   2.748205e-04   5.851144e-17   504
  7.658387e-01   1.078520e-15   1.153383e-04   8.235620e-17   240
  7.667694e-01   1.192561e-15   2.709461e-04   5.717775e-17   744
  7.678860e-01   8.934126e-16   1.850150e-04   3.788695e-17   648
  7.688783e-01   1.678569e-15   1.228185e-04   1.779026e-16   120
  7.700414e-01   9.486254e-16   1.929319e-04   5.091120e-17   564
  7.709202e-01   1.133754e-15   3.030111e-04   7.267517e-17   432
  7.720932e-01   7.731390e-16   2.351965e-04   4.309714e-17   480
  7.729764e-01   6.672101e-16   1.731106e-04   3.675437e-17   456
  7.740189e-01   1.024690e-15   2.864725e-04   7.204326e-17   444
  7.752020e-01   7.952614e-16   4.383180e-04   4.449907e-17   528
  7.762412e-01   9.470928e-16   3.255297e-04   7.789133e-17   264
  7.772498e-01   8.693299e-16   3.336195e-04   4.835430e-17   444
  7.786065e-01   9.496894e-16   3.654311e-04   4.746483e-17   696
  7.797327e-01   1.021950e-15   1.954448e-04   6.377500e-17   384
  7.805563e-01   8.030325e-16   2.469609e-04   4.467866e-17   432
  7.818373e-01   9.796989e-16   1.706384e-04   5.880570e-17   488
  7.826690e-01   1.096718e-15   2.571733e-04   6.210724e-17   480
  7.838749e-01   7.996040e-16   2.868014e-04   4.258016e-17   480
  7.848089e-01   7.098001e-16   1.203331e-04   5.237310e-17   240
  7.858692e-01   9.244090e-16   2.810886e-04   4.819147e-17   600
  7.868694e-01   6.225333e-16   2.449399e-04   4.821652e-17   288
  7.879343e-01   7.571587e-16   2.356143e-04   3.871973e-17   480
  7.890129e-01   7.370045e-16   4.191157e-04   4.839842e-17   504
  7.900748e-01   6.711387e-16   1.798267e-04   4.565406e-17   216
  7.914291e-01   8.433537e-16   2.944050e-04   4.196715e-17   504
  7.924838e-01   7.931604e-16   2.367912e-04   4.939911e-17   456
  7.936384e-01   9.690186e-16   1.358038e-04   5.767081e-17   384
  7.944031e-01   8.647695e-16   2.756326e-04   4.881018e-17   480
  7.954897e-01   7.175389e-16   2.420363e-04   4.764458e-17   504
  7.964966e-01   6.732689e-16   1.535327e-04   3.944639e-17   312
  7.975815e-01   8.165246e-16   2.474127e-04   4.390548e-17   492
  7.985417e-01   8.453805e-16   2.318919e-04   6.538005e-17   312
  7.997779e-01   6.114677e-16   3.766899e-04   2.887424e-17   576
  8.008661e-01   8.028718e-16   3.477153e-04   6.715169e-17   336
  8.017699e-01   4.882480e-16   2.677247e-04   3.717780e-17   240
  8.030228e-01   7.350251e-16   3.549351e-04   4.263913e-17   468
  8.041047e-01   7.084656e-16   2.222407e-04   6.522934e-17   192
  8.052370e-01   6.037087e-16   2.229031e-04   4.535150e-17   324
  8.060669e-01   7.501758e-16   1.617794e-04   4.297482e-17   600
  8.071978e-01   7.408072e-16   2.624704e-04   4.684429e-17   456
  8.080377e-01   7.628619e-16   1.180592e-04   6.667904e-17   336
  8.094297e-01   7.358515e-16   3.535027e-04   3.765014e-17   612
  8.104424e-01   5.329473e-16   2.966749e-04   7.532070e-17   144
  8.114002e-01   6.882438e-16   3.462957e-04   3.572825e-17   552
  8.127025e-01   5.332988e-16   1.363755e-04   4.091580e-17   264
  8.134384e-01   6.793259e-16   3.157441e-04   4.734932e-17   336
  8.145992e-01   5.570411e-16   2.086329e-04   3.416363e-17   384
  8.156059e-01   7.625933e-16   1.174397e-04   6.456510e-17   216
  8.167203e-01   4.865348e-16   2.489964e-04   3.293799e-17   344
  8.177364e-01   5.646769e-16   3.715143e-04   3.469922e-17   408
  8.189746e-01   4.965778e-16   2.854845e-04   5.439279e-17   264
  8.200718e-01   6.487188e-16   3.979796e-04   3.519406e-17   612
  8.211681e-01   7.595862e-16   2.048307e-04   4.876507e-17   408
  8.222956e-01   5.589563e-16   2.051251e-04   3.679122e-17   444
  8.231239e-01   9.950218e-16   1.147249e-04   7.757884e-17   120
  8.242338e-01   5.682917e-16   3.169640e-04   4.145768e-17   336
  8.250576e-01   5.561730e-16   1.101437e-04   3.990736e-17   288
  8.261708e-01   5.754315e-16   3.427692e-04   3.682276e-17   552
  8.277012e-01   7.499181e-16   1.835347e-08   1.121776e-16   72
  8.284882e-01   5.229678e-16   3.404572e-04   3.101454e-17   504
  8.294074e-01   3.858131e-16   1.095558e-04   3.457995e-17   216
  8.305983e-01   5.447285e-16   1.956043e-04   4.026469e-17   312
  8.316675e-01   4.832676e-16   2.227263e-04   3.488087e-17   336
  8.326865e-01   5.079100e-16   3.087236e-04   5.903232e-17   204
  8.337014e-01   7.735482e-16   3.587838e-04   5.272907e-17   504
  8.347777e-01   7.466043e-16   3.416652e-04   5.247870e-17   396
  8.358127e-01   6.639469e-16   3.133249e-04   5.238740e-17   312
  8.370674e-01   8.188911e-16   1.914750e-04   6.903331e-17   216
  8.379516e-01   4.788448e-16   1.039172e-04   4.227528e-17   168
  8.390260e-01   5.306234e-16   2.623966e-04   2.847055e-17   588
  8.402521e-01   3.861896e-16   3.561727e-04   3.263798e-17   240
  8.412047e-01   4.137086e-16   3.145601e-04   3.255322e-17   264
  8.423219e-01   4.294702e-16   3.890183e-04   3.454352e-17   288
  8.433131e-01   4.093927e-16   1.942596e-04   2.986151e-17   288
  8.445693e-01   4.445468e-16   1.824406e-04   3.889216e-17   288
  8.454153e-01   3.991131e-16   2.113423e-04   3.718191e-17   192
  8.464795e-01   3.226124e-16   2.248894e-04   2.635385e-17   264
  8.474933e-01   8.233014e-16   3.699119e-04   6.279213e-17   372
  8.485844e-01   5.449428e-16   3.995208e-04   3.394873e-17   360
  8.499161e-01   6.552864e-16   1.690810e-04   7.389950e-17   144
  8.506044e-01   3.929419e-16   2.348461e-04   3.780192e-17   296
  8.516909e-01   4.007085e-16   2.530345e-04   2.979608e-17   288
  8.529347e-01   4.091598e-16   3.781537e-04   2.635464e-17   480
  8.540076e-01   3.811213e-16   3.142096e-04   3.863244e-17   192
  8.550509e-01   4.864631e-16   3.370327e-04   4.828266e-17   192
  8.559992e-01   4.090654e-16   2.147949e-04   3.077313e-17   288
  8.573180e-01   2.698266e-16   1.869760e-04   2.194660e-17   108
  8.579823e-01   5.518402e-16   1.797545e-04   4.140416e-17   240
  8.591554e-01   3.330939e-16   3.353363e-04   2.405085e-17   384
  8.603605e-01   6.166224e-16   4.090723e-04   8.109962e-17   108
  8.614261e-01   7.241697e-16   2.398466e-04   4.993678e-17   348
  8.625466e-01   4.955868e-16   2.503134e-04   4.450342e-17   312
  8.635474e-01   4.515347e-16   2.432319e-04   7.859006e-17   96
  8.644677e-01   3.825421e-16   3.238194e-04   2.633497e-17   384
  8.654984e-01   4.373095e-16   2.227222e-04   4.697056e-17   144
  8.665066e-01   4.465203e-16   3.422225e-04   3.314426e-17   408
  8.677598e-01   2.812060e-16   1.526554e-04   2.861141e-17   144
  8.689437e-01   3.866441e-16   2.934816e-04   4.220006e-17   192
  8.696459e-01   4.527944e-16   3.303190e-04   4.967409e-17   144
  8.707904e-01   2.760351e-16   2.685615e-04   2.784128e-17   144
  8.718702e-01   4.025911e-16   3.282257e-04   3.146460e-17   336
  8.731927e-01   2.532955e-16   2.428454e-04   1.742337e-17   240
  8.740312e-01   2.903945e-16   1.102739e-04   3.762734e-17   96
  8.752007e-01   4.158748e-16   3.233803e-04   3.166915e-17   372
  8.763838e-01   5.074774e-16   3.846540e-04   9.706003e-17   132
  8.774230e-01   2.637494e-16   2.380193e-04   1.803622e-17   264
  8.783527e-01   4.018680e-16   1.827880e-04   4.505083e-17   168
  8.793449e-01   3.185396e-16   2.922429e-04   2.887640e-17   216
  8.802213e-01   2.926551e-16   1.787978e-04   3.381106e-17   216
  8.814979e-01   2.379827e-16   3.280196e-04   2.355100e-17   96
  8.826561e-01   4.000674e-16   2.140028e-04   4.444272e-17   120
  8.837183e-01   2.860757e-16   2.720578e-04   2.685605e-17   216
  8.845934e-01   2.623888e-16   1.188902e-04   2.091171e-17   200
  8.857519e-01   2.770161e-16   3.077557e-04   2.561288e-17   288
  8.872378e-01   1.640393e-16   8.097649e-05   1.310655e-17   144
  8.878635e-01   3.084384e-16   2.519939e-04   3.489384e-17   168
  8.891412e-01   4.084226e-16   2.835956e-04   4.766831e-17   159
  8.901386e-01   3.087749e-16   2.975600e-04   3.494823e-17   174
  8.911039e-01   2.985652e-16   2.698170e-04   2.538703e-17   144
  8.923678e-01   3.101473e-16   1.557998e-04   2.605880e-17   222
  8.932131e-01   2.957841e-16   1.572158e-04   2.827550e-17   168
  8.946732e-01   5.243964e-16   3.448346e-04   1.376943e-16   30
  8.952763e-01   2.167414e-16   3.044637e-04   2.816983e-17   72
  8.964123e-01   2.671506e-16   2.717302e-04   3.815176e-17   258
  8.976612e-01   2.418600e-16   1.701916e-04   1.687080e-17   264
  8.982857e-01   3.488739e-16   0.000000e+00   5.723814e-17   72
  8.995871e-01   2.350489e-16   3.373270e-04   2.830999e-17   174
  9.007654e-01   2.427934e-16   3.591909e-04   1.825826e-17   168
  9.017127e-01   1.889220e-16   1.123916e-08   1.822768e-17   48
  9.027297e-01   1.808119e-16   2.028435e-04   1.820639e-17   150
  9.039088e-01   2.904236e-16   3.731453e-04   2.311673e-17   168
  9.050911e-01   1.750642e-16   2.273028e-04   1.655641e-17   144
  9.061784e-01   2.636953e-16   2.123525e-04   3.514784e-17   102
  9.069882e-01   1.915853e-16   3.143182e-04   2.612829e-17   96
  9.082731e-01   1.639361e-16   3.119397e-04   1.523778e-17   120
  9.092246e-01   1.322176e-16   3.345635e-04   1.008684e-17   168
  9.102538e-01   2.547324e-16   2.470487e-04   2.294142e-17   126
  9.111308e-01   2.337815e-16   1.863241e-04   1.966744e-17   168
  9.123389e-01   1.028249e-16   2.987709e-04   1.376880e-17   72
  9.133947e-01   1.972132e-16   3.741278e-04   1.868031e-17   168
  9.143196e-01   2.092674e-16   1.025668e-04   3.666905e-17   78
  9.155870e-01   1.279756e-16   1.684070e-04   1.477297e-17   60
  9.166075e-01   2.732206e-16   2.731835e-04   2.648582e-17   96
  9.176659e-01   1.775427e-16   3.314854e-04   1.397464e-17   168
  9.186605e-01   1.975738e-16   2.097511e-04   2.352842e-17   86
  9.197042e-01   1.135399e-16   1.874678e-04   1.248757e-17   120
  9.212002e-01   1.365519e-16   1.336894e-04   1.649103e-17   168
  9.220069e-01   1.762444e-16   0.000000e+00   2.395189e-17   48
  9.230934e-01   2.097058e-16   2.435676e-04   1.773815e-17   120
  9.237177e-01   1.752601e-16   1.776924e-04   2.063408e-17   126
  9.252418e-01   1.896922e-16   3.125113e-04   1.884998e-17   96
  9.262310e-01   1.841076e-16   9.011285e-05   1.958768e-17   96
  9.270111e-01   1.231395e-16   0.000000e+00   1.285460e-17   72
  9.286731e-01   1.197735e-16   1.123916e-08   2.928155e-17   24
  9.297104e-01   1.444440e-16   1.854501e-04   1.949603e-17   120
  9.305196e-01   1.825117e-16   2.705147e-04   1.831258e-17   126
  9.314194e-01   1.374493e-16   2.255107e-04   1.522350e-17   96
  9.324708e-01   1.265791e-16   3.897482e-04   1.774771e-17   72
  9.336415e-01   1.424267e-16   1.685792e-04   1.371352e-17   144
  9.346046e-01   1.853296e-16   9.723254e-05   2.631249e-17   72
  9.355666e-01   2.655395e-16   1.942081e-04   5.685753e-17   54
  9.364132e-01   1.477050e-16   1.711436e-04   1.965376e-17   108
  9.381728e-01   1.691518e-16   1.677650e-04   1.799421e-17   72
  9.387206e-01   1.855607e-16   9.680617e-05   2.740656e-17   72
  9.400202e-01   9.269924e-17   1.946680e-08   1.294449e-17   24
  9.412498e-01   1.293049e-16   2.047976e-04   1.951033e-17   48
  9.419964e-01   1.590644e-16   1.560029e-04   1.872995e-17   102
  9.431203e-01   1.418005e-16   3.528137e-04   1.032926e-17   168
  9.445889e-01   1.005092e-16   1.924163e-04   9.292654e-18   72
  9.451330e-01   1.203582e-16   0.000000e+00   1.805957e-17   48
  9.462744e-01   1.259614e-16   3.309678e-04   1.247942e-17   120
  9.477807e-01   1.296013e-16   2.033864e-04   1.136504e-17   96
  9.492033e-01   1.915766e-16   2.202416e-08   4.042296e-17   30
  9.508942e-01   1.691640e-16   9.555995e-05   2.700798e-17   72
  9.516372e-01   1.361764e-16   1.123916e-08   4.131552e-17   24
  9.525916e-01   1.333472e-16   1.416435e-04   1.826538e-17   56
  9.536606e-01   1.064113e-16   2.021324e-04   1.075154e-17   96
  9.549399e-01   1.185134e-16   2.232036e-04   8.607675e-18   144
  9.559263e-01   1.547708e-16   1.267263e-04   1.995314e-17   54
  9.573592e-01   1.159433e-16   1.898493e-04   9.161257e-18   108
  9.588012e-01   1.616915e-16   1.005243e-04   2.844093e-17   48
  9.601739e-01   1.202230e-16   3.785063e-04   1.751718e-17   72
  9.634680e-01   1.682273e-16   2.500803e-04   1.942936e-17   78
  9.643808e-01   9.752322e-17   1.884669e-04   9.041781e-18   72
  9.654462e-01   1.147471e-16   1.882329e-04   1.607317e-17   72
  9.665603e-01   1.230242e-16   4.542266e-04   1.114151e-17   96
  9.674408e-01   1.341822e-16   1.878449e-04   1.497325e-17   72
  9.685029e-01   1.246172e-16   0.000000e+00   2.578979e-17   24
  9.695638e-01   1.403808e-16   3.748416e-04   1.779027e-17   72
  9.719599e-01   1.467403e-16   2.380359e-04   1.766590e-17   30
  9.724755e-01   1.344956e-16   0.000000e+00   2.499183e-17   24
  9.752466e-01   9.584672e-17   1.976584e-04   1.152396e-17   48
  9.761159e-01   1.416238e-16   4.253608e-04   1.318983e-17   120
  9.772870e-01   1.111672e-16   1.859776e-04   1.375682e-17   72
  9.784697e-01   1.567983e-16   1.857528e-04   2.148047e-17   36
  9.792826e-01   1.430448e-16   3.671339e-04   1.722152e-17   78
  9.815513e-01   1.200560e-16   1.963888e-04   1.722537e-17   48
  9.844928e-01   8.765100e-17   1.589457e-08   1.709489e-17   24
  9.865884e-01   9.340065e-17   1.367612e-04   1.035443e-17   56
  9.876436e-01   1.226544e-16   2.104496e-04   1.224500e-17   102
  9.889860e-01   9.593970e-17   1.498555e-08   1.203243e-17   72
  9.897653e-01   1.317630e-16   0.000000e+00   2.057644e-17   24
  9.911277e-01   1.022043e-16   1.944913e-04   1.731300e-17   48
  9.936528e-01   1.410322e-16   0.000000e+00   2.568032e-17   24
  9.967520e-01   8.487062e-17   0.000000e+00   2.823057e-17   6
  9.977185e-01   1.424436e-16   0.000000e+00   3.071993e-17   24
  9.983623e-01   9.425662e-17   1.820511e-04   9.785898e-18   72
  9.995384e-01   1.357351e-16   3.396336e-04   1.437401e-17   84
  1.000805e+00   7.420809e-17   0.000000e+00   1.520620e-17   24
  1.001190e+00   6.244675e-17   1.589457e-08   1.113409e-17   24
  1.003114e+00   8.731479e-17   1.123916e-08   2.039068e-17   24
  1.005800e+00   5.161093e-17   0.000000e+00   8.438532e-18   6
  1.009244e+00   1.206554e-16   1.910001e-04   2.391558e-17   48
  1.010072e+00   1.167914e-16   3.598129e-04   1.540254e-17   72
  1.011152e+00   1.123876e-16   1.906396e-04   1.752774e-17   48
  1.012867e+00   7.282048e-17   0.000000e+00   1.003495e-17   24
  1.015148e+00   1.157104e-16   1.123916e-08   2.612133e-17   6
  1.020262e+00   2.013761e-16   0.000000e+00   5.280205e-17   8
  1.020640e+00   1.436627e-16   1.123916e-08   2.597714e-17   48
  1.021546e+00   1.276590e-16   1.848806e-04   1.984307e-17   60
  1.022904e+00   1.331852e-16   0.000000e+00   3.005367e-17   24
  1.024787e+00   1.747003e-17   0.000000e+00   8.315250e-18   6
  1.031723e+00   8.648795e-17   0.000000e+00   1.321177e-17   24
  1.032283e+00   9.359466e-17   1.867372e-04   1.382991e-17   48
  1.033217e+00   8.480138e-17   0.000000e+00   1.941148e-17   24
  1.034708e+00   1.292342e-16   1.123916e-08   3.236862e-17   6
  1.043181e+00   1.450113e-16   1.742080e-04   2.129690e-17   36
  1.043797e+00   9.554833e-17   0.000000e+00   1.169258e-17   24
  1.044904e+00   6.617200e-17   0.000000e+00   1.946611e-17   6
  1.054545e+00   8.064227e-17   1.583190e-04   1.280763e-17   32
  1.055367e+00   9.476536e-17   1.123916e-08   1.966855e-17   6
  1.065728e+00   9.186583e-17   0.000000e+00   2.323614e-17   12
  1.066089e+00   3.903838e-17   0.000000e+00   1.157154e-17   6
  1.077063e+00   5.215224e-17   1.589457e-08   1.918264e-17   6
