# power spectrum of phi
# redshift z=30.000000
# k              Pk             sigma(k)       sigma(Pk)      count
  1.963495e-02   1.469180e-10   0.000000e+00   5.357924e-11   6
  2.776802e-02   2.184809e-10   0.000000e+00   4.822121e-11   12
  3.400874e-02   1.125781e-10   3.725290e-10   3.187729e-11   8
  3.926991e-02   9.543864e-11   0.000000e+00   2.746909e-11   6
  4.390509e-02   7.011751e-11   0.000000e+00   9.225377e-12   24
  4.809562e-02   6.324228e-11   7.024475e-10   1.242984e-11   24
  5.553604e-02   1.576668e-11   0.000000e+00   3.931241e-12   12
  5.890486e-02   4.533497e-11   7.947286e-10   5.623301e-12   30
  6.209118e-02   2.764114e-11   0.000000e+00   4.924019e-12   24
  6.512178e-02   3.140680e-11   1.216675e-09   6.579511e-12   24
  6.801748e-02   6.059482e-11   7.450581e-10   2.251609e-11   8
  7.079483e-02   2.161509e-11   9.934107e-10   4.194887e-12   24
  7.346727e-02   2.272979e-11   0.000000e+00   2.683328e-12   48
  7.853982e-02   1.490130e-11   0.000000e+00   1.647567e-12   6
  8.095699e-02   2.497893e-11   1.404895e-09   2.761782e-12   48
  8.330406e-02   2.389319e-11   0.000000e+00   3.521953e-12   36
  8.558678e-02   1.176430e-11   9.934107e-10   2.708297e-12   24
  8.781018e-02   1.584273e-11   0.000000e+00   2.229829e-12   24
  8.997866e-02   1.346198e-11   0.000000e+00   1.675155e-12   48
  9.209610e-02   2.423323e-11   1.404895e-09   4.493306e-12   24
  9.619124e-02   1.344650e-11   1.404895e-09   2.724598e-12   24
  9.817477e-02   1.442849e-11   0.000000e+00   2.281771e-12   30
  1.001190e-01   1.410576e-11   0.000000e+00   1.399408e-12   72
  1.020262e-01   1.452469e-11   1.490116e-09   2.115426e-12   32
  1.057375e-01   9.705817e-12   0.000000e+00   1.644068e-12   72
  1.075451e-01   1.019461e-11   0.000000e+00   1.242934e-12   48
  1.110721e-01   4.384179e-12   0.000000e+00   9.153244e-13   12
  1.127942e-01   1.124023e-11   0.000000e+00   1.479147e-12   48
  1.144905e-01   1.054275e-11   0.000000e+00   1.539555e-12   48
  1.161620e-01   6.786858e-12   1.404895e-09   9.915894e-13   48
  1.178097e-01   7.389001e-12   1.589457e-09   9.801621e-13   30
  1.194348e-01   7.525092e-12   1.404895e-09   1.183542e-12   24
  1.210380e-01   7.682839e-12   2.961779e-09   7.803119e-13   72
  1.241824e-01   6.272330e-12   0.000000e+00   2.246424e-12   24
  1.257251e-01   9.665669e-12   0.000000e+00   9.091301e-13   96
  1.272490e-01   5.011309e-12   0.000000e+00   9.089978e-13   48
  1.287550e-01   6.613508e-12   2.433349e-09   1.127688e-12   24
  1.302436e-01   1.194607e-11   2.433349e-09   2.304249e-12   24
  1.317153e-01   7.398384e-12   0.000000e+00   9.923168e-13   72
  1.331707e-01   7.833289e-12   0.000000e+00   1.109934e-12   48
  1.360350e-01   1.057376e-11   1.490116e-09   2.960945e-12   8
  1.374447e-01   5.982300e-12   1.766064e-09   5.956460e-13   54
  1.388401e-01   5.993445e-12   0.000000e+00   6.953567e-13   84
  1.402216e-01   4.867149e-12   0.000000e+00   6.387997e-13   48
  1.415897e-01   5.275231e-12   1.986821e-09   1.502563e-12   24
  1.429446e-01   5.559090e-12   1.873193e-09   6.058883e-13   72
  1.442869e-01   5.272614e-12   0.000000e+00   4.361940e-13   96
  1.469345e-01   5.858242e-12   0.000000e+00   6.567586e-13   48
  1.482407e-01   5.217291e-12   0.000000e+00   5.588903e-13   48
  1.495354e-01   5.535719e-12   1.986821e-09   1.323497e-12   24
  1.508189e-01   3.960601e-12   0.000000e+00   4.979764e-13   72
  1.533539e-01   4.793752e-12   1.873193e-09   6.330427e-13   72
  1.546058e-01   3.189028e-12   0.000000e+00   2.979615e-13   96
  1.570796e-01   8.187978e-13   0.000000e+00   4.456639e-13   6
  1.583021e-01   3.108123e-12   0.000000e+00   3.529044e-13   96
  1.595151e-01   3.740927e-12   1.986821e-09   2.909588e-13   96
  1.607190e-01   2.764187e-12   0.000000e+00   2.119949e-13   24
  1.619140e-01   3.611074e-12   2.809790e-09   5.525869e-13   48
  1.631002e-01   2.719063e-12   0.000000e+00   2.622599e-13   96
  1.642778e-01   3.119505e-12   0.000000e+00   3.561607e-13   48
  1.666081e-01   2.750726e-12   0.000000e+00   5.268094e-13   36
  1.677611e-01   2.340387e-12   3.441276e-09   3.856885e-13   48
  1.689063e-01   2.962012e-12   3.893359e-09   2.252897e-13   120
  1.700437e-01   2.978966e-12   0.000000e+00   3.715547e-13   56
  1.711736e-01   2.187157e-12   1.986821e-09   4.894329e-13   24
  1.722960e-01   2.793028e-12   0.000000e+00   2.845252e-13   96
  1.734112e-01   3.121969e-12   0.000000e+00   4.319689e-13   48
  1.756204e-01   2.447496e-12   0.000000e+00   4.905509e-13   24
  1.767146e-01   3.354492e-12   0.000000e+00   2.673621e-13   102
  1.778021e-01   3.781688e-12   0.000000e+00   6.759823e-13   48
  1.788829e-01   4.328340e-12   0.000000e+00   3.979198e-13   72
  1.799573e-01   2.792788e-12   0.000000e+00   4.309947e-13   48
  1.810253e-01   3.157454e-12   0.000000e+00   4.687388e-13   48
  1.820871e-01   2.787481e-12   4.495664e-09   2.685471e-13   120
  1.841922e-01   1.943610e-12   2.809790e-09   3.742170e-13   24
  1.852358e-01   2.801180e-12   2.649095e-09   2.108370e-13   144
  1.862735e-01   3.111658e-12   3.178914e-09   2.960812e-13   120
  1.873055e-01   2.521978e-12   2.809790e-09   3.036441e-13   48
  1.893526e-01   2.656558e-12   2.809790e-09   3.967727e-13   48
  1.903679e-01   2.518342e-12   2.809790e-09   2.343779e-13   96
  1.930487e-01   2.210144e-12   4.711199e-04   2.514431e-13   72
  1.943761e-01   2.479936e-12   3.532127e-09   2.550078e-13   108
  1.953653e-01   2.005381e-12   0.000000e+00   1.860873e-13   72
  1.963495e-01   2.448732e-12   0.000000e+00   3.360553e-13   30
  1.973288e-01   2.176477e-12   0.000000e+00   1.773162e-13   168
  1.983033e-01   2.201997e-12   0.000000e+00   3.043520e-13   48
  2.002380e-01   2.127082e-12   0.000000e+00   2.312899e-13   72
  2.011984e-01   2.360772e-12   0.000000e+00   2.541751e-13   96
  2.021542e-01   2.131850e-12   5.298191e-09   2.570599e-13   72
  2.031055e-01   1.760237e-12   0.000000e+00   1.578710e-13   72
  2.047049e-01   1.673657e-12   4.350048e-04   1.645609e-13   104
  2.059331e-01   2.217628e-12   3.746387e-09   1.742320e-13   144
  2.087224e-01   2.269154e-12   6.282881e-09   2.437651e-13   96
  2.096439e-01   1.643875e-12   0.000000e+00   1.584718e-13   96
  2.111095e-01   1.638654e-12   4.475232e-04   1.467228e-13   120
  2.123845e-01   1.418069e-12   0.000000e+00   1.430687e-13   120
  2.132902e-01   2.001183e-12   0.000000e+00   2.412016e-13   72
  2.150901e-01   2.222300e-12   0.000000e+00   2.755248e-13   48
  2.159845e-01   1.526296e-12   4.235416e-09   1.753915e-13   78
  2.171286e-01   1.374800e-12   4.007142e-04   1.149810e-13   168
  2.195255e-01   1.526407e-12   3.746387e-09   1.327221e-13   144
  2.204018e-01   1.511212e-12   3.746387e-09   1.065346e-13   144
  2.229436e-01   1.793577e-12   2.307791e-04   1.366473e-13   156
  2.238729e-01   1.422087e-12   4.866699e-09   2.302087e-13   48
  2.247323e-01   1.421989e-12   3.178914e-09   1.675032e-13   120
  2.255884e-01   1.589410e-12   0.000000e+00   1.990443e-13   48
  2.271022e-01   1.197054e-12   3.532495e-04   7.519774e-14   216
  2.289809e-01   1.039548e-12   0.000000e+00   1.506578e-13   48
  2.298212e-01   1.142240e-12   2.809790e-09   1.562343e-13   96
  2.310160e-01   1.122486e-12   4.128272e-04   1.204879e-13   168
  2.323239e-01   1.195687e-12   2.809790e-09   1.638132e-13   48
  2.331522e-01   1.075952e-12   0.000000e+00   1.142688e-13   96
  2.339775e-01   9.648279e-13   0.000000e+00   1.732388e-13   48
  2.356194e-01   1.058869e-12   3.178914e-09   1.236827e-13   30
  2.364362e-01   1.522244e-12   2.809790e-09   2.011136e-13   96
  2.374123e-01   1.012106e-12   3.244455e-04   6.112445e-14   240
  2.386674e-01   1.719320e-12   3.500299e-04   3.394923e-13   32
  2.396752e-01   9.612828e-13   0.000000e+00   6.526071e-14   168
  2.404781e-01   1.313313e-12   0.000000e+00   1.042380e-13   120
  2.420760e-01   1.357528e-12   5.923557e-09   1.585405e-13   72
  2.428710e-01   1.337340e-12   3.746387e-09   1.288866e-13   144
  2.436634e-01   1.060646e-12   0.000000e+00   1.278433e-13   96
  2.444532e-01   8.254515e-13   0.000000e+00   7.195088e-14   96
  2.460253e-01   1.294105e-12   4.588368e-09   1.269819e-13   72
  2.468075e-01   1.157656e-12   3.973643e-09   1.287139e-13   96
  2.483647e-01   1.041371e-12   0.000000e+00   1.993474e-13   24
  2.491396e-01   1.008943e-12   0.000000e+00   7.069018e-14   192
  2.500522e-01   8.568247e-13   2.970416e-04   6.364087e-14   132
  2.514501e-01   1.048554e-12   0.000000e+00   1.310783e-13   96
  2.522156e-01   7.386620e-13   0.000000e+00   7.533784e-14   96
  2.529787e-01   8.589892e-13   3.178914e-09   7.718805e-14   120
  2.544981e-01   8.339131e-13   0.000000e+00   9.713958e-14   48
  2.557435e-01   9.637057e-13   3.599905e-04   6.897605e-14   222
  2.567603e-01   7.603179e-13   0.000000e+00   7.897341e-14   120
  2.575100e-01   9.547699e-13   4.866699e-09   1.455472e-13   24
  2.586015e-01   9.823399e-13   3.715625e-04   6.691664e-14   312
  2.609797e-01   8.734738e-13   3.483547e-04   9.246600e-14   72
  2.619630e-01   9.582340e-13   2.809790e-09   9.556591e-14   96
  2.629726e-01   1.020731e-12   3.547511e-04   6.637991e-14   192
  2.641613e-01   7.137953e-13   4.495664e-09   4.991596e-14   120
  2.648900e-01   7.913320e-13   0.000000e+00   6.732295e-14   144
  2.663415e-01   6.727008e-13   0.000000e+00   1.258903e-13   48
  2.673732e-01   7.797487e-13   3.567146e-04   4.001299e-14   336
  2.685040e-01   8.694216e-13   0.000000e+00   1.148396e-13   48
  2.699360e-01   8.356640e-13   0.000000e+00   4.828094e-14   192
  2.706492e-01   7.486095e-13   0.000000e+00   9.241632e-14   48
  2.726764e-01   5.811997e-13   2.476067e-04   6.954382e-14   56
  2.736844e-01   7.502095e-13   3.180112e-04   3.923309e-14   336
  2.748894e-01   8.568274e-13   3.532127e-09   1.124749e-13   54
  2.759390e-01   7.510611e-13   3.492904e-04   4.212398e-14   240
  2.781181e-01   6.597344e-13   3.344484e-04   4.227023e-14   228
  2.790651e-01   7.202419e-13   3.746387e-09   7.851891e-14   72
  2.799844e-01   8.300355e-13   3.244231e-04   8.441353e-14   144
  2.811298e-01   7.302425e-13   0.000000e+00   8.509986e-14   96
  2.818146e-01   6.917079e-13   4.495664e-09   5.134658e-14   240
  2.831793e-01   3.869815e-13   3.973643e-09   9.233253e-14   24
  2.840530e-01   6.777876e-13   3.064151e-04   3.582465e-14   336
  2.852142e-01   6.123935e-13   0.000000e+00   8.041253e-14   72
  2.862741e-01   6.342404e-13   3.332831e-04   5.192035e-14   168
  2.872346e-01   7.843760e-13   0.000000e+00   9.693455e-14   72
  2.885737e-01   6.508615e-13   0.000000e+00   6.308748e-14   96
  2.896108e-01   4.852942e-13   3.307829e-04   3.476301e-14   216
  2.905708e-01   7.056255e-13   3.973643e-09   6.652568e-14   96
  2.918946e-01   7.120123e-13   0.000000e+00   5.171089e-14   192
  2.925542e-01   6.909666e-13   3.746387e-09   5.480841e-14   144
  2.938691e-01   5.008673e-13   0.000000e+00   6.760997e-14   48
  2.947794e-01   5.801282e-13   3.189136e-04   3.053713e-14   246
  2.960164e-01   6.629343e-13   2.940434e-04   4.935413e-14   168
  2.971308e-01   5.331213e-13   5.506041e-09   4.556291e-14   120
  2.977788e-01   4.783483e-13   0.000000e+00   2.693415e-14   240
  2.990707e-01   5.064116e-13   3.973643e-09   7.001548e-14   24
  3.001001e-01   5.505182e-13   3.147475e-04   2.998138e-14   360
  3.013820e-01   6.476780e-13   3.134082e-04   4.837154e-14   120
  3.022763e-01   5.171429e-13   0.000000e+00   4.158963e-14   144
  3.029133e-01   5.165450e-13   0.000000e+00   4.565049e-14   96
  3.048165e-01   5.436439e-13   0.000000e+00   4.120044e-14   144
  3.054482e-01   4.759245e-13   0.000000e+00   3.329653e-14   132
  3.063360e-01   4.836872e-13   3.093292e-04   3.827006e-14   176
  3.076248e-01   5.369227e-13   3.123602e-04   3.500500e-14   312
  3.092116e-01   5.517168e-13   0.000000e+00   5.977235e-14   96
  3.098343e-01   4.632889e-13   0.000000e+00   3.485410e-14   144
  3.107899e-01   5.229701e-13   3.092271e-04   3.261929e-14   312
  3.123131e-01   3.343266e-13   0.000000e+00   3.864004e-14   48
  3.129297e-01   4.894977e-13   3.973643e-09   3.063177e-14   192
  3.141593e-01   8.734495e-13   0.000000e+00   2.830275e-13   6
  3.149762e-01   4.993679e-13   2.884066e-04   3.194396e-14   288
  3.162994e-01   5.388331e-13   3.047203e-04   3.507764e-14   192
  3.172124e-01   4.783144e-13   9.345130e-09   3.243604e-14   216
  3.178195e-01   4.084784e-13   0.000000e+00   4.118306e-14   72
  3.193321e-01   4.190523e-13   3.018264e-04   3.016954e-14   192
  3.203366e-01   4.068224e-13   2.241224e-04   2.526501e-14   288
  3.214381e-01   5.627476e-13   0.000000e+00   1.077884e-13   24
  3.222890e-01   4.264752e-13   2.952626e-04   1.962743e-14   456
  3.238280e-01   4.090420e-13   5.619580e-09   5.727229e-14   48
  3.247789e-01   4.704965e-13   2.908218e-04   3.293723e-14   240
  3.258718e-01   3.980636e-13   2.939082e-04   2.866543e-14   216
  3.267908e-01   3.264259e-13   0.000000e+00   4.067112e-14   72
  3.273801e-01   4.195995e-13   1.015467e-08   3.856323e-14   168
  3.290441e-01   4.018744e-13   2.184577e-04   2.366594e-14   288
  3.299773e-01   4.081411e-13   2.890570e-04   3.580655e-14   168
  3.314762e-01   3.864209e-13   0.000000e+00   2.799202e-14   192
  3.320572e-01   3.864838e-13   3.746387e-09   3.616730e-14   144
  3.332162e-01   4.454979e-13   0.000000e+00   7.373150e-14   36
  3.341991e-01   4.685941e-13   2.639705e-04   2.559376e-14   342
  3.351389e-01   4.131210e-13   2.710657e-04   3.360632e-14   144
  3.363470e-01   4.082688e-13   2.842800e-04   2.074114e-14   384
  3.378125e-01   3.545662e-13   7.786718e-09   3.618024e-14   120
  3.385379e-01   4.073087e-13   2.534951e-04   2.678669e-14   264
  3.395201e-01   3.438126e-13   1.256576e-08   2.924576e-14   192
  3.404451e-01   4.032727e-13   2.731894e-04   3.129791e-14   152
  3.412191e-01   3.973540e-13   7.492773e-09   3.518772e-14   144
  3.428472e-01   3.077800e-13   1.768108e-04   2.185663e-14   216
  3.436008e-01   3.872580e-13   2.362665e-04   2.239849e-14   312
  3.449274e-01   4.212784e-13   2.738281e-04   2.591781e-14   240
  3.457090e-01   3.235442e-13   3.973643e-09   2.897560e-14   96
  3.471927e-01   2.713828e-13   2.617995e-04   2.449086e-14   144
  3.481071e-01   3.352569e-13   2.573258e-04   1.596837e-14   456
  3.495904e-01   2.747044e-13   0.000000e+00   2.479909e-14   120
  3.501414e-01   3.543811e-13   0.000000e+00   3.312820e-14   144
  3.512407e-01   3.753457e-13   0.000000e+00   9.725343e-14   24
  3.519456e-01   2.834876e-13   2.473498e-04   1.882094e-14   336
  3.531645e-01   3.516041e-13   2.727931e-04   2.758629e-14   198
  3.543067e-01   3.226695e-13   2.652756e-04   1.732127e-14   432
  3.556041e-01   6.762516e-13   0.000000e+00   1.012134e-13   48
  3.562810e-01   2.741753e-13   2.341925e-04   1.494148e-14   384
  3.574963e-01   2.923612e-13   2.696052e-04   2.124458e-14   144
  3.585975e-01   3.561890e-13   2.676825e-04   2.450244e-14   264
  3.599147e-01   1.787562e-13   0.000000e+00   2.137556e-14   48
  3.607984e-01   2.751888e-13   2.545223e-04   1.950805e-14   276
  3.616510e-01   2.696688e-13   2.307176e-04   2.206604e-14   192
  3.627906e-01   3.048431e-13   2.592759e-04   1.441705e-14   552
  3.641741e-01   3.510755e-13   8.991328e-09   3.400366e-14   120
  3.649965e-01   2.071279e-13   2.624511e-04   1.219526e-14   216
  3.657587e-01   2.832526e-13   4.495664e-09   2.224307e-14   120
  3.671201e-01   2.588053e-13   2.584500e-04   1.300555e-14   408
  3.683844e-01   1.642042e-13   5.619580e-09   2.412375e-14   24
  3.691684e-01   2.612999e-13   2.610810e-04   1.499310e-14   384
  3.702633e-01   2.322286e-13   2.550855e-04   1.362714e-14   240
  3.712141e-01   2.337403e-13   2.569535e-04   1.765481e-14   168
  3.725471e-01   2.736327e-13   6.357829e-09   3.431291e-14   120
  3.734064e-01   2.882034e-13   2.678605e-04   1.565712e-14   350
  3.748037e-01   2.820545e-13   4.409502e-04   1.626771e-14   384
  3.756388e-01   3.284235e-13   0.000000e+00   3.971454e-14   144
  3.771752e-01   2.722271e-13   1.059638e-08   1.929861e-14   288
  3.779773e-01   2.608614e-13   2.524053e-04   1.664818e-14   336
  3.790686e-01   2.181051e-13   2.297941e-04   1.757635e-14   168
  3.797219e-01   2.611921e-13   4.541306e-09   1.733011e-14   336
  3.810732e-01   2.053457e-13   2.385126e-04   1.406784e-14   288
  3.818848e-01   3.066853e-13   2.247398e-04   1.972128e-14   264
  3.832590e-01   2.120902e-13   0.000000e+00   1.664878e-14   240
  3.837616e-01   2.223013e-13   7.947286e-09   2.193871e-14   96
  3.855656e-01   2.234553e-13   3.056310e-04   1.223911e-14   360
  3.864075e-01   2.717673e-13   2.253025e-04   2.977807e-14   168
  3.874713e-01   2.429715e-13   2.456032e-04   1.211206e-14   456
  3.887523e-01   3.357765e-13   7.064254e-09   4.381370e-14   108
  3.894728e-01   2.328747e-13   2.464311e-04   1.662381e-14   264
  3.903716e-01   2.371855e-13   2.198567e-04   1.502102e-14   264
  3.916025e-01   2.048478e-13   2.074668e-04   1.022714e-14   312
  3.931351e-01   2.193757e-13   1.541705e-04   1.339823e-14   270
  3.937775e-01   2.311803e-13   1.957388e-04   2.037227e-14   240
  3.949323e-01   2.279691e-13   2.421536e-04   1.363843e-14   384
  3.956334e-01   2.218723e-13   0.000000e+00   1.724231e-14   192
  3.969952e-01   2.160530e-13   1.942960e-04   1.728631e-14   240
  3.977852e-01   2.351165e-13   2.397927e-04   1.392096e-14   336
  3.992708e-01   2.097848e-13   2.413972e-04   1.023737e-14   480
  4.004761e-01   1.893799e-13   0.000000e+00   1.903271e-14   72
  4.011493e-01   2.178526e-13   2.353842e-04   1.773543e-14   240
  4.020650e-01   2.221403e-13   2.212289e-04   1.603542e-14   312
  4.031147e-01   1.903012e-13   2.390954e-04   1.113522e-14   240
  4.047009e-01   2.172449e-13   1.816506e-04   1.246566e-14   408
  4.053288e-01   1.833346e-13   1.663482e-04   1.101506e-14   336
  4.065560e-01   2.069734e-13   2.112212e-04   1.570083e-14   264
  4.071591e-01   1.540792e-13   0.000000e+00   1.163125e-14   144
  4.088370e-01   1.801787e-13   2.927651e-04   9.128371e-15   464
  4.097211e-01   1.907232e-13   2.328083e-04   1.460933e-14   168
  4.105939e-01   1.552825e-13   2.120376e-04   9.434977e-15   336
  4.121713e-01   1.850580e-13   2.227870e-04   9.075097e-15   414
  4.130606e-01   2.200059e-13   2.319080e-04   2.218128e-14   216
  4.141998e-01   1.914086e-13   5.619580e-09   2.176493e-14   96
  4.146649e-01   1.998961e-13   1.685874e-08   1.328763e-14   384
  4.162944e-01   1.842196e-13   2.314600e-04   1.003110e-14   492
  4.171676e-01   2.171431e-13   2.263480e-04   1.542219e-14   240
  4.181546e-01   1.670197e-13   2.298225e-04   8.881927e-15   312
  4.195176e-01   1.401705e-13   2.297469e-04   1.054382e-14   192
  4.203810e-01   1.484809e-13   2.226525e-04   7.277240e-15   504
  4.215265e-01   1.429774e-13   1.473998e-04   8.337942e-15   408
  4.224284e-01   1.652005e-13   4.515774e-04   1.357053e-14   168
  4.235571e-01   1.905326e-13   2.145032e-04   1.159014e-14   288
  4.245041e-01   1.800478e-13   2.238525e-04   1.180968e-14   288
  4.254743e-01   1.434697e-13   2.251410e-04   8.611321e-15   432
  4.268815e-01   1.645764e-13   2.129084e-04   1.362977e-14   216
  4.276334e-01   1.673219e-13   2.124592e-04   1.134553e-14   360
  4.289721e-01   1.690615e-13   2.073582e-04   9.997399e-15   312
  4.301803e-01   2.023720e-13   0.000000e+00   2.455227e-14   48
  4.308767e-01   1.390627e-13   2.223178e-04   7.191022e-15   432
  4.321240e-01   1.641620e-13   3.708284e-04   8.883816e-15   414
  4.328606e-01   1.491368e-13   1.956255e-08   1.005999e-14   312
  4.342347e-01   1.298738e-13   3.253813e-04   6.051836e-15   528
  4.351620e-01   1.824377e-13   1.707976e-04   1.231409e-14   264
  4.362761e-01   1.815400e-13   2.025191e-04   1.171680e-14   480
  4.377318e-01   1.488310e-13   0.000000e+00   1.043276e-14   288
  4.383604e-01   1.532776e-13   2.176005e-04   1.158137e-14   168
  4.395105e-01   1.474591e-13   3.444610e-04   7.587411e-15   504
  4.408036e-01   2.081374e-13   7.492773e-09   1.836487e-14   144
  4.416171e-01   1.405490e-13   2.212265e-04   7.600855e-15   464
  4.428396e-01   1.578204e-13   3.246624e-04   9.356483e-15   432
  4.434197e-01   1.781468e-13   5.619580e-09   1.760577e-14   192
  4.449189e-01   1.320913e-13   2.406833e-04   9.451755e-15   396
  4.458042e-01   1.176312e-13   2.162000e-04   7.110164e-15   288
  4.466990e-01   1.322774e-13   2.135686e-04   9.994610e-15   336
  4.481283e-01   1.357504e-13   1.352359e-04   7.240145e-15   432
  4.490354e-01   1.376393e-13   3.505126e-04   8.683179e-15   360
  4.500539e-01   1.434370e-13   2.073334e-04   9.470931e-15   384
  4.515004e-01   1.353064e-13   1.830116e-04   1.012476e-14   198
  4.521974e-01   1.305869e-13   2.080246e-04   6.565507e-15   552
  4.534970e-01   1.732757e-13   2.912202e-04   1.205943e-14   432
  4.545821e-01   1.370714e-13   0.000000e+00   1.190142e-14   168
  4.554927e-01   1.429637e-13   3.610065e-04   9.079638e-15   480
  4.566974e-01   1.412443e-13   0.000000e+00   1.740360e-14   120
  4.572396e-01   1.538870e-13   2.948545e-04   1.131525e-14   336
  4.585628e-01   1.198691e-13   2.080152e-04   7.031604e-15   672
  4.598711e-01   1.412931e-13   3.025866e-04   6.797760e-15   528
  4.604805e-01   9.131650e-14   9.082613e-09   6.626346e-15   168
  4.618883e-01   1.383477e-13   3.375333e-04   9.113285e-15   456
  4.627474e-01   1.379330e-13   2.061344e-04   1.187881e-14   168
  4.636392e-01   1.312881e-13   2.057643e-04   8.346055e-15   504
  4.651216e-01   8.711000e-14   2.647872e-04   7.405984e-15   336
  4.660180e-01   1.389826e-13   1.908802e-04   9.781552e-15   312
  4.670124e-01   1.215982e-13   1.865029e-04   6.487260e-15   504
  4.683210e-01   1.013394e-13   1.294009e-04   5.610399e-15   432
  4.689362e-01   1.208300e-13   1.999672e-04   8.480443e-15   312
  4.702151e-01   1.224811e-13   2.049761e-04   6.914390e-15   384
  4.715504e-01   1.171930e-13   1.741510e-04   1.452024e-14   126
  4.723748e-01   1.220741e-13   3.057676e-04   6.725750e-15   492
  4.734278e-01   1.309115e-13   1.958445e-04   8.207636e-15   528
  4.747438e-01   1.080775e-13   1.989360e-04   6.298258e-15   480
  4.755596e-01   1.418815e-13   2.748289e-04   7.795712e-15   432
  4.767402e-01   1.191888e-13   2.161166e-04   7.292235e-15   440
  4.781114e-01   1.247254e-13   1.074739e-04   9.040691e-15   312
  4.786259e-01   9.341531e-14   1.610586e-04   5.375709e-15   480
  4.796813e-01   1.196920e-13   3.153497e-04   7.703254e-15   408
  4.812233e-01   1.454932e-13   1.888588e-04   1.058102e-14   360
  4.818747e-01   1.069934e-13   1.822418e-04   7.706146e-15   408
  4.830820e-01   9.428335e-14   1.854542e-04   5.619621e-15   456
  4.844414e-01   1.209822e-13   1.772485e-04   9.542364e-15   264
  4.851959e-01   1.111137e-13   1.923591e-04   7.857686e-15   384
  4.862943e-01   9.860045e-14   3.238501e-04   5.326356e-15   672
  4.875640e-01   1.312100e-13   1.937042e-04   1.416679e-14   240
  4.882967e-01   9.285407e-14   1.965613e-04   6.259620e-15   264
  4.893308e-01   8.275293e-14   2.424259e-04   3.896232e-15   624
  4.908739e-01   8.872739e-14   0.000000e+00   8.123572e-15   150
  4.914232e-01   1.161829e-13   2.716574e-04   6.750580e-15   600
  4.925819e-01   1.115035e-13   1.874909e-04   6.241036e-15   672
  4.938939e-01   8.255062e-14   1.763484e-04   6.262404e-15   336
  4.946248e-01   1.378952e-13   1.918157e-04   8.715121e-15   408
  4.957926e-01   1.008117e-13   1.913639e-04   7.372911e-15   408
  4.970915e-01   1.044211e-13   9.676385e-05   7.057383e-15   360
  4.978921e-01   9.370048e-14   3.552857e-04   6.492073e-15   456
  4.988592e-01   9.767018e-14   1.932065e-04   6.680894e-15   384
  5.000902e-01   6.667028e-14   1.783541e-04   4.326782e-15   348
  5.007554e-01   1.073834e-13   2.198754e-04   6.396579e-15   576
  5.020050e-01   8.647997e-14   1.810385e-04   6.704260e-15   504
  5.032833e-01   8.590449e-14   2.553443e-04   4.739956e-15   432
  5.043991e-01   9.375696e-14   3.473946e-04   5.187849e-15   576
  5.051948e-01   8.288404e-14   0.000000e+00   7.144016e-15   264
  5.064571e-01   8.110528e-14   2.764393e-04   3.827735e-15   768
  5.075549e-01   5.154674e-14   3.721752e-04   3.613566e-15   240
  5.084277e-01   6.564110e-14   3.282233e-04   5.856200e-15   192
  5.096990e-01   7.533791e-14   2.416124e-04   3.725251e-15   504
  5.106418e-01   1.074975e-13   3.255818e-04   6.989478e-15   590
  5.115460e-01   1.084927e-13   3.647966e-04   7.699464e-15   384
  5.126798e-01   8.848140e-14   3.048625e-04   4.999180e-15   504
  5.140486e-01   1.022744e-13   2.933830e-04   6.837054e-15   648
  5.153764e-01   8.321547e-14   7.967896e-05   4.750013e-15   504
  5.159117e-01   9.269426e-14   1.817627e-04   6.791145e-15   312
  5.168569e-01   9.698220e-14   2.618753e-04   5.708647e-15   576
  5.181545e-01   9.510109e-14   1.822405e-04   9.721200e-15   240
  5.189109e-01   7.036190e-14   1.841453e-04   3.884531e-15   552
  5.199816e-01   8.947626e-14   1.729082e-04   6.258511e-15   600
  5.215067e-01   8.274675e-14   2.111937e-04   5.418454e-15   600
  5.224237e-01   6.176683e-14   3.382099e-04   3.960575e-15   312
  5.233368e-01   8.853217e-14   2.945474e-04   5.890532e-15   480
  5.244775e-01   6.278784e-14   1.837693e-04   3.864818e-15   576
  5.254818e-01   9.094689e-14   2.959085e-04   5.977363e-15   408
  5.263729e-01   4.151652e-14   3.451909e-04   2.878322e-15   216
  5.275243e-01   7.869179e-14   2.643774e-04   4.177940e-15   516
  5.287578e-01   7.916815e-14   2.522429e-04   4.029862e-15   744
  5.300304e-01   7.091065e-14   1.684760e-04   3.886643e-15   462
  5.307494e-01   7.582211e-14   1.712315e-04   6.311426e-15   432
  5.318647e-01   7.424503e-14   1.588547e-04   5.054178e-15   648
  5.331761e-01   7.235301e-14   2.324340e-04   5.301234e-15   528
  5.342295e-01   8.638616e-14   2.799086e-04   4.976553e-15   600
  5.352820e-01   8.830910e-14   3.528915e-04   9.347895e-15   240
  5.363014e-01   6.684750e-14   2.703115e-04   3.230051e-15   720
  5.374863e-01   8.285644e-14   2.138653e-04   5.014734e-15   720
  5.387997e-01   3.792395e-14   0.000000e+00   2.821332e-15   144
  5.394909e-01   7.771170e-14   2.757364e-04   4.215056e-15   720
  5.404742e-01   7.723633e-14   1.653370e-04   5.658773e-15   384
  5.417051e-01   6.815756e-14   1.832848e-04   3.485477e-15   672
  5.428730e-01   8.440919e-14   3.209115e-04   7.826938e-15   336
  5.434308e-01   6.897801e-14   0.000000e+00   5.972471e-15   288
  5.447967e-01   5.632198e-14   2.539800e-04   3.083462e-15   776
  5.460612e-01   5.945996e-14   2.173184e-04   2.879145e-15   720
  5.471231e-01   5.290810e-14   1.750659e-04   3.351804e-15   432
  5.479725e-01   6.332555e-14   2.495786e-04   4.142785e-15   504
  5.489174e-01   5.864674e-14   1.748652e-04   3.072810e-15   528
  5.502396e-01   7.243034e-14   2.382437e-04   5.697845e-15   438
  5.513273e-01   7.730682e-14   2.772938e-04   5.435730e-15   624
  5.521470e-01   8.575059e-14   3.396475e-04   8.549775e-15   312
  5.532738e-01   8.407778e-14   1.829935e-04   5.381084e-15   696
  5.544390e-01   7.585895e-14   1.655760e-04   5.356250e-15   552
  5.556509e-01   6.665624e-14   1.281006e-04   4.702254e-15   516
  5.564006e-01   7.789142e-14   2.558713e-04   5.240869e-15   528
  5.573133e-01   4.212689e-14   1.664001e-04   1.964709e-15   528
  5.586097e-01   6.431284e-14   2.194479e-04   4.032906e-15   864
  5.594897e-01   6.155782e-14   3.005985e-04   4.812187e-15   408
  5.603706e-01   7.214586e-14   2.978186e-04   5.512330e-15   192
  5.616191e-01   5.997070e-14   2.464592e-04   3.574591e-15   720
  5.626731e-01   5.166387e-14   2.272475e-04   2.348178e-15   696
  5.639255e-01   5.434088e-14   2.454294e-04   2.744755e-15   720
  5.650713e-01   6.731166e-14   3.326501e-04   4.764998e-15   432
  5.657395e-01   4.658491e-14   1.958109e-04   3.455273e-15   264
  5.669418e-01   5.769541e-14   2.704061e-04   3.422111e-15   672
  5.680171e-01   5.211635e-14   2.768544e-04   2.835208e-15   600
  5.692933e-01   4.284225e-14   1.620980e-04   4.396365e-15   270
  5.699366e-01   5.954163e-14   2.440026e-04   6.373332e-15   528
  5.709591e-01   6.887902e-14   1.670843e-04   4.400410e-15   840
  5.723613e-01   6.992933e-14   3.194952e-04   4.377951e-15   888
  5.736568e-01   5.885849e-14   2.380474e-04   3.838406e-15   744
  5.747517e-01   5.529751e-14   1.223216e-04   3.518922e-15   456
  5.752963e-01   9.998326e-14   1.671601e-04   8.874105e-15   360
  5.762282e-01   6.383498e-14   1.448348e-04   7.572357e-15   384
  5.776580e-01   5.649942e-14   2.323137e-04   3.079452e-15   816
  5.787308e-01   6.023043e-14   3.370546e-04   3.780144e-15   824
  5.800348e-01   5.113880e-14   1.566791e-04   4.209862e-15   360
  5.807331e-01   5.279927e-14   2.311994e-04   3.049946e-15   624
  5.816941e-01   5.488632e-14   1.562320e-04   4.712237e-15   360
  5.829744e-01   5.275803e-14   2.125215e-04   3.261617e-15   876
  5.841306e-01   4.698200e-14   2.524119e-04   2.482167e-15   696
  5.852967e-01   5.077014e-14   1.629911e-04   3.531471e-15   336
  5.859080e-01   6.036357e-14   1.628079e-04   4.308965e-15   504
  5.869176e-01   4.750473e-14   1.642187e-04   2.878278e-15   672
  5.884155e-01   4.560962e-14   3.269213e-04   2.184539e-15   720
  5.894543e-01   6.140765e-14   2.469541e-04   4.294580e-15   774
  5.906010e-01   7.773740e-14   1.413501e-04   8.193189e-15   384
  5.912015e-01   6.401508e-14   2.720183e-04   4.009982e-15   528
  5.921335e-01   6.341925e-14   2.592486e-04   3.830416e-15   744
  5.936327e-01   6.141439e-14   2.138251e-04   3.848685e-15   768
  5.946281e-01   5.784982e-14   2.400348e-04   4.272615e-15   552
  5.958700e-01   4.772798e-14   2.616108e-04   2.943216e-15   696
  5.967938e-01   7.003488e-14   3.179026e-04   5.272152e-15   408
  5.975272e-01   5.779965e-14   1.373364e-04   4.056560e-15   504
  5.986899e-01   4.743886e-14   2.467198e-04   2.503317e-15   888
  5.998339e-01   4.979562e-14   2.564132e-04   3.772544e-15   648
  6.010230e-01   5.236325e-14   2.542153e-04   3.714074e-15   648
  6.021418e-01   5.272852e-14   2.741064e-04   3.106392e-15   792
  6.033268e-01   3.982340e-14   4.010364e-04   2.624788e-15   600
  6.042000e-01   3.481526e-14   2.717856e-04   2.074989e-15   456
  6.051191e-01   5.103095e-14   1.324567e-04   3.813807e-15   648
  6.062996e-01   4.304219e-14   2.583099e-04   2.188090e-15   936
  6.075741e-01   6.197647e-14   1.586356e-04   4.624578e-15   384
  6.086836e-01   1.584887e-16   1.334798e-08   1.189244e-17   198
  6.095398e-01   1.593150e-16   4.024720e-04   4.673835e-18   1224
  6.104634e-01   1.522656e-16   2.931235e-04   7.237226e-18   420
  6.115558e-01   1.683894e-16   2.836822e-04   6.082717e-18   792
  6.126238e-01   1.759293e-16   2.345810e-04   7.389685e-18   680
  6.138428e-01   1.535264e-16   2.154033e-04   6.479652e-18   600
  6.148235e-01   1.669488e-16   3.123938e-04   6.296167e-18   840
  6.161330e-01   1.597532e-16   1.474979e-04   8.340604e-18   432
  6.166334e-01   1.497323e-16   1.382249e-04   5.631474e-18   720
  6.177213e-01   1.617299e-16   2.768404e-04   5.220701e-18   960
  6.190745e-01   1.632935e-16   2.467829e-04   7.226765e-18   528
  6.200634e-01   1.240258e-16   2.522592e-04   5.030938e-18   624
  6.212404e-01   1.510004e-16   1.982740e-04   5.117157e-18   816
  6.224086e-01   1.565475e-16   3.260658e-04   6.244965e-18   696
  6.236996e-01   1.462114e-16   2.202416e-08   9.965288e-18   240
  6.241851e-01   1.479894e-16   1.922888e-04   5.753340e-18   672
  6.252686e-01   1.470268e-16   3.436476e-04   5.629369e-18   864
  6.264840e-01   1.503204e-16   2.636938e-04   5.165460e-18   816
  6.275795e-01   1.464521e-16   1.509292e-04   6.141155e-18   648
  6.287594e-01   1.476366e-16   1.542771e-04   5.435481e-18   843
  6.297611e-01   1.320874e-16   2.775825e-04   5.130069e-18   780
  6.309548e-01   1.067106e-16   1.489456e-04   8.120586e-18   216
  6.316911e-01   1.367293e-16   3.591661e-04   4.466212e-18   1056
  6.328235e-01   1.427168e-16   2.938382e-04   1.012380e-17   228
  6.338720e-01   1.280126e-16   3.658358e-04   4.413041e-18   924
  6.349484e-01   1.201675e-16   1.357046e-04   4.420913e-18   696
  6.360882e-01   1.144568e-16   2.415153e-04   3.743108e-18   996
  6.372543e-01   1.264804e-16   1.425858e-04   5.022614e-18   576
  6.384675e-01   1.088103e-16   2.200718e-04   5.668874e-18   552
  6.393519e-01   1.254975e-16   2.627580e-04   5.712162e-18   516
  6.402494e-01   1.220346e-16   3.821047e-04   4.530135e-18   744
  6.412749e-01   1.240205e-16   1.874451e-04   5.802669e-18   576
  6.421669e-01   1.161015e-16   1.929285e-04   4.055285e-18   792
  6.434346e-01   1.097864e-16   2.205530e-04   3.690684e-18   792
  6.443636e-01   1.194001e-16   2.378641e-04   4.506064e-18   720
  6.456200e-01   1.169531e-16   2.711104e-04   4.317922e-18   656
  6.467974e-01   1.008842e-16   2.960385e-04   3.358392e-18   816
  6.480043e-01   9.624625e-17   1.596190e-04   3.890086e-18   492
  6.486903e-01   1.079077e-16   2.296231e-04   4.584914e-18   552
  6.499778e-01   9.368599e-17   3.992867e-04   3.426736e-18   780
  6.508139e-01   1.233029e-16   2.452771e-04   5.373201e-18   528
  6.517148e-01   1.079356e-16   2.863130e-04   4.688722e-18   600
  6.530425e-01   1.069152e-16   2.379487e-04   3.424862e-18   900
  6.539577e-01   1.074599e-16   1.317325e-04   4.101404e-18   696
  6.552168e-01   1.029715e-16   3.330907e-04   3.720116e-18   696
  6.564349e-01   1.206335e-16   1.351317e-04   5.220357e-18   552
  6.574592e-01   1.093907e-16   1.571457e-04   4.166945e-18   708
  6.585322e-01   1.015474e-16   2.594565e-04   3.550930e-18   876
  6.596487e-01   9.621417e-17   1.377663e-04   6.836875e-18   216
  6.603980e-01   1.033739e-16   3.768094e-04   3.630163e-18   1032
  6.615201e-01   9.752320e-17   4.195357e-04   4.153438e-18   600
  6.626848e-01   8.434454e-17   2.001869e-04   3.687980e-18   600
  6.635732e-01   1.043827e-16   3.535112e-04   4.371242e-18   528
  6.646233e-01   9.913510e-17   1.940622e-04   3.785106e-18   732
  6.657296e-01   7.205432e-17   1.432973e-04   3.608736e-18   336
  6.670031e-01   8.996141e-17   2.042271e-04   3.066815e-18   912
  6.679548e-01   1.003433e-16   2.049821e-04   4.593576e-18   624
  6.689946e-01   9.466169e-17   1.727341e-04   3.425246e-18   768
  6.702082e-01   9.858917e-17   3.116463e-04   3.364591e-18   792
  6.713995e-01   9.056755e-17   1.545014e-04   3.697427e-18   660
  6.722471e-01   8.625522e-17   2.276826e-04   4.043349e-18   504
  6.731238e-01   8.468955e-17   3.719898e-04   4.201314e-18   480
  6.744376e-01   7.948998e-17   3.440421e-04   2.544808e-18   912
  6.754664e-01   8.809890e-17   3.831443e-04   4.613472e-18   432
  6.764380e-01   8.500497e-17   2.275021e-04   3.886891e-18   564
  6.773006e-01   8.955252e-17   2.177508e-04   3.897197e-18   600
  6.785149e-01   9.030525e-17   3.035240e-04   3.058694e-18   876
  6.794272e-01   1.036727e-16   1.364735e-04   6.881432e-18   264
  6.806846e-01   9.608404e-17   2.648123e-04   4.203807e-18   560
  6.816953e-01   7.959434e-17   1.799457e-04   2.966306e-18   840
  6.829222e-01   7.677441e-17   2.774244e-04   2.526276e-18   1008
  6.840568e-01   8.800633e-17   1.241010e-04   4.793783e-18   456
  6.850930e-01   8.778842e-17   1.607553e-04   3.656132e-18   576
  6.860509e-01   8.164442e-17   2.470177e-04   3.346896e-18   612
  6.873140e-01   7.790203e-17   2.206269e-04   3.095017e-18   780
  6.883444e-01   7.581092e-17   2.528284e-04   2.783944e-18   648
  6.893992e-01   8.706134e-17   1.178213e-04   4.800444e-18   312
  6.900734e-01   6.894013e-17   2.993645e-04   3.013724e-18   528
  6.912414e-01   7.405668e-17   3.909551e-04   2.846374e-18   720
  6.923583e-01   7.328389e-17   3.921794e-04   3.284175e-18   576
  6.937124e-01   6.696317e-17   3.383053e-04   3.331119e-18   444
  6.945549e-01   7.510230e-17   3.317685e-04   2.613024e-18   996
  6.955874e-01   7.286778e-17   2.771265e-04   3.423153e-18   432
  6.965633e-01   8.787200e-17   3.033990e-04   4.817665e-18   504
  6.974062e-01   6.829439e-17   1.367883e-04   3.119717e-18   504
  6.986065e-01   7.200406e-17   2.692009e-04   2.797215e-18   876
  6.996926e-01   6.907897e-17   3.098246e-04   3.568712e-18   504
  7.008236e-01   6.236228e-17   1.975899e-04   2.321598e-18   696
  7.017583e-01   7.244807e-17   1.689187e-04   3.542160e-18   492
  7.030300e-01   6.601715e-17   2.418152e-04   3.422579e-18   432
  7.039719e-01   6.773512e-17   2.264335e-04   2.656090e-18   768
  7.050885e-01   6.849065e-17   2.820533e-04   3.096732e-18   648
  7.061547e-01   5.758611e-17   1.840095e-04   2.754970e-18   456
  7.073798e-01   6.216504e-17   2.530430e-04   2.793286e-18   552
  7.082306e-01   6.127254e-17   1.734358e-04   2.705348e-18   648
  7.094016e-01   6.727585e-17   2.826907e-04   2.829591e-18   840
  7.105454e-01   5.765959e-17   1.348092e-04   2.494198e-18   432
  7.116906e-01   5.846113e-17   1.651183e-04   2.452058e-18   600
  7.124870e-01   7.311350e-17   1.759227e-04   3.887316e-18   432
  7.138248e-01   6.933614e-17   1.751482e-04   3.131222e-18   560
  7.147308e-01   5.300831e-17   2.772412e-04   2.265718e-18   840
  7.158652e-01   6.884218e-17   1.642140e-04   3.922616e-18   504
  7.167662e-01   5.812447e-17   3.351509e-04   2.401126e-18   696
  7.180362e-01   6.573302e-17   1.830475e-04   4.365598e-18   384
  7.190254e-01   5.742229e-17   2.681431e-04   2.542127e-18   576
  7.202219e-01   5.368312e-17   1.654845e-04   3.116241e-18   360
  7.211864e-01   6.350505e-17   2.464465e-04   2.521272e-18   828
  7.222268e-01   5.356656e-17   2.195064e-04   3.248992e-18   372
  7.231800e-01   5.569324e-17   3.352284e-04   2.561855e-18   576
  7.244428e-01   6.243494e-17   1.403933e-04   2.782252e-18   636
  7.253425e-01   5.686370e-17   2.706420e-04   2.582998e-18   648
  7.265596e-01   5.246820e-17   2.200024e-04   2.335280e-18   576
  7.274333e-01   5.676941e-17   3.548870e-04   2.968395e-18   528
  7.285953e-01   4.933770e-17   1.517289e-04   2.785315e-18   360
  7.295571e-01   4.819624e-17   3.490332e-04   1.918065e-18   672
  7.308130e-01   6.237443e-17   1.787806e-04   2.538437e-18   804
  7.318582e-01   5.492926e-17   1.972163e-04   3.083579e-18   408
  7.330145e-01   4.639334e-17   1.219011e-04   2.533624e-18   384
  7.337931e-01   4.447644e-17   2.789567e-04   2.400604e-18   480
  7.348913e-01   4.570637e-17   1.802469e-04   2.454964e-18   432
  7.359446e-01   6.219767e-17   3.321566e-04   2.513585e-18   648
  7.371913e-01   5.902440e-17   2.061016e-04   3.074098e-18   624
  7.381033e-01   4.374634e-17   1.874668e-04   2.283443e-18   456
  7.393486e-01   4.508602e-17   2.560963e-04   2.129363e-18   588
  7.401831e-01   4.587415e-17   1.633884e-04   1.779606e-18   600
  7.414016e-01   4.905431e-17   2.548458e-04   2.278599e-18   708
  7.423640e-01   5.826694e-17   1.605479e-04   3.403508e-18   360
  7.434275e-01   5.497493e-17   1.845541e-04   2.487949e-18   552
  7.444470e-01   4.069939e-17   1.294691e-04   3.198515e-18   288
  7.454820e-01   4.366113e-17   2.434372e-04   2.562100e-18   528
  7.464545e-01   5.186703e-17   1.642340e-04   3.070391e-18   456
  7.475410e-01   4.205956e-17   2.912225e-04   2.031203e-18   608
  7.486338e-01   3.865377e-17   1.408967e-04   1.846112e-18   504
  7.498278e-01   3.903684e-17   3.024972e-04   2.002097e-18   540
  7.507642e-01   5.345781e-17   3.247222e-04   3.098062e-18   360
  7.517735e-01   5.677774e-17   1.470509e-04   2.900503e-18   540
  7.526661e-01   4.232462e-17   1.262606e-04   2.178559e-18   576
  7.539642e-01   3.892554e-17   2.927555e-04   1.765466e-18   588
  7.551985e-01   4.070879e-17   4.039143e-04   2.116627e-18   672
  7.562588e-01   4.764645e-17   3.087151e-04   2.243403e-18   552
  7.571135e-01   3.328113e-17   3.088712e-04   3.445595e-18   144
  7.582042e-01   4.269086e-17   2.624178e-04   2.017478e-18   600
  7.592383e-01   3.317319e-17   3.288668e-04   1.854727e-18   504
  7.603860e-01   4.039695e-17   3.378126e-04   3.497028e-18   336
  7.615932e-01   3.508697e-17   3.797028e-04   1.761580e-18   600
  7.626744e-01   3.157813e-17   2.450478e-04   1.682683e-18   636
  7.638413e-01   4.389373e-17   1.970206e-04   2.937248e-18   384
  7.646595e-01   4.423065e-17   2.748205e-04   2.446651e-18   504
  7.658387e-01   4.238290e-17   1.153383e-04   2.975481e-18   240
  7.667694e-01   4.570696e-17   2.709461e-04   2.237605e-18   744
  7.678860e-01   3.457013e-17   1.850150e-04   1.894034e-18   648
  7.688783e-01   5.758685e-17   1.228185e-04   5.911890e-18   120
  7.700414e-01   3.324487e-17   1.929319e-04   1.612821e-18   564
  7.709202e-01   4.081939e-17   3.030111e-04   2.610118e-18   432
  7.720932e-01   3.190911e-17   2.351965e-04   1.569699e-18   480
  7.729764e-01   2.751539e-17   1.731106e-04   1.681857e-18   456
  7.740189e-01   3.590086e-17   2.864725e-04   1.832115e-18   444
  7.752020e-01   2.931884e-17   4.383180e-04   1.359452e-18   528
  7.762412e-01   3.522719e-17   3.255297e-04   2.702343e-18   264
  7.772498e-01   3.215034e-17   3.336195e-04   2.012553e-18   444
  7.786065e-01   3.649890e-17   3.654311e-04   1.695572e-18   696
  7.797327e-01   3.805623e-17   1.954448e-04   2.487118e-18   384
  7.805563e-01   3.224859e-17   2.469609e-04   2.102074e-18   432
  7.818373e-01   3.806602e-17   1.706384e-04   2.474527e-18   488
  7.826690e-01   3.539063e-17   2.571733e-04   1.752686e-18   480
  7.838749e-01   3.752724e-17   2.868014e-04   2.132519e-18   480
  7.848089e-01   2.700624e-17   1.203331e-04   1.860356e-18   240
  7.858692e-01   3.468499e-17   2.810886e-04   2.118782e-18   600
  7.868694e-01   2.316458e-17   2.449399e-04   2.175401e-18   288
  7.879343e-01   2.789610e-17   2.356143e-04   1.537245e-18   480
  7.890129e-01   2.462434e-17   4.191157e-04   1.567332e-18   504
  7.900748e-01   2.734711e-17   1.798267e-04   2.112721e-18   216
  7.914291e-01   3.174182e-17   2.944050e-04   1.790017e-18   504
  7.924838e-01   2.892131e-17   2.367912e-04   1.950443e-18   456
  7.936384e-01   3.208163e-17   1.358038e-04   1.886043e-18   384
  7.944031e-01   3.071851e-17   2.756326e-04   1.562686e-18   480
  7.954897e-01   2.261906e-17   2.420363e-04   1.340477e-18   504
  7.964966e-01   3.308385e-17   1.535327e-04   2.023827e-18   312
  7.975815e-01   2.504745e-17   2.474127e-04   1.619289e-18   492
  7.985417e-01   3.093372e-17   2.318919e-04   2.426791e-18   312
  7.997779e-01   2.399487e-17   3.766899e-04   1.251691e-18   576
  8.008661e-01   2.941983e-17   3.477153e-04   2.052510e-18   336
  8.017699e-01   1.984681e-17   2.677247e-04   1.529462e-18   240
  8.030228e-01   2.737658e-17   3.549351e-04   1.526808e-18   468
  8.041047e-01   2.546561e-17   2.222407e-04   2.164190e-18   192
  8.052370e-01   2.383296e-17   2.229031e-04   1.684193e-18   324
  8.060669e-01   2.668966e-17   1.617794e-04   1.590040e-18   600
  8.071978e-01   3.076460e-17   2.624704e-04   1.956589e-18   456
  8.080377e-01   2.908625e-17   1.180592e-04   2.310085e-18   336
  8.094297e-01   2.801452e-17   3.535027e-04   1.444576e-18   612
  8.104424e-01   1.697697e-17   2.966749e-04   1.930484e-18   144
  8.114002e-01   2.486757e-17   3.462957e-04   1.229085e-18   552
  8.127025e-01   1.787617e-17   1.363755e-04   1.552174e-18   264
  8.134384e-01   2.426282e-17   3.157441e-04   1.526979e-18   336
  8.145992e-01   1.975863e-17   2.086329e-04   1.469826e-18   384
  8.156059e-01   2.603350e-17   1.174397e-04   2.331832e-18   216
  8.167203e-01   1.912976e-17   2.489964e-04   1.341982e-18   344
  8.177364e-01   1.968642e-17   3.715143e-04   1.393142e-18   408
  8.189746e-01   1.879683e-17   2.854845e-04   1.765583e-18   264
  8.200718e-01   2.522251e-17   3.979796e-04   1.494295e-18   612
  8.211681e-01   2.694254e-17   2.048307e-04   1.846548e-18   408
  8.222956e-01   2.247624e-17   2.051251e-04   2.068652e-18   444
  8.231239e-01   3.586785e-17   1.147249e-04   3.028693e-18   120
  8.242338e-01   2.319254e-17   3.169640e-04   1.698024e-18   336
  8.250576e-01   2.099649e-17   1.101437e-04   1.887754e-18   288
  8.261708e-01   2.141162e-17   3.427692e-04   1.162949e-18   552
  8.277012e-01   2.934860e-17   1.835347e-08   4.529526e-18   72
  8.284882e-01   1.645661e-17   3.404572e-04   1.255126e-18   504
  8.294074e-01   1.045015e-17   1.095558e-04   1.077676e-18   216
  8.305983e-01   1.427305e-17   1.956043e-04   1.022687e-18   312
  8.316675e-01   1.780743e-17   2.227263e-04   1.468141e-18   336
  8.326865e-01   1.267172e-17   3.087236e-04   8.752017e-19   204
  8.337014e-01   2.732886e-17   3.587838e-04   1.635643e-18   504
  8.347777e-01   2.467887e-17   3.416652e-04   2.067032e-18   396
  8.358127e-01   2.454010e-17   3.133249e-04   2.733265e-18   312
  8.370674e-01   2.730154e-17   1.914750e-04   2.508263e-18   216
  8.379516e-01   1.830919e-17   1.039172e-04   1.722668e-18   168
  8.390260e-01   1.617267e-17   2.623966e-04   8.108738e-19   588
  8.402521e-01   1.531588e-17   3.561727e-04   1.832625e-18   240
  8.412047e-01   1.417754e-17   3.145601e-04   1.422066e-18   264
  8.423219e-01   1.575618e-17   3.890183e-04   1.542503e-18   288
  8.433131e-01   1.438626e-17   1.942596e-04   1.135410e-18   288
  8.445693e-01   1.212983e-17   1.824406e-04   1.109889e-18   288
  8.454153e-01   1.118921e-17   2.113423e-04   1.241932e-18   192
  8.464795e-01   1.151416e-17   2.248894e-04   1.125446e-18   264
  8.474933e-01   3.171813e-17   3.699119e-04   2.171964e-18   372
  8.485844e-01   2.087603e-17   3.995208e-04   1.575151e-18   360
  8.499161e-01   2.342030e-17   1.690810e-04   3.134115e-18   144
  8.506044e-01   1.393945e-17   2.348461e-04   1.602386e-18   296
  8.516909e-01   1.520169e-17   2.530345e-04   1.127502e-18   288
  8.529347e-01   1.267420e-17   3.781537e-04   8.325213e-19   480
  8.540076e-01   1.375488e-17   3.142096e-04   2.215677e-18   192
  8.550509e-01   1.735713e-17   3.370327e-04   1.508380e-18   192
  8.559992e-01   1.663910e-17   2.147949e-04   2.286626e-18   288
  8.573180e-01   5.508816e-18   1.869760e-04   4.980499e-19   108
  8.579823e-01   1.970072e-17   1.797545e-04   1.979341e-18   240
  8.591554e-01   1.028707e-17   3.353363e-04   9.425494e-19   384
  8.603605e-01   1.381129e-17   4.090723e-04   1.643259e-18   108
  8.614261e-01   2.092517e-17   2.398466e-04   1.486710e-18   348
  8.625466e-01   1.486018e-17   2.503134e-04   1.504921e-18   312
  8.635474e-01   1.564837e-17   2.432319e-04   2.846357e-18   96
  8.644677e-01   1.015536e-17   3.238194e-04   6.956010e-19   384
  8.654984e-01   1.337012e-17   2.227222e-04   1.850791e-18   144
  8.665066e-01   1.269087e-17   3.422225e-04   9.584031e-19   408
  8.677598e-01   6.196482e-18   1.526554e-04   7.784233e-19   144
  8.689437e-01   1.389572e-17   2.934816e-04   1.843205e-18   192
  8.696459e-01   1.336118e-17   3.303190e-04   1.289174e-18   144
  8.707904e-01   8.702758e-18   2.685615e-04   8.492967e-19   144
  8.718702e-01   1.258641e-17   3.282257e-04   1.010113e-18   336
  8.731927e-01   6.205932e-18   2.428454e-04   6.529239e-19   240
  8.740312e-01   1.260894e-17   1.102739e-04   1.745451e-18   96
  8.752007e-01   1.738552e-17   3.233803e-04   1.704007e-18   372
  8.763838e-01   1.815219e-17   3.846540e-04   3.193072e-18   132
  8.774230e-01   7.172539e-18   2.380193e-04   5.852399e-19   264
  8.783527e-01   1.217386e-17   1.827880e-04   1.223711e-18   168
  8.793449e-01   1.360914e-17   2.922429e-04   1.273450e-18   216
  8.802213e-01   9.148129e-18   1.787978e-04   1.166454e-18   216
  8.814979e-01   3.692735e-18   3.280196e-04   3.491191e-19   96
  8.826561e-01   1.725142e-17   2.140028e-04   3.343097e-18   120
  8.837183e-01   9.222187e-18   2.720578e-04   8.779885e-19   216
  8.845934e-01   8.207491e-18   1.188902e-04   9.583838e-19   200
  8.857519e-01   7.685817e-18   3.077557e-04   6.482394e-19   288
  8.872378e-01   4.278362e-18   8.097649e-05   5.215257e-19   144
  8.878635e-01   7.955470e-18   2.519939e-04   1.029140e-18   168
  8.891412e-01   1.528628e-17   2.835956e-04   3.311550e-18   159
  8.901386e-01   7.204407e-18   2.975600e-04   8.873048e-19   174
  8.911039e-01   7.580556e-18   2.698170e-04   7.863229e-19   144
  8.923678e-01   8.259144e-18   1.557998e-04   9.008707e-19   222
  8.932131e-01   5.891467e-18   1.572158e-04   7.297568e-19   168
  8.946732e-01   2.523248e-17   3.448346e-04   1.030667e-17   30
  8.952763e-01   3.151508e-18   3.044637e-04   3.803098e-19   72
  8.964123e-01   6.698008e-18   2.717302e-04   6.832166e-19   258
  8.976612e-01   4.830797e-18   1.701916e-04   4.006295e-19   264
  8.982857e-01   3.467893e-18   0.000000e+00   5.177754e-19   72
  8.995871e-01   3.786597e-18   3.373270e-04   3.956826e-19   174
  9.007654e-01   5.489148e-18   3.591909e-04   8.166962e-19   168
  9.017127e-01   1.794443e-18   1.123916e-08   2.298437e-19   48
  9.027297e-01   4.346920e-18   2.028435e-04   8.599494e-19   150
  9.039088e-01   7.019980e-18   3.731453e-04   5.781582e-19   168
  9.050911e-01   4.822381e-18   2.273028e-04   5.054412e-19   144
  9.061784e-01   7.193599e-18   2.123525e-04   1.080764e-18   102
  9.069882e-01   2.484165e-18   3.143182e-04   2.945369e-19   96
  9.082731e-01   2.990862e-18   3.119397e-04   3.071409e-19   120
  9.092246e-01   1.711066e-18   3.345635e-04   1.336398e-19   168
  9.102538e-01   8.511994e-18   2.470487e-04   1.011522e-18   126
  9.111308e-01   4.412918e-18   1.863241e-04   5.457230e-19   168
  9.123389e-01   2.230510e-18   2.987709e-04   2.594473e-19   72
  9.133947e-01   2.406353e-18   3.741278e-04   1.878980e-19   168
  9.143196e-01   4.006486e-18   1.025668e-04   1.060856e-18   78
  9.155870e-01   1.604288e-18   1.684070e-04   1.584814e-19   60
  9.166075e-01   7.954915e-18   2.731835e-04   1.064009e-18   96
  9.176659e-01   3.294385e-18   3.314854e-04   2.625012e-19   168
  9.186605e-01   2.886061e-18   2.097511e-04   4.709312e-19   86
  9.197042e-01   1.654782e-18   1.874678e-04   1.507454e-19   120
  9.212002e-01   1.568448e-18   1.336894e-04   1.447087e-19   168
  9.220069e-01   1.192298e-18   0.000000e+00   1.596630e-19   48
  9.230934e-01   4.622008e-18   2.435676e-04   5.773385e-19   120
  9.237177e-01   2.396238e-18   1.776924e-04   3.973704e-19   126
  9.252418e-01   3.090745e-18   3.125113e-04   3.486184e-19   96
  9.262310e-01   2.028971e-18   9.011285e-05   1.690396e-19   96
  9.270111e-01   2.023604e-18   0.000000e+00   2.749762e-19   72
  9.286731e-01   2.737109e-18   1.123916e-08   5.068986e-19   24
  9.297104e-01   3.139489e-18   1.854501e-04   3.909805e-19   120
  9.305196e-01   2.520944e-18   2.705147e-04   2.951907e-19   126
  9.314194e-01   1.181555e-18   2.255107e-04   1.157531e-19   96
  9.324708e-01   1.242760e-18   3.897482e-04   1.396871e-19   72
  9.336415e-01   1.679183e-18   1.685792e-04   1.556090e-19   144
  9.346046e-01   1.514039e-18   9.723254e-05   1.917165e-19   72
  9.355666e-01   2.884042e-18   1.942081e-04   5.808644e-19   54
  9.364132e-01   2.529545e-18   1.711436e-04   2.740525e-19   108
  9.381728e-01   1.809004e-18   1.677650e-04   2.481118e-19   72
  9.387206e-01   1.882167e-18   9.680617e-05   1.809398e-19   72
  9.400202e-01   2.096295e-18   1.946680e-08   3.541835e-19   24
  9.412498e-01   7.693310e-19   2.047976e-04   9.551481e-20   48
  9.419964e-01   1.586114e-18   1.560029e-04   2.449360e-19   102
  9.431203e-01   1.964104e-18   3.528137e-04   2.176467e-19   168
  9.445889e-01   9.723143e-19   1.924163e-04   1.135552e-19   72
  9.451330e-01   8.198516e-19   0.000000e+00   1.458654e-19   48
  9.462744e-01   1.645365e-18   3.309678e-04   1.536428e-19   120
  9.477807e-01   1.370856e-18   2.033864e-04   1.307500e-19   96
  9.492033e-01   2.410935e-18   2.202416e-08   5.280483e-19   30
  9.508942e-01   2.831792e-18   9.555995e-05   3.930997e-19   72
  9.516372e-01   2.316106e-18   1.123916e-08   3.732170e-19   24
  9.525916e-01   5.855256e-19   1.416435e-04   5.977607e-20   56
  9.536606e-01   6.049128e-19   2.021324e-04   7.163567e-20   96
  9.549399e-01   1.275909e-18   2.232036e-04   1.220449e-19   144
  9.559263e-01   1.242468e-18   1.267263e-04   3.042994e-19   54
  9.573592e-01   9.514096e-19   1.898493e-04   1.000467e-19   108
  9.588012e-01   1.562316e-18   1.005243e-04   2.057707e-19   48
  9.601739e-01   7.930097e-19   3.785063e-04   9.013411e-20   72
  9.634680e-01   1.782215e-18   2.500803e-04   2.733667e-19   78
  9.643808e-01   4.305059e-19   1.884669e-04   6.226688e-20   72
  9.654462e-01   5.635356e-19   1.882329e-04   6.734606e-20   72
  9.665603e-01   5.921630e-19   4.542266e-04   7.223653e-20   96
  9.674408e-01   8.272895e-19   1.878449e-04   1.029190e-19   72
  9.685029e-01   1.100805e-18   0.000000e+00   1.391845e-19   24
  9.695638e-01   6.240711e-19   3.748416e-04   6.583409e-20   72
  9.719599e-01   1.509916e-18   2.380359e-04   3.074569e-19   30
  9.724755e-01   1.478257e-18   0.000000e+00   2.164181e-19   24
  9.752466e-01   2.735335e-19   1.976584e-04   3.664451e-20   48
  9.761159e-01   6.793083e-19   4.253608e-04   7.718838e-20   120
  9.772870e-01   4.360960e-19   1.859776e-04   5.628635e-20   72
  9.784697e-01   2.972578e-19   1.857528e-04   4.157686e-20   36
  9.792826e-01   7.517546e-19   3.671339e-04   7.813417e-20   78
  9.815513e-01   7.084977e-19   1.963888e-04   8.852469e-20   48
  9.844928e-01   1.022583e-18   1.589457e-08   1.551585e-19   24
  9.865884e-01   5.070665e-19   1.367612e-04   5.078578e-20   56
  9.876436e-01   4.194076e-19   2.104496e-04   5.436103e-20   102
  9.889860e-01   4.352882e-19   1.498555e-08   4.300927e-20   72
  9.897653e-01   4.299081e-19   0.000000e+00   7.373779e-20   24
  9.911277e-01   5.779427e-19   1.944913e-04   6.435971e-20   48
  9.936528e-01   7.236071e-19   0.000000e+00   1.262240e-19   24
  9.967520e-01   9.805651e-19   0.000000e+00   3.224084e-19   6
  9.977185e-01   2.243181e-19   0.000000e+00   4.464270e-20   24
  9.983623e-01   2.001918e-19   1.820511e-04   2.557694e-20   72
  9.995384e-01   2.377525e-19   3.396336e-04   2.319872e-20   84
  1.000805e+00   2.659458e-19   0.000000e+00   5.761339e-20   24
  1.001190e+00   3.386163e-19   1.589457e-08   7.322951e-20   24
  1.003114e+00   4.279139e-19   1.123916e-08   6.703178e-20   24
  1.005800e+00   2.787566e-19   0.000000e+00   3.086646e-20   6
  1.009244e+00   2.340574e-19   1.910001e-04   2.249969e-20   48
  1.010072e+00   2.088854e-19   3.598129e-04   2.531024e-20   72
  1.011152e+00   1.784998e-19   1.906396e-04   2.316928e-20   48
  1.012867e+00   5.003365e-19   0.000000e+00   5.876963e-20   24
  1.015148e+00   2.257593e-19   1.123916e-08   2.505602e-20   6
  1.020262e+00   1.513365e-19   0.000000e+00   1.252924e-20   8
  1.020640e+00   1.619421e-19   1.123916e-08   1.702870e-20   48
  1.021546e+00   1.735757e-19   1.848806e-04   2.529324e-20   60
  1.022904e+00   2.696228e-19   0.000000e+00   6.450550e-20   24
  1.024787e+00   3.797198e-19   0.000000e+00   1.026549e-19   6
  1.031723e+00   1.506671e-19   0.000000e+00   2.550971e-20   24
  1.032283e+00   1.529584e-19   1.867372e-04   1.768159e-20   48
  1.033217e+00   1.190347e-19   0.000000e+00   2.068684e-20   24
  1.034708e+00   3.263977e-19   1.123916e-08   7.570426e-20   6
  1.043181e+00   1.153376e-19   1.742080e-04   1.349251e-20   36
  1.043797e+00   1.610868e-19   0.000000e+00   2.492751e-20   24
  1.044904e+00   9.168424e-20   0.000000e+00   2.387954e-20   6
  1.054545e+00   1.198038e-19   1.583190e-04   1.320866e-20   32
  1.055367e+00   2.860794e-19   1.123916e-08   8.618790e-20   6
  1.065728e+00   1.369898e-19   0.000000e+00   3.620759e-20   12
  1.066089e+00   8.533893e-20   0.000000e+00   2.385546e-20   6
  1.077063e+00   1.297804e-19   1.589457e-08   3.008640e-20   6
