# power spectrum of phi
# redshift z=0.000000
# k              Pk             sigma(k)       sigma(Pk)      count
  1.963495e-02   8.786441e-11   0.000000e+00   3.184721e-11   6
  2.776802e-02   1.309124e-10   0.000000e+00   2.779620e-11   12
  3.400874e-02   6.443969e-11   3.725290e-10   1.763254e-11   8
  3.926991e-02   5.389400e-11   0.000000e+00   1.257795e-11   6
  4.390509e-02   4.565132e-11   0.000000e+00   5.532844e-12   24
  4.809562e-02   3.539557e-11   7.024475e-10   6.660821e-12   24
  5.553604e-02   1.054303e-11   0.000000e+00   2.301818e-12   12
  5.890486e-02   2.631258e-11   7.947286e-10   2.669590e-12   30
  6.209118e-02   1.510540e-11   0.000000e+00   2.774727e-12   24
  6.512178e-02   1.923707e-11   1.216675e-09   3.512887e-12   24
  6.801748e-02   3.696107e-11   7.450581e-10   1.189533e-11   8
  7.079483e-02   1.578121e-11   9.934107e-10   2.803328e-12   24
  7.346727e-02   1.166659e-11   0.000000e+00   1.225252e-12   48
  7.853982e-02   9.720386e-12   0.000000e+00   6.981542e-13   6
  8.095699e-02   1.473257e-11   1.404895e-09   1.557664e-12   48
  8.330406e-02   1.196784e-11   0.000000e+00   1.621017e-12   36
  8.558678e-02   6.093345e-12   9.934107e-10   1.588208e-12   24
  8.781018e-02   6.418754e-12   0.000000e+00   1.221385e-12   24
  8.997866e-02   8.276492e-12   0.000000e+00   1.211157e-12   48
  9.209610e-02   1.158469e-11   1.404895e-09   2.015730e-12   24
  9.619124e-02   6.417334e-12   1.404895e-09   1.230320e-12   24
  9.817477e-02   7.419616e-12   0.000000e+00   1.260905e-12   30
  1.001190e-01   7.519034e-12   0.000000e+00   7.484768e-13   72
  1.020262e-01   8.186257e-12   1.490116e-09   1.346495e-12   32
  1.057375e-01   6.359179e-12   0.000000e+00   8.576366e-13   72
  1.075451e-01   5.250496e-12   0.000000e+00   6.640097e-13   48
  1.110721e-01   3.727904e-12   0.000000e+00   6.096542e-13   12
  1.127942e-01   6.220621e-12   0.000000e+00   7.617301e-13   48
  1.144905e-01   5.761603e-12   0.000000e+00   7.454599e-13   48
  1.161620e-01   3.851526e-12   1.404895e-09   5.261003e-13   48
  1.178097e-01   3.867536e-12   1.589457e-09   7.332495e-13   30
  1.194348e-01   3.827531e-12   1.404895e-09   5.934117e-13   24
  1.210380e-01   4.849415e-12   2.961779e-09   4.053836e-13   72
  1.241824e-01   4.243264e-12   0.000000e+00   1.566729e-12   24
  1.257251e-01   4.901184e-12   0.000000e+00   4.369278e-13   96
  1.272490e-01   3.204773e-12   0.000000e+00   4.105625e-13   48
  1.287550e-01   3.468082e-12   2.433349e-09   5.642165e-13   24
  1.302436e-01   6.352774e-12   2.433349e-09   9.783178e-13   24
  1.317153e-01   3.771398e-12   0.000000e+00   4.366647e-13   72
  1.331707e-01   3.903782e-12   0.000000e+00   4.747659e-13   48
  1.360350e-01   4.204089e-12   1.490116e-09   1.799754e-12   8
  1.374447e-01   3.819047e-12   1.766064e-09   3.797798e-13   54
  1.388401e-01   4.634375e-12   0.000000e+00   5.554323e-13   84
  1.402216e-01   2.900482e-12   0.000000e+00   4.006956e-13   48
  1.415897e-01   2.867775e-12   1.986821e-09   7.478791e-13   24
  1.429446e-01   2.750272e-12   1.873193e-09   3.342386e-13   72
  1.442869e-01   2.687004e-12   0.000000e+00   2.449884e-13   96
  1.469345e-01   2.230711e-12   0.000000e+00   2.575287e-13   48
  1.482407e-01   2.094219e-12   0.000000e+00   2.806450e-13   48
  1.495354e-01   1.716293e-12   1.986821e-09   3.382813e-13   24
  1.508189e-01   2.030946e-12   0.000000e+00   2.179158e-13   72
  1.533539e-01   2.413776e-12   1.873193e-09   2.614513e-13   72
  1.546058e-01   2.310012e-12   0.000000e+00   2.027599e-13   96
  1.570796e-01   1.012580e-12   0.000000e+00   3.550939e-13   6
  1.583021e-01   2.354663e-12   0.000000e+00   2.399765e-13   96
  1.595151e-01   2.134166e-12   1.986821e-09   2.043529e-13   96
  1.607190e-01   3.102949e-12   0.000000e+00   5.638169e-13   24
  1.619140e-01   1.952824e-12   2.809790e-09   2.561756e-13   48
  1.631002e-01   1.672357e-12   0.000000e+00   1.770562e-13   96
  1.642778e-01   1.345610e-12   0.000000e+00   1.947534e-13   48
  1.666081e-01   2.402869e-12   0.000000e+00   3.846293e-13   36
  1.677611e-01   1.475805e-12   3.441276e-09   2.877570e-13   48
  1.689063e-01   1.664067e-12   3.893359e-09   1.582325e-13   120
  1.700437e-01   2.235305e-12   0.000000e+00   3.115495e-13   56
  1.711736e-01   1.101371e-12   1.986821e-09   2.694813e-13   24
  1.722960e-01   1.299506e-12   0.000000e+00   1.181527e-13   96
  1.734112e-01   1.987266e-12   0.000000e+00   2.550994e-13   48
  1.756204e-01   1.394994e-12   0.000000e+00   2.698132e-13   24
  1.767146e-01   1.765766e-12   0.000000e+00   1.658258e-13   102
  1.778021e-01   1.903416e-12   0.000000e+00   3.429720e-13   48
  1.788829e-01   1.696777e-12   0.000000e+00   1.667883e-13   72
  1.799573e-01   1.437802e-12   0.000000e+00   1.832253e-13   48
  1.810253e-01   2.020901e-12   0.000000e+00   3.169450e-13   48
  1.820871e-01   1.462839e-12   4.495664e-09   1.345408e-13   120
  1.841922e-01   8.497309e-13   2.809790e-09   1.849991e-13   24
  1.852358e-01   1.479939e-12   2.649095e-09   1.102441e-13   144
  1.862735e-01   1.163793e-12   3.178914e-09   8.879865e-14   120
  1.873055e-01   1.758228e-12   2.809790e-09   2.465227e-13   48
  1.893526e-01   1.075749e-12   2.809790e-09   1.824520e-13   48
  1.903679e-01   1.120873e-12   2.809790e-09   1.222961e-13   96
  1.930487e-01   1.324099e-12   4.711199e-04   1.721214e-13   72
  1.943761e-01   1.208779e-12   3.532127e-09   1.079810e-13   108
  1.953653e-01   1.022206e-12   0.000000e+00   1.068417e-13   72
  1.963495e-01   1.286233e-12   0.000000e+00   1.620744e-13   30
  1.973288e-01   1.391219e-12   0.000000e+00   1.021227e-13   168
  1.983033e-01   1.590898e-12   0.000000e+00   2.290278e-13   48
  2.002380e-01   1.300754e-12   0.000000e+00   1.664780e-13   72
  2.011984e-01   1.588286e-12   0.000000e+00   1.364881e-13   96
  2.021542e-01   1.080808e-12   5.298191e-09   1.120843e-13   72
  2.031055e-01   1.188351e-12   0.000000e+00   1.102352e-13   72
  2.047049e-01   9.729041e-13   4.350048e-04   8.043025e-14   104
  2.059331e-01   1.041764e-12   3.746387e-09   9.048662e-14   144
  2.087224e-01   1.367835e-12   6.282881e-09   1.563746e-13   96
  2.096439e-01   9.381402e-13   0.000000e+00   9.690535e-14   96
  2.111095e-01   7.513810e-13   4.475232e-04   5.939061e-14   120
  2.123845e-01   9.712673e-13   0.000000e+00   8.528559e-14   120
  2.132902e-01   1.005018e-12   0.000000e+00   8.436536e-14   72
  2.150901e-01   1.560504e-12   0.000000e+00   2.329027e-13   48
  2.159845e-01   7.247253e-13   4.235416e-09   6.981698e-14   78
  2.171286e-01   7.966209e-13   4.007142e-04   5.547770e-14   168
  2.195255e-01   9.264331e-13   3.746387e-09   1.105563e-13   144
  2.204018e-01   1.061256e-12   3.746387e-09   7.789103e-14   144
  2.229436e-01   9.330312e-13   2.307791e-04   6.748373e-14   156
  2.238729e-01   6.923622e-13   4.866699e-09   8.208061e-14   48
  2.247323e-01   8.051450e-13   3.178914e-09   7.500031e-14   120
  2.255884e-01   8.704303e-13   0.000000e+00   1.303464e-13   48
  2.271022e-01   7.706970e-13   3.532495e-04   4.912752e-14   216
  2.289809e-01   7.318252e-13   0.000000e+00   1.156189e-13   48
  2.298212e-01   6.983231e-13   2.809790e-09   6.969593e-14   96
  2.310160e-01   7.726160e-13   4.128272e-04   5.366698e-14   168
  2.323239e-01   8.115410e-13   2.809790e-09   1.083810e-13   48
  2.331522e-01   7.260180e-13   0.000000e+00   5.870978e-14   96
  2.339775e-01   4.846853e-13   0.000000e+00   5.874506e-14   48
  2.356194e-01   5.418875e-13   3.178914e-09   1.127803e-13   30
  2.364362e-01   7.754944e-13   2.809790e-09   5.807372e-14   96
  2.374123e-01   7.783883e-13   3.244455e-04   5.366708e-14   240
  2.386674e-01   6.469316e-13   3.500299e-04   7.879839e-14   32
  2.396752e-01   6.589919e-13   0.000000e+00   4.597657e-14   168
  2.404781e-01   6.734496e-13   0.000000e+00   5.404561e-14   120
  2.420760e-01   6.548356e-13   5.923557e-09   7.859394e-14   72
  2.428710e-01   6.308444e-13   3.746387e-09   4.770109e-14   144
  2.436634e-01   6.266503e-13   0.000000e+00   7.051818e-14   96
  2.444532e-01   6.257764e-13   0.000000e+00   6.692576e-14   96
  2.460253e-01   1.108454e-12   4.588368e-09   1.081408e-13   72
  2.468075e-01   5.875863e-13   3.973643e-09   6.755890e-14   96
  2.483647e-01   9.605940e-13   0.000000e+00   3.688994e-13   24
  2.491396e-01   6.810675e-13   0.000000e+00   4.248640e-14   192
  2.500522e-01   5.460569e-13   2.970416e-04   4.388576e-14   132
  2.514501e-01   5.781741e-13   0.000000e+00   4.891390e-14   96
  2.522156e-01   5.334808e-13   0.000000e+00   6.752761e-14   96
  2.529787e-01   5.202821e-13   3.178914e-09   6.247481e-14   120
  2.544981e-01   5.962655e-13   0.000000e+00   8.933592e-14   48
  2.557435e-01   6.728707e-13   3.599905e-04   4.298147e-14   222
  2.567603e-01   4.006126e-13   0.000000e+00   3.387153e-14   120
  2.575100e-01   4.463251e-13   4.866699e-09   1.007021e-13   24
  2.586015e-01   6.257666e-13   3.715625e-04   3.717937e-14   312
  2.609797e-01   5.973947e-13   3.483547e-04   6.696887e-14   72
  2.619630e-01   6.213842e-13   2.809790e-09   7.303231e-14   96
  2.629726e-01   5.045121e-13   3.547511e-04   3.997154e-14   192
  2.641613e-01   5.667968e-13   4.495664e-09   4.552373e-14   120
  2.648900e-01   5.786128e-13   0.000000e+00   5.125108e-14   144
  2.663415e-01   5.019309e-13   0.000000e+00   7.075566e-14   48
  2.673732e-01   5.207369e-13   3.567146e-04   2.564101e-14   336
  2.685040e-01   4.409960e-13   0.000000e+00   6.490768e-14   48
  2.699360e-01   4.307239e-13   0.000000e+00   3.542680e-14   192
  2.706492e-01   3.027736e-13   0.000000e+00   3.377516e-14   48
  2.726764e-01   3.675221e-13   2.476067e-04   3.863664e-14   56
  2.736844e-01   4.602563e-13   3.180112e-04   2.427854e-14   336
  2.748894e-01   4.442048e-13   3.532127e-09   5.502012e-14   54
  2.759390e-01   5.038394e-13   3.492904e-04   3.344777e-14   240
  2.781181e-01   3.586109e-13   3.344484e-04   2.026372e-14   228
  2.790651e-01   3.672368e-13   3.746387e-09   4.796254e-14   72
  2.799844e-01   4.210447e-13   3.244231e-04   3.218797e-14   144
  2.811298e-01   4.058861e-13   0.000000e+00   4.281033e-14   96
  2.818146e-01   3.922593e-13   4.495664e-09   2.268668e-14   240
  2.831793e-01   3.816690e-13   3.973643e-09   7.293233e-14   24
  2.840530e-01   3.934408e-13   3.064151e-04   2.300493e-14   336
  2.852142e-01   3.643428e-13   0.000000e+00   3.723712e-14   72
  2.862741e-01   4.310505e-13   3.332831e-04   3.359322e-14   168
  2.872346e-01   5.532576e-13   0.000000e+00   5.374480e-14   72
  2.885737e-01   4.872628e-13   0.000000e+00   4.744345e-14   96
  2.896108e-01   2.969433e-13   3.307829e-04   2.160796e-14   216
  2.905708e-01   3.464872e-13   3.973643e-09   4.866036e-14   96
  2.918946e-01   3.879924e-13   0.000000e+00   2.639721e-14   192
  2.925542e-01   4.709034e-13   3.746387e-09   3.688451e-14   144
  2.938691e-01   2.595320e-13   0.000000e+00   3.341772e-14   48
  2.947794e-01   3.794537e-13   3.189136e-04   2.364828e-14   246
  2.960164e-01   4.135131e-13   2.940434e-04   3.357290e-14   168
  2.971308e-01   3.988112e-13   5.506041e-09   4.244708e-14   120
  2.977788e-01   4.028970e-13   0.000000e+00   2.991156e-14   240
  2.990707e-01   5.595849e-13   3.973643e-09   8.582472e-14   24
  3.001001e-01   3.456052e-13   3.147475e-04   1.723124e-14   360
  3.013820e-01   4.008054e-13   3.134082e-04   3.440303e-14   120
  3.022763e-01   4.053671e-13   0.000000e+00   3.097032e-14   144
  3.029133e-01   4.905224e-13   0.000000e+00   5.582728e-14   96
  3.048165e-01   3.875099e-13   0.000000e+00   3.434227e-14   144
  3.054482e-01   3.562815e-13   0.000000e+00   2.793937e-14   132
  3.063360e-01   3.051581e-13   3.093292e-04   2.466849e-14   176
  3.076248e-01   2.819283e-13   3.123602e-04   1.598678e-14   312
  3.092116e-01   2.980817e-13   0.000000e+00   2.913195e-14   96
  3.098343e-01   3.075736e-13   0.000000e+00   2.271076e-14   144
  3.107899e-01   3.216146e-13   3.092271e-04   1.865545e-14   312
  3.123131e-01   1.612634e-13   0.000000e+00   2.730549e-14   48
  3.129297e-01   3.232297e-13   3.973643e-09   2.255156e-14   192
  3.141593e-01   1.924160e-13   0.000000e+00   1.021207e-14   6
  3.149762e-01   2.659509e-13   2.884066e-04   1.578967e-14   288
  3.162994e-01   2.791739e-13   3.047203e-04   1.673840e-14   192
  3.172124e-01   2.985718e-13   9.345130e-09   2.159265e-14   216
  3.178195e-01   3.008832e-13   0.000000e+00   3.230249e-14   72
  3.193321e-01   2.991064e-13   3.018264e-04   2.163703e-14   192
  3.203366e-01   2.813264e-13   2.241224e-04   1.820014e-14   288
  3.214381e-01   3.104977e-13   0.000000e+00   7.421511e-14   24
  3.222890e-01   2.507706e-13   2.952626e-04   1.201066e-14   456
  3.238280e-01   2.340304e-13   5.619580e-09   3.076773e-14   48
  3.247789e-01   2.704323e-13   2.908218e-04   1.578570e-14   240
  3.258718e-01   2.664292e-13   2.939082e-04   1.747540e-14   216
  3.267908e-01   3.017315e-13   0.000000e+00   3.229133e-14   72
  3.273801e-01   3.600499e-13   1.015467e-08   2.398273e-14   168
  3.290441e-01   2.353506e-13   2.184577e-04   1.521360e-14   288
  3.299773e-01   2.483600e-13   2.890570e-04   1.616250e-14   168
  3.314762e-01   2.018850e-13   0.000000e+00   1.719027e-14   192
  3.320572e-01   2.757300e-13   3.746387e-09   2.029546e-14   144
  3.332162e-01   3.472735e-13   0.000000e+00   4.213205e-14   36
  3.341991e-01   2.550708e-13   2.639705e-04   1.283779e-14   342
  3.351389e-01   3.053229e-13   2.710657e-04   2.659837e-14   144
  3.363470e-01   2.514682e-13   2.842800e-04   1.488036e-14   384
  3.378125e-01   2.234863e-13   7.786718e-09   1.889761e-14   120
  3.385379e-01   3.162539e-13   2.534951e-04   1.896471e-14   264
  3.395201e-01   2.357082e-13   1.256576e-08   1.857316e-14   192
  3.404451e-01   2.151888e-13   2.731894e-04   1.726294e-14   152
  3.412191e-01   2.755469e-13   7.492773e-09   2.612435e-14   144
  3.428472e-01   2.330591e-13   1.768108e-04   1.610060e-14   216
  3.436008e-01   2.596723e-13   2.362665e-04   1.450373e-14   312
  3.449274e-01   2.258588e-13   2.738281e-04   1.373580e-14   240
  3.457090e-01   1.526606e-13   3.973643e-09   1.556719e-14   96
  3.471927e-01   2.047504e-13   2.617995e-04   2.188983e-14   144
  3.481071e-01   1.760279e-13   2.573258e-04   9.157988e-15   456
  3.495904e-01   1.967098e-13   0.000000e+00   1.683149e-14   120
  3.501414e-01   1.975369e-13   0.000000e+00   1.985928e-14   144
  3.512407e-01   1.937742e-13   0.000000e+00   3.526248e-14   24
  3.519456e-01   1.865960e-13   2.473498e-04   9.492411e-15   336
  3.531645e-01   2.083474e-13   2.727931e-04   1.539913e-14   198
  3.543067e-01   2.028726e-13   2.652756e-04   9.924232e-15   432
  3.556041e-01   2.274829e-13   0.000000e+00   3.187469e-14   48
  3.562810e-01   2.260821e-13   2.341925e-04   1.274656e-14   384
  3.574963e-01   1.610051e-13   2.696052e-04   1.300378e-14   144
  3.585975e-01   2.195298e-13   2.676825e-04   1.593435e-14   264
  3.599147e-01   2.133929e-13   0.000000e+00   2.393537e-14   48
  3.607984e-01   2.063615e-13   2.545223e-04   1.156314e-14   276
  3.616510e-01   1.764000e-13   2.307176e-04   1.327431e-14   192
  3.627906e-01   1.681545e-13   2.592759e-04   7.155676e-15   552
  3.641741e-01   2.166813e-13   8.991328e-09   2.374566e-14   120
  3.649965e-01   1.725472e-13   2.624511e-04   1.096853e-14   216
  3.657587e-01   2.379521e-13   4.495664e-09   2.025635e-14   120
  3.671201e-01   1.766990e-13   2.584500e-04   8.242983e-15   408
  3.683844e-01   1.168904e-13   5.619580e-09   1.993711e-14   24
  3.691684e-01   1.701741e-13   2.610810e-04   9.109501e-15   384
  3.702633e-01   1.863855e-13   2.550855e-04   1.060015e-14   240
  3.712141e-01   2.195874e-13   2.569535e-04   1.651594e-14   168
  3.725471e-01   1.688238e-13   6.357829e-09   1.581470e-14   120
  3.734064e-01   1.634009e-13   2.678605e-04   7.986041e-15   350
  3.748037e-01   2.182248e-13   4.409502e-04   1.319973e-14   384
  3.756388e-01   1.867486e-13   0.000000e+00   1.588796e-14   144
  3.771752e-01   1.593973e-13   1.059638e-08   8.929481e-15   288
  3.779773e-01   1.967388e-13   2.524053e-04   1.155262e-14   336
  3.790686e-01   1.554429e-13   2.297941e-04   1.165122e-14   168
  3.797219e-01   1.655937e-13   4.541306e-09   7.747200e-15   336
  3.810732e-01   1.461369e-13   2.385126e-04   8.991749e-15   288
  3.818848e-01   1.774761e-13   2.247398e-04   1.253008e-14   264
  3.832590e-01   1.713868e-13   0.000000e+00   1.306364e-14   240
  3.837616e-01   1.487293e-13   7.947286e-09   1.861220e-14   96
  3.855656e-01   1.816960e-13   3.056310e-04   1.081870e-14   360
  3.864075e-01   1.878398e-13   2.253025e-04   1.796954e-14   168
  3.874713e-01   1.415697e-13   2.456032e-04   6.379850e-15   456
  3.887523e-01   1.582264e-13   7.064254e-09   1.507860e-14   108
  3.894728e-01   1.288193e-13   2.464311e-04   7.030360e-15   264
  3.903716e-01   1.311286e-13   2.198567e-04   8.605151e-15   264
  3.916025e-01   1.448772e-13   2.074668e-04   8.144857e-15   312
  3.931351e-01   1.303328e-13   1.541705e-04   8.905594e-15   270
  3.937775e-01   1.633435e-13   1.957388e-04   1.062783e-14   240
  3.949323e-01   1.584590e-13   2.421536e-04   9.345626e-15   384
  3.956334e-01   1.347661e-13   0.000000e+00   8.708170e-15   192
  3.969952e-01   1.513957e-13   1.942960e-04   9.617427e-15   240
  3.977852e-01   1.637084e-13   2.397927e-04   1.077798e-14   336
  3.992708e-01   1.328184e-13   2.413972e-04   5.679150e-15   480
  4.004761e-01   1.986689e-13   0.000000e+00   3.289530e-14   72
  4.011493e-01   1.318657e-13   2.353842e-04   7.736646e-15   240
  4.020650e-01   1.581289e-13   2.212289e-04   9.540105e-15   312
  4.031147e-01   1.298546e-13   2.390954e-04   8.070281e-15   240
  4.047009e-01   1.436535e-13   1.816506e-04   7.136419e-15   408
  4.053288e-01   1.305013e-13   1.663482e-04   8.286437e-15   336
  4.065560e-01   1.414485e-13   2.112212e-04   8.812778e-15   264
  4.071591e-01   1.170809e-13   0.000000e+00   1.013440e-14   144
  4.088370e-01   1.156032e-13   2.927651e-04   5.520969e-15   464
  4.097211e-01   1.570685e-13   2.328083e-04   1.280045e-14   168
  4.105939e-01   1.374825e-13   2.120376e-04   8.852701e-15   336
  4.121713e-01   1.347296e-13   2.227870e-04   7.015412e-15   414
  4.130606e-01   1.469951e-13   2.319080e-04   1.190699e-14   216
  4.141998e-01   2.143228e-13   5.619580e-09   2.221110e-14   96
  4.146649e-01   1.403782e-13   1.685874e-08   7.456953e-15   384
  4.162944e-01   1.424974e-13   2.314600e-04   7.651564e-15   492
  4.171676e-01   1.581252e-13   2.263480e-04   1.009920e-14   240
  4.181546e-01   1.334231e-13   2.298225e-04   8.623757e-15   312
  4.195176e-01   8.945974e-14   2.297469e-04   7.731447e-15   192
  4.203810e-01   1.234834e-13   2.226525e-04   5.663595e-15   504
  4.215265e-01   1.305194e-13   1.473998e-04   7.336755e-15   408
  4.224284e-01   1.125768e-13   4.515774e-04   8.425016e-15   168
  4.235571e-01   1.615819e-13   2.145032e-04   1.190218e-14   288
  4.245041e-01   1.277778e-13   2.238525e-04   7.713338e-15   288
  4.254743e-01   9.168073e-14   2.251410e-04   4.255879e-15   432
  4.268815e-01   1.301578e-13   2.129084e-04   1.111647e-14   216
  4.276334e-01   1.215742e-13   2.124592e-04   7.512834e-15   360
  4.289721e-01   1.235538e-13   2.073582e-04   8.147818e-15   312
  4.301803e-01   1.717732e-13   0.000000e+00   2.455627e-14   48
  4.308767e-01   1.234172e-13   2.223178e-04   6.525160e-15   432
  4.321240e-01   1.210850e-13   3.708284e-04   6.072916e-15   414
  4.328606e-01   1.102849e-13   1.956255e-08   7.568595e-15   312
  4.342347e-01   1.077077e-13   3.253813e-04   5.760735e-15   528
  4.351620e-01   1.160174e-13   1.707976e-04   8.010091e-15   264
  4.362761e-01   1.302344e-13   2.025191e-04   7.427248e-15   480
  4.377318e-01   1.061529e-13   0.000000e+00   7.161504e-15   288
  4.383604e-01   1.001437e-13   2.176005e-04   7.911327e-15   168
  4.395105e-01   1.114857e-13   3.444610e-04   5.184312e-15   504
  4.408036e-01   1.453819e-13   7.492773e-09   1.507977e-14   144
  4.416171e-01   9.674631e-14   2.212265e-04   4.385234e-15   464
  4.428396e-01   1.018085e-13   3.246624e-04   5.224687e-15   432
  4.434197e-01   1.095512e-13   5.619580e-09   8.414650e-15   192
  4.449189e-01   9.509502e-14   2.406833e-04   6.018774e-15   396
  4.458042e-01   8.077394e-14   2.162000e-04   4.522766e-15   288
  4.466990e-01   9.633963e-14   2.135686e-04   5.944973e-15   336
  4.481283e-01   9.565005e-14   1.352359e-04   7.019307e-15   432
  4.490354e-01   8.525232e-14   3.505126e-04   5.147654e-15   360
  4.500539e-01   1.015602e-13   2.073334e-04   5.016727e-15   384
  4.515004e-01   8.808687e-14   1.830116e-04   6.033323e-15   198
  4.521974e-01   8.664821e-14   2.080246e-04   4.002255e-15   552
  4.534970e-01   1.074819e-13   2.912202e-04   5.761962e-15   432
  4.545821e-01   1.047929e-13   0.000000e+00   8.994916e-15   168
  4.554927e-01   1.135728e-13   3.610065e-04   6.426238e-15   480
  4.566974e-01   1.140074e-13   0.000000e+00   1.198075e-14   120
  4.572396e-01   1.070736e-13   2.948545e-04   6.305532e-15   336
  4.585628e-01   8.121449e-14   2.080152e-04   3.445614e-15   672
  4.598711e-01   9.912468e-14   3.025866e-04   4.238292e-15   528
  4.604805e-01   8.177067e-14   9.082613e-09   7.095198e-15   168
  4.618883e-01   8.807314e-14   3.375333e-04   4.785041e-15   456
  4.627474e-01   1.119313e-13   2.061344e-04   1.166910e-14   168
  4.636392e-01   9.877931e-14   2.057643e-04   4.455203e-15   504
  4.651216e-01   7.988104e-14   2.647872e-04   4.019020e-15   336
  4.660180e-01   8.775368e-14   1.908802e-04   5.744407e-15   312
  4.670124e-01   9.312192e-14   1.865029e-04   4.085020e-15   504
  4.683210e-01   8.832880e-14   1.294009e-04   4.272780e-15   432
  4.689362e-01   8.087565e-14   1.999672e-04   5.254111e-15   312
  4.702151e-01   7.586704e-14   2.049761e-04   4.317245e-15   384
  4.715504e-01   1.236804e-13   1.741510e-04   1.369058e-14   126
  4.723748e-01   9.386001e-14   3.057676e-04   5.173873e-15   492
  4.734278e-01   9.865997e-14   1.958445e-04   5.613429e-15   528
  4.747438e-01   9.303589e-14   1.989360e-04   4.867782e-15   480
  4.755596e-01   8.235100e-14   2.748289e-04   4.403646e-15   432
  4.767402e-01   8.291966e-14   2.161166e-04   4.898856e-15   440
  4.781114e-01   8.141618e-14   1.074739e-04   5.910780e-15   312
  4.786259e-01   7.714116e-14   1.610586e-04   4.013373e-15   480
  4.796813e-01   8.404209e-14   3.153497e-04   4.295736e-15   408
  4.812233e-01   9.299542e-14   1.888588e-04   5.970806e-15   360
  4.818747e-01   8.364641e-14   1.822418e-04   5.163045e-15   408
  4.830820e-01   7.581351e-14   1.854542e-04   3.723015e-15   456
  4.844414e-01   8.648404e-14   1.772485e-04   5.298081e-15   264
  4.851959e-01   8.706032e-14   1.923591e-04   4.784666e-15   384
  4.862943e-01   6.892902e-14   3.238501e-04   2.986898e-15   672
  4.875640e-01   8.385922e-14   1.937042e-04   6.654931e-15   240
  4.882967e-01   8.154721e-14   1.965613e-04   5.318972e-15   264
  4.893308e-01   6.646789e-14   2.424259e-04   3.083137e-15   624
  4.908739e-01   5.202890e-14   0.000000e+00   4.080384e-15   150
  4.914232e-01   8.520591e-14   2.716574e-04   3.795363e-15   600
  4.925819e-01   8.449593e-14   1.874909e-04   3.907797e-15   672
  4.938939e-01   7.098272e-14   1.763484e-04   4.271935e-15   336
  4.946248e-01   7.348487e-14   1.918157e-04   3.918858e-15   408
  4.957926e-01   8.321959e-14   1.913639e-04   4.733372e-15   408
  4.970915e-01   8.561588e-14   9.676385e-05   5.762924e-15   360
  4.978921e-01   7.621883e-14   3.552857e-04   4.520872e-15   456
  4.988592e-01   7.771102e-14   1.932065e-04   4.875742e-15   384
  5.000902e-01   5.656863e-14   1.783541e-04   3.347691e-15   348
  5.007554e-01   7.961976e-14   2.198754e-04   3.826288e-15   576
  5.020050e-01   6.878989e-14   1.810385e-04   3.645698e-15   504
  5.032833e-01   7.291293e-14   2.553443e-04   3.570962e-15   432
  5.043991e-01   7.548931e-14   3.473946e-04   3.973050e-15   576
  5.051948e-01   6.427931e-14   0.000000e+00   5.364340e-15   264
  5.064571e-01   5.875921e-14   2.764393e-04   2.283527e-15   768
  5.075549e-01   6.224016e-14   3.721752e-04   3.902730e-15   240
  5.084277e-01   6.576771e-14   3.282233e-04   6.930290e-15   192
  5.096990e-01   6.159487e-14   2.416124e-04   3.454060e-15   504
  5.106418e-01   7.972349e-14   3.255818e-04   4.381173e-15   590
  5.115460e-01   7.416056e-14   3.647966e-04   5.017181e-15   384
  5.126798e-01   7.563271e-14   3.048625e-04   4.146074e-15   504
  5.140486e-01   7.141214e-14   2.933830e-04   3.567244e-15   648
  5.153764e-01   6.237972e-14   7.967896e-05   3.279987e-15   504
  5.159117e-01   6.153334e-14   1.817627e-04   4.397723e-15   312
  5.168569e-01   7.043939e-14   2.618753e-04   3.644578e-15   576
  5.181545e-01   6.699861e-14   1.822405e-04   5.202439e-15   240
  5.189109e-01   6.422813e-14   1.841453e-04   2.720317e-15   552
  5.199816e-01   6.589644e-14   1.729082e-04   3.148379e-15   600
  5.215067e-01   6.357183e-14   2.111937e-04   3.387765e-15   600
  5.224237e-01   6.539870e-14   3.382099e-04   4.457378e-15   312
  5.233368e-01   6.855700e-14   2.945474e-04   3.372547e-15   480
  5.244775e-01   5.867388e-14   1.837693e-04   2.662891e-15   576
  5.254818e-01   6.470036e-14   2.959085e-04   4.363863e-15   408
  5.263729e-01   5.068391e-14   3.451909e-04   4.136965e-15   216
  5.275243e-01   6.111520e-14   2.643774e-04   3.374176e-15   516
  5.287578e-01   6.072180e-14   2.522429e-04   2.547816e-15   744
  5.300304e-01   7.423950e-14   1.684760e-04   4.126006e-15   462
  5.307494e-01   6.134731e-14   1.712315e-04   3.549809e-15   432
  5.318647e-01   6.502284e-14   1.588547e-04   3.390453e-15   648
  5.331761e-01   6.313738e-14   2.324340e-04   3.840898e-15   528
  5.342295e-01   7.070624e-14   2.799086e-04   3.371260e-15   600
  5.352820e-01   9.049606e-14   3.528915e-04   8.535256e-15   240
  5.363014e-01   5.896274e-14   2.703115e-04   2.963501e-15   720
  5.374863e-01   6.701544e-14   2.138653e-04   3.819508e-15   720
  5.387997e-01   3.837427e-14   0.000000e+00   3.317193e-15   144
  5.394909e-01   6.210981e-14   2.757364e-04   3.041916e-15   720
  5.404742e-01   5.367329e-14   1.653370e-04   2.920851e-15   384
  5.417051e-01   5.927427e-14   1.832848e-04   2.551756e-15   672
  5.428730e-01   7.243559e-14   3.209115e-04   6.429151e-15   336
  5.434308e-01   5.063081e-14   0.000000e+00   3.543888e-15   288
  5.447967e-01   5.341358e-14   2.539800e-04   2.436436e-15   776
  5.460612e-01   5.482587e-14   2.173184e-04   2.941904e-15   720
  5.471231e-01   4.390320e-14   1.750659e-04   2.291399e-15   432
  5.479725e-01   5.849711e-14   2.495786e-04   3.176128e-15   504
  5.489174e-01   6.236159e-14   1.748652e-04   3.731473e-15   528
  5.502396e-01   6.688872e-14   2.382437e-04   4.531973e-15   438
  5.513273e-01   6.173286e-14   2.772938e-04   3.153937e-15   624
  5.521470e-01   6.177787e-14   3.396475e-04   4.494571e-15   312
  5.532738e-01   6.171100e-14   1.829935e-04   3.010630e-15   696
  5.544390e-01   5.674227e-14   1.655760e-04   3.290898e-15   552
  5.556509e-01   5.566233e-14   1.281006e-04   3.026546e-15   516
  5.564006e-01   6.847360e-14   2.558713e-04   3.812043e-15   528
  5.573133e-01   4.473000e-14   1.664001e-04   2.245568e-15   528
  5.586097e-01   5.411772e-14   2.194479e-04   2.822051e-15   864
  5.594897e-01   5.566231e-14   3.005985e-04   4.493239e-15   408
  5.603706e-01   6.683801e-14   2.978186e-04   5.120312e-15   192
  5.616191e-01   5.085404e-14   2.464592e-04   2.261951e-15   720
  5.626731e-01   5.807969e-14   2.272475e-04   2.818506e-15   696
  5.639255e-01   5.246367e-14   2.454294e-04   2.941803e-15   720
  5.650713e-01   5.483340e-14   3.326501e-04   3.176292e-15   432
  5.657395e-01   4.876486e-14   1.958109e-04   3.067344e-15   264
  5.669418e-01   5.029746e-14   2.704061e-04   2.799997e-15   672
  5.680171e-01   4.590841e-14   2.768544e-04   2.621717e-15   600
  5.692933e-01   4.015804e-14   1.620980e-04   2.583526e-15   270
  5.699366e-01   4.802680e-14   2.440026e-04   2.908671e-15   528
  5.709591e-01   5.824566e-14   1.670843e-04   2.766816e-15   840
  5.723613e-01   6.241268e-14   3.194952e-04   3.225003e-15   888
  5.736568e-01   4.635743e-14   2.380474e-04   2.309982e-15   744
  5.747517e-01   5.042921e-14   1.223216e-04   2.765952e-15   456
  5.752963e-01   7.816514e-14   1.671601e-04   4.475822e-15   360
  5.762282e-01   4.717837e-14   1.448348e-04   3.191344e-15   384
  5.776580e-01   5.493641e-14   2.323137e-04   2.517869e-15   816
  5.787308e-01   5.590059e-14   3.370546e-04   3.059943e-15   824
  5.800348e-01   4.162335e-14   1.566791e-04   2.626186e-15   360
  5.807331e-01   4.928874e-14   2.311994e-04   2.400481e-15   624
  5.816941e-01   6.190380e-14   1.562320e-04   3.609544e-15   360
  5.829744e-01   4.852513e-14   2.125215e-04   2.350632e-15   876
  5.841306e-01   4.644852e-14   2.524119e-04   2.259690e-15   696
  5.852967e-01   3.610683e-14   1.629911e-04   2.152156e-15   336
  5.859080e-01   5.087382e-14   1.628079e-04   2.888152e-15   504
  5.869176e-01   4.489448e-14   1.642187e-04   2.717999e-15   672
  5.884155e-01   4.568821e-14   3.269213e-04   2.317228e-15   720
  5.894543e-01   5.454604e-14   2.469541e-04   3.616659e-15   774
  5.906010e-01   7.024063e-14   1.413501e-04   6.213264e-15   384
  5.912015e-01   4.905664e-14   2.720183e-04   3.022867e-15   528
  5.921335e-01   6.056610e-14   2.592486e-04   4.319859e-15   744
  5.936327e-01   5.030518e-14   2.138251e-04   2.325028e-15   768
  5.946281e-01   5.322481e-14   2.400348e-04   4.401395e-15   552
  5.958700e-01   4.666421e-14   2.616108e-04   2.245176e-15   696
  5.967938e-01   6.932390e-14   3.179026e-04   5.595145e-15   408
  5.975272e-01   5.236214e-14   1.373364e-04   2.962623e-15   504
  5.986899e-01   4.638823e-14   2.467198e-04   1.739340e-15   888
  5.998339e-01   4.316870e-14   2.564132e-04   2.172276e-15   648
  6.010230e-01   4.496326e-14   2.542153e-04   2.749331e-15   648
  6.021418e-01   4.715707e-14   2.741064e-04   2.564571e-15   792
  6.033268e-01   4.556548e-14   4.010364e-04   2.557525e-15   600
  6.042000e-01   3.640643e-14   2.717856e-04   2.111871e-15   456
  6.051191e-01   5.100231e-14   1.324567e-04   2.851610e-15   648
  6.062996e-01   4.351924e-14   2.583099e-04   1.943190e-15   936
  6.075741e-01   5.301277e-14   1.586356e-04   3.136350e-15   384
  6.086836e-01   4.118588e-14   1.334798e-08   5.548204e-15   198
  6.095398e-01   4.895231e-14   4.024720e-04   1.957308e-15   1224
  6.104634e-01   5.662140e-14   2.931235e-04   4.047012e-15   420
  6.115558e-01   6.002344e-14   2.836822e-04   3.726976e-15   792
  6.126238e-01   4.648498e-14   2.345810e-04   2.555772e-15   680
  6.138428e-01   5.361216e-14   2.154033e-04   3.680289e-15   600
  6.148235e-01   5.620038e-14   3.123938e-04   3.083990e-15   840
  6.161330e-01   3.991585e-14   1.474979e-04   2.293096e-15   432
  6.166334e-01   6.357494e-14   1.382249e-04   4.086549e-15   720
  6.177213e-01   4.233370e-14   2.768404e-04   1.715380e-15   960
  6.190745e-01   4.425807e-14   2.467829e-04   3.105782e-15   528
  6.200634e-01   4.023995e-14   2.522592e-04   2.191803e-15   624
  6.212404e-01   4.885201e-14   1.982740e-04   2.676668e-15   816
  6.224086e-01   4.094293e-14   3.260658e-04   2.257388e-15   696
  6.236996e-01   3.548575e-14   2.202416e-08   2.986427e-15   240
  6.241851e-01   4.152225e-14   1.922888e-04   2.478514e-15   672
  6.252686e-01   4.225906e-14   3.436476e-04   2.177736e-15   864
  6.264840e-01   3.362638e-14   2.636938e-04   1.513294e-15   816
  6.275795e-01   3.648275e-14   1.509292e-04   2.049736e-15   648
  6.287594e-01   5.935995e-14   1.542771e-04   3.185680e-15   843
  6.297611e-01   4.061122e-14   2.775825e-04   2.439871e-15   780
  6.309548e-01   5.424540e-14   1.489456e-04   8.036485e-15   216
  6.316911e-01   4.539003e-14   3.591661e-04   2.235265e-15   1056
  6.328235e-01   3.686147e-14   2.938382e-04   3.828079e-15   228
  6.338720e-01   4.664718e-14   3.658358e-04   2.477713e-15   924
  6.349484e-01   4.915462e-14   1.357046e-04   2.566910e-15   696
  6.360882e-01   4.046892e-14   2.415153e-04   2.138844e-15   996
  6.372543e-01   3.434834e-14   1.425858e-04   2.224748e-15   576
  6.384675e-01   3.939476e-14   2.200718e-04   2.271487e-15   552
  6.393519e-01   5.083416e-14   2.627580e-04   3.431411e-15   516
  6.402494e-01   4.314317e-14   3.821047e-04   2.160075e-15   744
  6.412749e-01   3.247319e-14   1.874451e-04   1.713628e-15   576
  6.421669e-01   3.800437e-14   1.929285e-04   1.965702e-15   792
  6.434346e-01   3.576363e-14   2.205530e-04   2.070755e-15   792
  6.443636e-01   4.042191e-14   2.378641e-04   2.165496e-15   720
  6.456200e-01   4.174197e-14   2.711104e-04   2.676217e-15   656
  6.467974e-01   3.386273e-14   2.960385e-04   1.485355e-15   816
  6.480043e-01   3.777890e-14   1.596190e-04   2.578190e-15   492
  6.486903e-01   3.562781e-14   2.296231e-04   2.106966e-15   552
  6.499778e-01   3.120407e-14   3.992867e-04   1.547198e-15   780
  6.508139e-01   3.666126e-14   2.452771e-04   2.101665e-15   528
  6.517148e-01   2.867683e-14   2.863130e-04   1.506313e-15   600
  6.530425e-01   4.087663e-14   2.379487e-04   1.635558e-15   900
  6.539577e-01   3.431539e-14   1.317325e-04   2.036086e-15   696
  6.552168e-01   3.397510e-14   3.330907e-04   2.039459e-15   696
  6.564349e-01   2.816397e-14   1.351317e-04   1.400687e-15   552
  6.574592e-01   2.704728e-14   1.571457e-04   1.293326e-15   708
  6.585322e-01   3.030007e-14   2.594565e-04   1.317648e-15   876
  6.596487e-01   3.346377e-14   1.377663e-04   2.804156e-15   216
  6.603980e-01   3.096523e-14   3.768094e-04   1.153085e-15   1032
  6.615201e-01   2.990244e-14   4.195357e-04   1.822085e-15   600
  6.626848e-01   2.145570e-14   2.001869e-04   1.100599e-15   600
  6.635732e-01   3.048865e-14   3.535112e-04   1.483341e-15   528
  6.646233e-01   2.852541e-14   1.940622e-04   1.578302e-15   732
  6.657296e-01   2.990285e-14   1.432973e-04   2.040474e-15   336
  6.670031e-01   2.796253e-14   2.042271e-04   1.066463e-15   912
  6.679548e-01   2.558816e-14   2.049821e-04   1.165421e-15   624
  6.689946e-01   2.785154e-14   1.727341e-04   1.210501e-15   768
  6.702082e-01   2.643856e-14   3.116463e-04   1.101122e-15   792
  6.713995e-01   2.740202e-14   1.545014e-04   1.470696e-15   660
  6.722471e-01   2.806214e-14   2.276826e-04   1.686423e-15   504
  6.731238e-01   2.241898e-14   3.719898e-04   1.112347e-15   480
  6.744376e-01   2.318897e-14   3.440421e-04   8.596633e-16   912
  6.754664e-01   2.372555e-14   3.831443e-04   1.437485e-15   432
  6.764380e-01   2.511756e-14   2.275021e-04   1.298039e-15   564
  6.773006e-01   2.405336e-14   2.177508e-04   1.340004e-15   600
  6.785149e-01   2.582816e-14   3.035240e-04   9.730119e-16   876
  6.794272e-01   2.838497e-14   1.364735e-04   2.346092e-15   264
  6.806846e-01   2.241265e-14   2.648123e-04   1.061264e-15   560
  6.816953e-01   2.244550e-14   1.799457e-04   8.602401e-16   840
  6.829222e-01   2.204264e-14   2.774244e-04   8.140813e-16   1008
  6.840568e-01   2.131261e-14   1.241010e-04   1.085413e-15   456
  6.850930e-01   2.697955e-14   1.607553e-04   1.355267e-15   576
  6.860509e-01   2.046326e-14   2.470177e-04   8.851570e-16   612
  6.873140e-01   2.260989e-14   2.206269e-04   9.581898e-16   780
  6.883444e-01   2.329526e-14   2.528284e-04   1.037410e-15   648
  6.893992e-01   2.161789e-14   1.178213e-04   1.309930e-15   312
  6.900734e-01   1.941317e-14   2.993645e-04   9.078410e-16   528
  6.912414e-01   1.756594e-14   3.909551e-04   6.655570e-16   720
  6.923583e-01   1.900491e-14   3.921794e-04   9.493069e-16   576
  6.937124e-01   2.024913e-14   3.383053e-04   1.211713e-15   444
  6.945549e-01   2.038848e-14   3.317685e-04   7.450837e-16   996
  6.955874e-01   1.678630e-14   2.771265e-04   8.262072e-16   432
  6.965633e-01   2.274925e-14   3.033990e-04   1.165317e-15   504
  6.974062e-01   1.822568e-14   1.367883e-04   8.742164e-16   504
  6.986065e-01   2.095681e-14   2.692009e-04   7.604980e-16   876
  6.996926e-01   1.780298e-14   3.098246e-04   8.307749e-16   504
  7.008236e-01   1.777974e-14   1.975899e-04   7.395879e-16   696
  7.017583e-01   1.860660e-14   1.689187e-04   9.421100e-16   492
  7.030300e-01   1.867218e-14   2.418152e-04   1.065948e-15   432
  7.039719e-01   1.981752e-14   2.264335e-04   8.979846e-16   768
  7.050885e-01   1.871821e-14   2.820533e-04   9.788342e-16   648
  7.061547e-01   1.799706e-14   1.840095e-04   1.186767e-15   456
  7.073798e-01   1.558518e-14   2.530430e-04   7.049838e-16   552
  7.082306e-01   1.896524e-14   1.734358e-04   8.801907e-16   648
  7.094016e-01   1.861452e-14   2.826907e-04   8.039064e-16   840
  7.105454e-01   1.718959e-14   1.348092e-04   8.701683e-16   432
  7.116906e-01   1.771620e-14   1.651183e-04   9.225257e-16   600
  7.124870e-01   1.780423e-14   1.759227e-04   8.798719e-16   432
  7.138248e-01   1.697369e-14   1.751482e-04   8.436204e-16   560
  7.147308e-01   1.678601e-14   2.772412e-04   6.725945e-16   840
  7.158652e-01   1.501125e-14   1.642140e-04   7.009337e-16   504
  7.167662e-01   1.402932e-14   3.351509e-04   6.118042e-16   696
  7.180362e-01   2.101423e-14   1.830475e-04   1.288589e-15   384
  7.190254e-01   1.478850e-14   2.681431e-04   6.087640e-16   576
  7.202219e-01   1.409237e-14   1.654845e-04   6.642055e-16   360
  7.211864e-01   1.698625e-14   2.464465e-04   6.883596e-16   828
  7.222268e-01   1.491970e-14   2.195064e-04   7.836588e-16   372
  7.231800e-01   1.534071e-14   3.352284e-04   7.507631e-16   576
  7.244428e-01   1.434850e-14   1.403933e-04   6.135081e-16   636
  7.253425e-01   1.845314e-14   2.706420e-04   7.901187e-16   648
  7.265596e-01   1.434832e-14   2.200024e-04   6.859405e-16   576
  7.274333e-01   1.504877e-14   3.548870e-04   7.373778e-16   528
  7.285953e-01   1.451314e-14   1.517289e-04   7.598581e-16   360
  7.295571e-01   1.440892e-14   3.490332e-04   6.074417e-16   672
  7.308130e-01   1.690624e-14   1.787806e-04   7.161510e-16   804
  7.318582e-01   1.550001e-14   1.972163e-04   8.288456e-16   408
  7.330145e-01   1.495734e-14   1.219011e-04   7.451034e-16   384
  7.337931e-01   1.299422e-14   2.789567e-04   7.074359e-16   480
  7.348913e-01   1.370540e-14   1.802469e-04   7.729560e-16   432
  7.359446e-01   1.643237e-14   3.321566e-04   7.368177e-16   648
  7.371913e-01   1.385568e-14   2.061016e-04   6.193932e-16   624
  7.381033e-01   1.468693e-14   1.874668e-04   7.452369e-16   456
  7.393486e-01   1.399728e-14   2.560963e-04   6.623822e-16   588
  7.401831e-01   1.268569e-14   1.633884e-04   5.652093e-16   600
  7.414016e-01   1.561949e-14   2.548458e-04   6.626622e-16   708
  7.423640e-01   1.528189e-14   1.605479e-04   8.358208e-16   360
  7.434275e-01   1.553018e-14   1.845541e-04   7.752071e-16   552
  7.444470e-01   1.200556e-14   1.294691e-04   8.232360e-16   288
  7.454820e-01   1.426628e-14   2.434372e-04   6.967958e-16   528
  7.464545e-01   1.497241e-14   1.642340e-04   6.790630e-16   456
  7.475410e-01   1.443373e-14   2.912225e-04   6.157328e-16   608
  7.486338e-01   1.139962e-14   1.408967e-04   5.555309e-16   504
  7.498278e-01   1.080122e-14   3.024972e-04   5.249391e-16   540
  7.507642e-01   1.490382e-14   3.247222e-04   8.708912e-16   360
  7.517735e-01   1.422537e-14   1.470509e-04   6.522282e-16   540
  7.526661e-01   1.335896e-14   1.262606e-04   6.502764e-16   576
  7.539642e-01   1.301547e-14   2.927555e-04   5.663091e-16   588
  7.551985e-01   1.236585e-14   4.039143e-04   5.104695e-16   672
  7.562588e-01   1.235029e-14   3.087151e-04   5.640596e-16   552
  7.571135e-01   1.060129e-14   3.088712e-04   9.095902e-16   144
  7.582042e-01   1.315373e-14   2.624178e-04   6.479640e-16   600
  7.592383e-01   1.055990e-14   3.288668e-04   5.843962e-16   504
  7.603860e-01   1.153938e-14   3.378126e-04   6.643220e-16   336
  7.615932e-01   1.181487e-14   3.797028e-04   4.855535e-16   600
  7.626744e-01   9.543157e-15   2.450478e-04   3.991238e-16   636
  7.638413e-01   1.176394e-14   1.970206e-04   7.663063e-16   384
  7.646595e-01   1.435995e-14   2.748205e-04   7.359115e-16   504
  7.658387e-01   1.251278e-14   1.153383e-04   8.374660e-16   240
  7.667694e-01   1.371924e-14   2.709461e-04   6.032569e-16   744
  7.678860e-01   1.133888e-14   1.850150e-04   4.954646e-16   648
  7.688783e-01   2.207424e-14   1.228185e-04   1.738308e-15   120
  7.700414e-01   1.229923e-14   1.929319e-04   5.497240e-16   564
  7.709202e-01   1.423831e-14   3.030111e-04   7.219779e-16   432
  7.720932e-01   1.023807e-14   2.351965e-04   5.129662e-16   480
  7.729764e-01   1.011443e-14   1.731106e-04   5.122880e-16   456
  7.740189e-01   1.229918e-14   2.864725e-04   7.076928e-16   444
  7.752020e-01   9.530565e-15   4.383180e-04   4.374341e-16   528
  7.762412e-01   1.099978e-14   3.255297e-04   7.715774e-16   264
  7.772498e-01   1.200254e-14   3.336195e-04   5.894125e-16   444
  7.786065e-01   1.173617e-14   3.654311e-04   4.417586e-16   696
  7.797327e-01   1.258981e-14   1.954448e-04   6.380083e-16   384
  7.805563e-01   1.064786e-14   2.469609e-04   5.097950e-16   432
  7.818373e-01   1.109396e-14   1.706384e-04   5.154246e-16   488
  7.826690e-01   1.195599e-14   2.571733e-04   6.610927e-16   480
  7.838749e-01   1.067022e-14   2.868014e-04   5.502243e-16   480
  7.848089e-01   1.157096e-14   1.203331e-04   8.668776e-16   240
  7.858692e-01   1.235756e-14   2.810886e-04   6.228888e-16   600
  7.868694e-01   9.324562e-15   2.449399e-04   6.539980e-16   288
  7.879343e-01   1.047582e-14   2.356143e-04   5.467211e-16   480
  7.890129e-01   9.267191e-15   4.191157e-04   4.616475e-16   504
  7.900748e-01   1.064226e-14   1.798267e-04   8.060811e-16   216
  7.914291e-01   1.151679e-14   2.944050e-04   6.089937e-16   504
  7.924838e-01   9.452653e-15   2.367912e-04   4.542923e-16   456
  7.936384e-01   1.171330e-14   1.358038e-04   6.211989e-16   384
  7.944031e-01   1.116974e-14   2.756326e-04   5.295682e-16   480
  7.954897e-01   8.224367e-15   2.420363e-04   3.911884e-16   504
  7.964966e-01   1.028748e-14   1.535327e-04   6.508178e-16   312
  7.975815e-01   1.046051e-14   2.474127e-04   5.787670e-16   492
  7.985417e-01   9.944588e-15   2.318919e-04   6.268985e-16   312
  7.997779e-01   9.428755e-15   3.766899e-04   4.711833e-16   576
  8.008661e-01   1.048666e-14   3.477153e-04   5.784674e-16   336
  8.017699e-01   7.549913e-15   2.677247e-04   5.597311e-16   240
  8.030228e-01   1.069545e-14   3.549351e-04   4.922174e-16   468
  8.041047e-01   7.854882e-15   2.222407e-04   6.620246e-16   192
  8.052370e-01   8.822541e-15   2.229031e-04   5.329328e-16   324
  8.060669e-01   9.389530e-15   1.617794e-04   4.430671e-16   600
  8.071978e-01   1.099999e-14   2.624704e-04   5.769775e-16   456
  8.080377e-01   9.922342e-15   1.180592e-04   6.109671e-16   336
  8.094297e-01   1.008068e-14   3.535027e-04   4.444989e-16   612
  8.104424e-01   7.192352e-15   2.966749e-04   7.299603e-16   144
  8.114002e-01   1.072979e-14   3.462957e-04   4.431758e-16   552
  8.127025e-01   8.876518e-15   1.363755e-04   5.869517e-16   264
  8.134384e-01   1.002316e-14   3.157441e-04   5.945160e-16   336
  8.145992e-01   8.307879e-15   2.086329e-04   4.385422e-16   384
  8.156059e-01   9.981763e-15   1.174397e-04   7.507953e-16   216
  8.167203e-01   7.716093e-15   2.489964e-04   4.415253e-16   344
  8.177364e-01   8.557110e-15   3.715143e-04   4.639252e-16   408
  8.189746e-01   8.162823e-15   2.854845e-04   4.793249e-16   264
  8.200718e-01   7.961904e-15   3.979796e-04   3.291092e-16   612
  8.211681e-01   9.544360e-15   2.048307e-04   5.202178e-16   408
  8.222956e-01   8.354943e-15   2.051251e-04   4.523013e-16   444
  8.231239e-01   1.273080e-14   1.147249e-04   1.230915e-15   120
  8.242338e-01   8.976711e-15   3.169640e-04   5.585974e-16   336
  8.250576e-01   7.169735e-15   1.101437e-04   4.897108e-16   288
  8.261708e-01   9.894501e-15   3.427692e-04   4.750319e-16   552
  8.277012e-01   9.822881e-15   1.835347e-08   1.187626e-15   72
  8.284882e-01   9.014384e-15   3.404572e-04   4.486911e-16   504
  8.294074e-01   7.342237e-15   1.095558e-04   5.427309e-16   216
  8.305983e-01   8.652885e-15   1.956043e-04   5.714985e-16   312
  8.316675e-01   7.689421e-15   2.227263e-04   4.813015e-16   336
  8.326865e-01   7.499899e-15   3.087236e-04   4.980238e-16   204
  8.337014e-01   8.944066e-15   3.587838e-04   4.540254e-16   504
  8.347777e-01   1.123238e-14   3.416652e-04   8.084325e-16   396
  8.358127e-01   8.525641e-15   3.133249e-04   5.193385e-16   312
  8.370674e-01   1.182411e-14   1.914750e-04   7.224444e-16   216
  8.379516e-01   8.088433e-15   1.039172e-04   7.765831e-16   168
  8.390260e-01   8.364746e-15   2.623966e-04   3.947134e-16   588
  8.402521e-01   7.945560e-15   3.561727e-04   7.133835e-16   240
  8.412047e-01   6.762843e-15   3.145601e-04   5.106727e-16   264
  8.423219e-01   8.254102e-15   3.890183e-04   5.581299e-16   288
  8.433131e-01   7.628071e-15   1.942596e-04   4.552656e-16   288
  8.445693e-01   7.356343e-15   1.824406e-04   4.576288e-16   288
  8.454153e-01   7.483037e-15   2.113423e-04   5.633066e-16   192
  8.464795e-01   6.399455e-15   2.248894e-04   4.112642e-16   264
  8.474933e-01   9.598028e-15   3.699119e-04   5.113124e-16   372
  8.485844e-01   1.113599e-14   3.995208e-04   7.762917e-16   360
  8.499161e-01   1.125686e-14   1.690810e-04   1.406310e-15   144
  8.506044e-01   6.869012e-15   2.348461e-04   4.649509e-16   296
  8.516909e-01   6.714516e-15   2.530345e-04   4.565259e-16   288
  8.529347e-01   8.261937e-15   3.781537e-04   4.913878e-16   480
  8.540076e-01   7.015488e-15   3.142096e-04   5.409600e-16   192
  8.550509e-01   7.475846e-15   3.370327e-04   6.351318e-16   192
  8.559992e-01   6.481114e-15   2.147949e-04   4.100282e-16   288
  8.573180e-01   5.476492e-15   1.869760e-04   4.702391e-16   108
  8.579823e-01   8.866425e-15   1.797545e-04   6.811388e-16   240
  8.591554e-01   6.198274e-15   3.353363e-04   3.793858e-16   384
  8.603605e-01   8.658820e-15   4.090723e-04   9.813324e-16   108
  8.614261e-01   1.004917e-14   2.398466e-04   6.819858e-16   348
  8.625466e-01   7.537500e-15   2.503134e-04   5.708416e-16   312
  8.635474e-01   7.144525e-15   2.432319e-04   8.021337e-16   96
  8.644677e-01   7.514131e-15   3.238194e-04   6.012369e-16   384
  8.654984e-01   7.284278e-15   2.227222e-04   7.561718e-16   144
  8.665066e-01   6.751347e-15   3.422225e-04   4.720276e-16   408
  8.677598e-01   5.495134e-15   1.526554e-04   4.657842e-16   144
  8.689437e-01   7.218948e-15   2.934816e-04   5.482140e-16   192
  8.696459e-01   8.301541e-15   3.303190e-04   7.382854e-16   144
  8.707904e-01   5.835545e-15   2.685615e-04   3.818067e-16   144
  8.718702e-01   7.106269e-15   3.282257e-04   4.957422e-16   336
  8.731927e-01   4.929188e-15   2.428454e-04   2.826361e-16   240
  8.740312e-01   7.413343e-15   1.102739e-04   8.369084e-16   96
  8.752007e-01   7.527591e-15   3.233803e-04   5.319169e-16   372
  8.763838e-01   6.294345e-15   3.846540e-04   6.822660e-16   132
  8.774230e-01   4.455237e-15   2.380193e-04   2.707127e-16   264
  8.783527e-01   8.145004e-15   1.827880e-04   8.645213e-16   168
  8.793449e-01   6.844429e-15   2.922429e-04   5.811585e-16   216
  8.802213e-01   5.608473e-15   1.787978e-04   4.415334e-16   216
  8.814979e-01   4.228488e-15   3.280196e-04   3.635477e-16   96
  8.826561e-01   8.628039e-15   2.140028e-04   1.007997e-15   120
  8.837183e-01   7.061290e-15   2.720578e-04   5.781555e-16   216
  8.845934e-01   5.435498e-15   1.188902e-04   3.980591e-16   200
  8.857519e-01   6.239824e-15   3.077557e-04   3.901133e-16   288
  8.872378e-01   4.344650e-15   8.097649e-05   4.040451e-16   144
  8.878635e-01   5.474241e-15   2.519939e-04   5.681104e-16   168
  8.891412e-01   6.365534e-15   2.835956e-04   7.095410e-16   159
  8.901386e-01   6.740929e-15   2.975600e-04   5.045660e-16   174
  8.911039e-01   5.908891e-15   2.698170e-04   5.476924e-16   144
  8.923678e-01   6.337746e-15   1.557998e-04   4.946330e-16   222
  8.932131e-01   5.356710e-15   1.572158e-04   4.573404e-16   168
  8.946732e-01   8.651201e-15   3.448346e-04   1.367527e-15   30
  8.952763e-01   3.326716e-15   3.044637e-04   3.274662e-16   72
  8.964123e-01   5.494496e-15   2.717302e-04   3.194761e-16   258
  8.976612e-01   5.709634e-15   1.701916e-04   4.211001e-16   264
  8.982857e-01   4.980990e-15   0.000000e+00   7.619060e-16   72
  8.995871e-01   4.789835e-15   3.373270e-04   3.570787e-16   174
  9.007654e-01   6.197583e-15   3.591909e-04   5.770973e-16   168
  9.017127e-01   3.540228e-15   1.123916e-08   4.052688e-16   48
  9.027297e-01   5.009664e-15   2.028435e-04   4.694163e-16   150
  9.039088e-01   5.941089e-15   3.731453e-04   4.367282e-16   168
  9.050911e-01   5.000916e-15   2.273028e-04   4.702318e-16   144
  9.061784e-01   6.493753e-15   2.123525e-04   9.382814e-16   102
  9.069882e-01   4.071961e-15   3.143182e-04   4.909086e-16   96
  9.082731e-01   4.462473e-15   3.119397e-04   4.946658e-16   120
  9.092246e-01   4.498514e-15   3.345635e-04   3.809780e-16   168
  9.102538e-01   5.331038e-15   2.470487e-04   5.045629e-16   126
  9.111308e-01   5.516701e-15   1.863241e-04   5.399846e-16   168
  9.123389e-01   4.536976e-15   2.987709e-04   5.608526e-16   72
  9.133947e-01   4.372287e-15   3.741278e-04   2.827822e-16   168
  9.143196e-01   4.562740e-15   1.025668e-04   6.601731e-16   78
  9.155870e-01   3.439139e-15   1.684070e-04   4.022060e-16   60
  9.166075e-01   6.250236e-15   2.731835e-04   5.247856e-16   96
  9.176659e-01   4.207531e-15   3.314854e-04   3.178948e-16   168
  9.186605e-01   4.917104e-15   2.097511e-04   5.090384e-16   86
  9.197042e-01   2.591583e-15   1.874678e-04   2.342198e-16   120
  9.212002e-01   4.658662e-15   1.336894e-04   4.506865e-16   168
  9.220069e-01   3.850997e-15   0.000000e+00   4.847965e-16   48
  9.230934e-01   4.372371e-15   2.435676e-04   3.710191e-16   120
  9.237177e-01   3.509606e-15   1.776924e-04   3.378950e-16   126
  9.252418e-01   3.784997e-15   3.125113e-04   3.273403e-16   96
  9.262310e-01   4.847805e-15   9.011285e-05   4.313565e-16   96
  9.270111e-01   4.609126e-15   0.000000e+00   5.102199e-16   72
  9.286731e-01   6.978752e-15   1.123916e-08   2.413744e-15   24
  9.297104e-01   3.876006e-15   1.854501e-04   3.822442e-16   120
  9.305196e-01   3.954122e-15   2.705147e-04   3.427998e-16   126
  9.314194e-01   4.039829e-15   2.255107e-04   3.528044e-16   96
  9.324708e-01   3.280042e-15   3.897482e-04   3.004073e-16   72
  9.336415e-01   3.693292e-15   1.685792e-04   3.376373e-16   144
  9.346046e-01   4.108573e-15   9.723254e-05   4.400536e-16   72
  9.355666e-01   3.167885e-15   1.942081e-04   3.707981e-16   54
  9.364132e-01   3.679177e-15   1.711436e-04   3.228985e-16   108
  9.381728e-01   4.180030e-15   1.677650e-04   3.823621e-16   72
  9.387206e-01   5.182167e-15   9.680617e-05   5.478005e-16   72
  9.400202e-01   3.909555e-15   1.946680e-08   6.169738e-16   24
  9.412498e-01   4.075235e-15   2.047976e-04   4.571757e-16   48
  9.419964e-01   4.030912e-15   1.560029e-04   5.547183e-16   102
  9.431203e-01   3.866130e-15   3.528137e-04   3.047444e-16   168
  9.445889e-01   3.910868e-15   1.924163e-04   4.158012e-16   72
  9.451330e-01   2.688027e-15   0.000000e+00   4.434833e-16   48
  9.462744e-01   3.858739e-15   3.309678e-04   3.566394e-16   120
  9.477807e-01   2.967432e-15   2.033864e-04   2.328871e-16   96
  9.492033e-01   4.312732e-15   2.202416e-08   8.090555e-16   30
  9.508942e-01   3.543163e-15   9.555995e-05   3.897938e-16   72
  9.516372e-01   1.060429e-15   1.123916e-08   2.407828e-16   24
  9.525916e-01   3.672232e-15   1.416435e-04   4.497123e-16   56
  9.536606e-01   3.239723e-15   2.021324e-04   3.477862e-16   96
  9.549399e-01   3.237531e-15   2.232036e-04   2.468413e-16   144
  9.559263e-01   3.933403e-15   1.267263e-04   4.623055e-16   54
  9.573592e-01   3.741202e-15   1.898493e-04   3.306098e-16   108
  9.588012e-01   4.868222e-15   1.005243e-04   6.304179e-16   48
  9.601739e-01   4.098062e-15   3.785063e-04   6.126838e-16   72
  9.634680e-01   2.719138e-15   2.500803e-04   2.606581e-16   78
  9.643808e-01   2.762243e-15   1.884669e-04   3.961202e-16   72
  9.654462e-01   4.359487e-15   1.882329e-04   4.490069e-16   72
  9.665603e-01   4.263955e-15   4.542266e-04   3.850373e-16   96
  9.674408e-01   4.326905e-15   1.878449e-04   5.135995e-16   72
  9.685029e-01   4.326532e-15   0.000000e+00   6.445406e-16   24
  9.695638e-01   3.260823e-15   3.748416e-04   2.555912e-16   72
  9.719599e-01   4.673471e-15   2.380359e-04   7.797820e-16   30
  9.724755e-01   4.117723e-15   0.000000e+00   9.813115e-16   24
  9.752466e-01   4.127063e-15   1.976584e-04   7.230317e-16   48
  9.761159e-01   2.640679e-15   4.253608e-04   2.381183e-16   120
  9.772870e-01   3.898753e-15   1.859776e-04   6.022554e-16   72
  9.784697e-01   3.137900e-15   1.857528e-04   5.555289e-16   36
  9.792826e-01   3.613036e-15   3.671339e-04   3.825949e-16   78
  9.815513e-01   3.140723e-15   1.963888e-04   3.334791e-16   48
  9.844928e-01   3.974804e-15   1.589457e-08   7.716319e-16   24
  9.865884e-01   2.884852e-15   1.367612e-04   4.023910e-16   56
  9.876436e-01   3.314401e-15   2.104496e-04   3.513901e-16   102
  9.889860e-01   3.200901e-15   1.498555e-08   3.577433e-16   72
  9.897653e-01   4.335678e-15   0.000000e+00   1.100191e-15   24
  9.911277e-01   3.722651e-15   1.944913e-04   4.230961e-16   48
  9.936528e-01   2.574875e-15   0.000000e+00   4.955749e-16   24
  9.967520e-01   2.489509e-15   0.000000e+00   1.184661e-15   6
  9.977185e-01   1.894925e-15   0.000000e+00   3.621633e-16   24
  9.983623e-01   3.622413e-15   1.820511e-04   4.451530e-16   72
  9.995384e-01   3.814376e-15   3.396336e-04   3.945203e-16   84
  1.000805e+00   2.284130e-15   0.000000e+00   3.722056e-16   24
  1.001190e+00   3.487735e-15   1.589457e-08   8.228650e-16   24
  1.003114e+00   2.806158e-15   1.123916e-08   5.838044e-16   24
  1.005800e+00   4.133927e-15   0.000000e+00   8.278593e-16   6
  1.009244e+00   3.691121e-15   1.910001e-04   4.128686e-16   48
  1.010072e+00   2.808911e-15   3.598129e-04   2.959651e-16   72
  1.011152e+00   3.492526e-15   1.906396e-04   4.751004e-16   48
  1.012867e+00   2.774561e-15   0.000000e+00   3.556366e-16   24
  1.015148e+00   3.791073e-15   1.123916e-08   1.015063e-15   6
  1.020262e+00   2.105180e-15   0.000000e+00   4.956506e-16   8
  1.020640e+00   3.743503e-15   1.123916e-08   4.540139e-16   48
  1.021546e+00   3.917245e-15   1.848806e-04   3.767455e-16   60
  1.022904e+00   3.826864e-15   0.000000e+00   9.436875e-16   24
  1.024787e+00   5.753277e-15   0.000000e+00   1.127999e-15   6
  1.031723e+00   2.925490e-15   0.000000e+00   5.789641e-16   24
  1.032283e+00   2.514954e-15   1.867372e-04   4.726997e-16   48
  1.033217e+00   2.976645e-15   0.000000e+00   5.063743e-16   24
  1.034708e+00   8.263944e-16   1.123916e-08   4.128610e-16   6
  1.043181e+00   2.532971e-15   1.742080e-04   3.532155e-16   36
  1.043797e+00   3.447157e-15   0.000000e+00   6.214908e-16   24
  1.044904e+00   2.861292e-15   0.000000e+00   6.053320e-16   6
  1.054545e+00   2.173964e-15   1.583190e-04   4.005669e-16   32
  1.055367e+00   1.047918e-15   1.123916e-08   3.847620e-16   6
  1.065728e+00   3.235454e-15   0.000000e+00   1.611392e-15   12
  1.066089e+00   8.226007e-15   0.000000e+00   1.752490e-15   6
  1.077063e+00   3.876303e-15   1.589457e-08   7.997503e-16   6
