# power spectrum of hij
# redshift z=30.000000
# k              Pk             sigma(k)       sigma(Pk)      count
  1.963495e-02   5.229907e-19   0.000000e+00   1.948443e-19   6
  2.776802e-02   3.359969e-19   0.000000e+00   3.096941e-20   12
  3.400874e-02   1.449783e-19   3.725290e-10   1.786094e-20   8
  3.926991e-02   1.275268e-19   0.000000e+00   1.677859e-20   6
  4.390509e-02   1.025099e-19   0.000000e+00   1.014370e-20   24
  4.809562e-02   4.239410e-20   7.024475e-10   6.777950e-21   24
  5.553604e-02   4.580212e-20   0.000000e+00   5.948649e-21   12
  5.890486e-02   2.124656e-20   7.947286e-10   1.810425e-21   30
  6.209118e-02   1.842345e-20   0.000000e+00   2.321203e-21   24
  6.512178e-02   2.137468e-20   1.216675e-09   2.774764e-21   24
  6.801748e-02   1.232334e-20   7.450581e-10   3.785862e-21   8
  7.079483e-02   1.260267e-20   9.934107e-10   1.487937e-21   24
  7.346727e-02   1.082071e-20   0.000000e+00   1.030814e-21   48
  7.853982e-02   9.599688e-21   0.000000e+00   1.737090e-21   6
  8.095699e-02   7.452303e-21   1.404895e-09   6.868802e-22   48
  8.330406e-02   7.745471e-21   0.000000e+00   8.893469e-22   36
  8.558678e-02   5.802436e-21   9.934107e-10   9.386828e-22   24
  8.781018e-02   5.900823e-21   0.000000e+00   8.196853e-22   24
  8.997866e-02   3.948178e-21   0.000000e+00   4.180065e-22   48
  9.209610e-02   4.673494e-21   1.404895e-09   7.234775e-22   24
  9.619124e-02   3.359005e-21   1.404895e-09   4.060769e-22   24
  9.817477e-02   4.324628e-21   0.000000e+00   6.306470e-22   30
  1.001190e-01   2.403710e-21   0.000000e+00   2.076089e-22   72
  1.020262e-01   2.620491e-21   1.490116e-09   2.755571e-22   32
  1.057375e-01   2.664076e-21   0.000000e+00   2.255090e-22   72
  1.075451e-01   2.250260e-21   0.000000e+00   2.179989e-22   48
  1.110721e-01   1.491518e-21   0.000000e+00   3.100617e-22   12
  1.127942e-01   1.576218e-21   0.000000e+00   1.202419e-22   48
  1.144905e-01   1.684876e-21   0.000000e+00   1.043605e-22   48
  1.161620e-01   1.471992e-21   1.404895e-09   1.226138e-22   48
  1.178097e-01   1.194441e-21   1.589457e-09   1.932595e-22   30
  1.194348e-01   1.393482e-21   1.404895e-09   1.622454e-22   24
  1.210380e-01   1.184631e-21   2.961779e-09   8.847618e-23   72
  1.241824e-01   7.911554e-22   0.000000e+00   8.498522e-23   24
  1.257251e-01   9.057141e-22   0.000000e+00   6.073646e-23   96
  1.272490e-01   1.006237e-21   0.000000e+00   7.480786e-23   48
  1.287550e-01   6.795109e-22   2.433349e-09   6.656990e-23   24
  1.302436e-01   8.196539e-22   2.433349e-09   8.212517e-23   24
  1.317153e-01   7.637005e-22   0.000000e+00   5.009742e-23   72
  1.331707e-01   9.315003e-22   0.000000e+00   6.147423e-23   48
  1.360350e-01   6.317000e-22   1.490116e-09   8.598634e-23   8
  1.374447e-01   5.953481e-22   1.766064e-09   6.575370e-23   54
  1.388401e-01   5.621883e-22   0.000000e+00   4.350312e-23   84
  1.402216e-01   5.270388e-22   0.000000e+00   7.078515e-23   48
  1.415897e-01   5.988140e-22   1.986821e-09   5.464909e-23   24
  1.429446e-01   4.538619e-22   1.873193e-09   4.680218e-23   72
  1.442869e-01   4.413286e-22   0.000000e+00   4.133141e-23   96
  1.469345e-01   4.312119e-22   0.000000e+00   2.816921e-23   48
  1.482407e-01   4.913844e-22   0.000000e+00   4.180789e-23   48
  1.495354e-01   3.127965e-22   1.986821e-09   5.697766e-23   24
  1.508189e-01   4.215886e-22   0.000000e+00   2.904924e-23   72
  1.533539e-01   3.412123e-22   1.873193e-09   3.638212e-23   72
  1.546058e-01   2.948478e-22   0.000000e+00   1.891761e-23   96
  1.570796e-01   2.684802e-22   0.000000e+00   4.794353e-23   6
  1.583021e-01   2.988425e-22   0.000000e+00   2.183720e-23   96
  1.595151e-01   3.184689e-22   1.986821e-09   2.001701e-23   96
  1.607190e-01   3.635885e-22   0.000000e+00   2.941615e-23   24
  1.619140e-01   2.820692e-22   2.809790e-09   2.378255e-23   48
  1.631002e-01   2.183921e-22   0.000000e+00   1.680797e-23   96
  1.642778e-01   2.323288e-22   0.000000e+00   1.955566e-23   48
  1.666081e-01   2.517756e-22   0.000000e+00   2.667938e-23   36
  1.677611e-01   2.374715e-22   3.441276e-09   2.063813e-23   48
  1.689063e-01   2.034531e-22   3.893359e-09   1.307697e-23   120
  1.700437e-01   2.066067e-22   0.000000e+00   2.441421e-23   56
  1.711736e-01   2.109737e-22   1.986821e-09   3.163843e-23   24
  1.722960e-01   1.956472e-22   0.000000e+00   1.768267e-23   96
  1.734112e-01   1.851106e-22   0.000000e+00   2.279309e-23   48
  1.756204e-01   2.200411e-22   0.000000e+00   3.100418e-23   24
  1.767146e-01   1.596102e-22   0.000000e+00   1.118712e-23   102
  1.778021e-01   1.853894e-22   0.000000e+00   1.981440e-23   48
  1.788829e-01   1.691104e-22   0.000000e+00   1.255527e-23   72
  1.799573e-01   1.407290e-22   0.000000e+00   1.798506e-23   48
  1.810253e-01   1.743756e-22   0.000000e+00   1.640515e-23   48
  1.820871e-01   1.701141e-22   4.495664e-09   1.144214e-23   120
  1.841922e-01   1.193011e-22   2.809790e-09   1.678779e-23   24
  1.852358e-01   1.312099e-22   2.649095e-09   8.406535e-24   144
  1.862735e-01   1.269007e-22   3.178914e-09   7.801284e-24   120
  1.873055e-01   1.383142e-22   2.809790e-09   1.236313e-23   48
  1.893526e-01   1.253597e-22   2.809790e-09   1.096852e-23   48
  1.903679e-01   1.054030e-22   2.809790e-09   6.583511e-24   96
  1.930487e-01   9.397062e-23   4.711199e-04   6.533450e-24   72
  1.943761e-01   9.398588e-23   3.532127e-09   5.381663e-24   108
  1.953653e-01   9.410840e-23   0.000000e+00   7.256837e-24   72
  1.963495e-01   8.385092e-23   0.000000e+00   5.289728e-24   30
  1.973288e-01   9.707042e-23   0.000000e+00   4.477754e-24   168
  1.983033e-01   7.151352e-23   0.000000e+00   7.942659e-24   48
  2.002380e-01   8.492657e-23   0.000000e+00   6.997258e-24   72
  2.011984e-01   7.841911e-23   0.000000e+00   4.964502e-24   96
  2.021542e-01   8.894300e-23   5.298191e-09   5.749164e-24   72
  2.031055e-01   7.697644e-23   0.000000e+00   3.953737e-24   72
  2.047049e-01   7.000736e-23   4.350048e-04   4.772259e-24   104
  2.059331e-01   7.080662e-23   3.746387e-09   5.503171e-24   144
  2.087224e-01   6.636040e-23   6.282881e-09   3.431043e-24   96
  2.096439e-01   6.518490e-23   0.000000e+00   5.337716e-24   96
  2.111095e-01   7.197109e-23   4.475232e-04   4.144705e-24   120
  2.123845e-01   6.361689e-23   0.000000e+00   3.831760e-24   120
  2.132902e-01   7.381845e-23   0.000000e+00   6.357951e-24   72
  2.150901e-01   6.593566e-23   0.000000e+00   6.318908e-24   48
  2.159845e-01   6.869068e-23   4.235416e-09   4.977969e-24   78
  2.171286e-01   5.746458e-23   4.007142e-04   2.730272e-24   168
  2.195255e-01   5.686961e-23   3.746387e-09   3.500375e-24   144
  2.204018e-01   4.756029e-23   3.746387e-09   2.706386e-24   144
  2.229436e-01   4.720728e-23   2.307791e-04   3.132896e-24   156
  2.238729e-01   5.163111e-23   4.866699e-09   6.171606e-24   48
  2.247323e-01   4.696368e-23   3.178914e-09   2.573796e-24   120
  2.255884e-01   4.341008e-23   0.000000e+00   4.139600e-24   48
  2.271022e-01   4.129944e-23   3.532495e-04   2.240535e-24   216
  2.289809e-01   4.056021e-23   0.000000e+00   2.962175e-24   48
  2.298212e-01   4.198116e-23   2.809790e-09   2.976483e-24   96
  2.310160e-01   3.779890e-23   4.128272e-04   1.912703e-24   168
  2.323239e-01   2.722533e-23   2.809790e-09   2.586384e-24   48
  2.331522e-01   3.968588e-23   0.000000e+00   2.160794e-24   96
  2.339775e-01   4.375188e-23   0.000000e+00   3.900577e-24   48
  2.356194e-01   5.135012e-23   3.178914e-09   5.102446e-24   30
  2.364362e-01   3.285618e-23   2.809790e-09   2.208568e-24   96
  2.374123e-01   3.279901e-23   3.244455e-04   1.514302e-24   240
  2.386674e-01   3.791138e-23   3.500299e-04   5.230797e-24   32
  2.396752e-01   3.272117e-23   0.000000e+00   1.651481e-24   168
  2.404781e-01   2.734704e-23   0.000000e+00   1.597375e-24   120
  2.420760e-01   2.748659e-23   5.923557e-09   2.806945e-24   72
  2.428710e-01   2.596051e-23   3.746387e-09   1.453181e-24   144
  2.436634e-01   2.884928e-23   0.000000e+00   2.143254e-24   96
  2.444532e-01   2.650548e-23   0.000000e+00   1.789099e-24   96
  2.460253e-01   3.073128e-23   4.588368e-09   2.692774e-24   72
  2.468075e-01   2.475641e-23   3.973643e-09   2.041314e-24   96
  2.483647e-01   1.977263e-23   0.000000e+00   2.625157e-24   24
  2.491396e-01   2.000807e-23   0.000000e+00   9.591153e-25   192
  2.500522e-01   2.315205e-23   2.970416e-04   1.408330e-24   132
  2.514501e-01   1.978670e-23   0.000000e+00   1.259424e-24   96
  2.522156e-01   2.338822e-23   0.000000e+00   1.504138e-24   96
  2.529787e-01   2.047752e-23   3.178914e-09   1.513045e-24   120
  2.544981e-01   1.804835e-23   0.000000e+00   1.488521e-24   48
  2.557435e-01   2.264680e-23   3.599905e-04   1.062657e-24   222
  2.567603e-01   2.099356e-23   0.000000e+00   1.424029e-24   120
  2.575100e-01   2.297478e-23   4.866699e-09   3.193074e-24   24
  2.586015e-01   2.044621e-23   3.715625e-04   8.435819e-25   312
  2.609797e-01   1.475426e-23   3.483547e-04   9.863533e-25   72
  2.619630e-01   2.139639e-23   2.809790e-09   1.681855e-24   96
  2.629726e-01   1.749531e-23   3.547511e-04   9.110159e-25   192
  2.641613e-01   1.897822e-23   4.495664e-09   1.074107e-24   120
  2.648900e-01   1.602228e-23   0.000000e+00   9.518198e-25   144
  2.663415e-01   1.577879e-23   0.000000e+00   9.645327e-25   48
  2.673732e-01   1.591378e-23   3.567146e-04   6.086141e-25   336
  2.685040e-01   1.421589e-23   0.000000e+00   1.130773e-24   48
  2.699360e-01   1.560247e-23   0.000000e+00   7.478311e-25   192
  2.706492e-01   1.828195e-23   0.000000e+00   1.571503e-24   48
  2.726764e-01   1.635133e-23   2.476067e-04   1.133971e-24   56
  2.736844e-01   1.399145e-23   3.180112e-04   5.570539e-25   336
  2.748894e-01   1.658731e-23   3.532127e-09   1.123333e-24   54
  2.759390e-01   1.437796e-23   3.492904e-04   7.115781e-25   240
  2.781181e-01   1.290723e-23   3.344484e-04   5.846853e-25   228
  2.790651e-01   1.410805e-23   3.746387e-09   1.344153e-24   72
  2.799844e-01   1.112132e-23   3.244231e-04   7.575042e-25   144
  2.811298e-01   1.433147e-23   0.000000e+00   9.175425e-25   96
  2.818146e-01   1.210780e-23   4.495664e-09   4.852287e-25   240
  2.831793e-01   1.187124e-23   3.973643e-09   2.019438e-24   24
  2.840530e-01   1.100059e-23   3.064151e-04   4.949123e-25   336
  2.852142e-01   1.119963e-23   0.000000e+00   1.134360e-24   72
  2.862741e-01   1.126836e-23   3.332831e-04   7.258533e-25   168
  2.872346e-01   1.430456e-23   0.000000e+00   9.492308e-25   72
  2.885737e-01   1.130328e-23   0.000000e+00   7.584761e-25   96
  2.896108e-01   9.527540e-24   3.307829e-04   4.477110e-25   216
  2.905708e-01   1.010603e-23   3.973643e-09   6.431283e-25   96
  2.918946e-01   8.813837e-24   0.000000e+00   4.537946e-25   192
  2.925542e-01   1.178871e-23   3.746387e-09   5.847121e-25   144
  2.938691e-01   7.531242e-24   0.000000e+00   6.924992e-25   48
  2.947794e-01   9.506644e-24   3.189136e-04   4.363992e-25   246
  2.960164e-01   1.006120e-23   2.940434e-04   5.037631e-25   168
  2.971308e-01   1.019192e-23   5.506041e-09   5.985479e-25   120
  2.977788e-01   8.898452e-24   0.000000e+00   4.645610e-25   240
  2.990707e-01   8.529832e-24   3.973643e-09   1.121200e-24   24
  3.001001e-01   8.279853e-24   3.147475e-04   2.834692e-25   360
  3.013820e-01   8.804403e-24   3.134082e-04   5.726158e-25   120
  3.022763e-01   7.143744e-24   0.000000e+00   3.835359e-25   144
  3.029133e-01   6.832877e-24   0.000000e+00   4.325998e-25   96
  3.048165e-01   7.074396e-24   0.000000e+00   4.669109e-25   144
  3.054482e-01   7.797931e-24   0.000000e+00   4.819128e-25   132
  3.063360e-01   8.650644e-24   3.093292e-04   4.710461e-25   176
  3.076248e-01   6.893071e-24   3.123602e-04   2.584394e-25   312
  3.092116e-01   6.184179e-24   0.000000e+00   4.711602e-25   96
  3.098343e-01   6.486207e-24   0.000000e+00   3.591490e-25   144
  3.107899e-01   6.595269e-24   3.092271e-04   3.046963e-25   312
  3.123131e-01   6.417376e-24   0.000000e+00   6.127558e-25   48
  3.129297e-01   6.484041e-24   3.973643e-09   3.305421e-25   192
  3.141593e-01   5.018608e-24   0.000000e+00   3.219939e-25   6
  3.149762e-01   6.328804e-24   2.884066e-04   2.644346e-25   288
  3.162994e-01   6.409299e-24   3.047203e-04   3.652469e-25   192
  3.172124e-01   6.537810e-24   9.345130e-09   3.195687e-25   216
  3.178195e-01   6.801455e-24   0.000000e+00   7.417763e-25   72
  3.193321e-01   7.624817e-24   3.018264e-04   3.732080e-25   192
  3.203366e-01   5.591772e-24   2.241224e-04   2.315740e-25   288
  3.214381e-01   6.927749e-24   0.000000e+00   9.307338e-25   24
  3.222890e-01   5.505190e-24   2.952626e-04   1.700067e-25   456
  3.238280e-01   6.556266e-24   5.619580e-09   6.456318e-25   48
  3.247789e-01   4.643460e-24   2.908218e-04   2.015829e-25   240
  3.258718e-01   5.147631e-24   2.939082e-04   2.362634e-25   216
  3.267908e-01   4.470650e-24   0.000000e+00   3.176198e-25   72
  3.273801e-01   4.563472e-24   1.015467e-08   2.510319e-25   168
  3.290441e-01   4.630257e-24   2.184577e-04   1.793909e-25   288
  3.299773e-01   4.841345e-24   2.890570e-04   2.890803e-25   168
  3.314762e-01   4.370706e-24   0.000000e+00   2.340580e-25   192
  3.320572e-01   4.300023e-24   3.746387e-09   2.204758e-25   144
  3.332162e-01   6.356980e-24   0.000000e+00   8.201699e-25   36
  3.341991e-01   4.394266e-24   2.639705e-04   1.582941e-25   342
  3.351389e-01   4.386013e-24   2.710657e-04   2.722842e-25   144
  3.363470e-01   4.269370e-24   2.842800e-04   1.575202e-25   384
  3.378125e-01   4.689803e-24   7.786718e-09   2.707660e-25   120
  3.385379e-01   3.965513e-24   2.534951e-04   1.638216e-25   264
  3.395201e-01   4.179135e-24   1.256576e-08   2.145497e-25   192
  3.404451e-01   3.533278e-24   2.731894e-04   2.025920e-25   152
  3.412191e-01   3.388864e-24   7.492773e-09   2.241118e-25   144
  3.428472e-01   3.460756e-24   1.768108e-04   1.929256e-25   216
  3.436008e-01   4.006104e-24   2.362665e-04   1.665772e-25   312
  3.449274e-01   3.467622e-24   2.738281e-04   1.739565e-25   240
  3.457090e-01   3.751687e-24   3.973643e-09   2.568070e-25   96
  3.471927e-01   3.653752e-24   2.617995e-04   1.838223e-25   144
  3.481071e-01   3.266602e-24   2.573258e-04   1.149115e-25   456
  3.495904e-01   3.399480e-24   0.000000e+00   2.211331e-25   120
  3.501414e-01   3.379968e-24   0.000000e+00   1.880593e-25   144
  3.512407e-01   3.634585e-24   0.000000e+00   8.926685e-25   24
  3.519456e-01   3.349698e-24   2.473498e-04   1.344408e-25   336
  3.531645e-01   3.281291e-24   2.727931e-04   2.075144e-25   198
  3.543067e-01   3.081739e-24   2.652756e-04   1.028380e-25   432
  3.556041e-01   3.802625e-24   0.000000e+00   2.868591e-25   48
  3.562810e-01   3.070252e-24   2.341925e-04   1.112572e-25   384
  3.574963e-01   2.825329e-24   2.696052e-04   1.482618e-25   144
  3.585975e-01   3.139819e-24   2.676825e-04   1.602918e-25   264
  3.599147e-01   3.355741e-24   0.000000e+00   3.993477e-25   48
  3.607984e-01   3.126850e-24   2.545223e-04   1.316206e-25   276
  3.616510e-01   2.731114e-24   2.307176e-04   1.445496e-25   192
  3.627906e-01   2.650530e-24   2.592759e-04   8.303138e-26   552
  3.641741e-01   2.895372e-24   8.991328e-09   1.679866e-25   120
  3.649965e-01   2.378600e-24   2.624511e-04   1.231429e-25   216
  3.657587e-01   2.657883e-24   4.495664e-09   1.700315e-25   120
  3.671201e-01   2.631513e-24   2.584500e-04   9.681151e-26   408
  3.683844e-01   1.614814e-24   5.619580e-09   3.810444e-25   24
  3.691684e-01   2.459151e-24   2.610810e-04   9.554888e-26   384
  3.702633e-01   2.492133e-24   2.550855e-04   1.152936e-25   240
  3.712141e-01   2.459928e-24   2.569535e-04   1.405084e-25   168
  3.725471e-01   1.965494e-24   6.357829e-09   1.030104e-25   120
  3.734064e-01   2.266248e-24   2.678605e-04   8.919195e-26   350
  3.748037e-01   2.085883e-24   4.409502e-04   7.191991e-26   384
  3.756388e-01   2.181834e-24   0.000000e+00   1.291714e-25   144
  3.771752e-01   2.332661e-24   1.059638e-08   9.405359e-26   288
  3.779773e-01   2.040049e-24   2.524053e-04   7.604988e-26   336
  3.790686e-01   2.164849e-24   2.297941e-04   1.138461e-25   168
  3.797219e-01   2.190446e-24   4.541306e-09   7.601712e-26   336
  3.810732e-01   2.100753e-24   2.385126e-04   8.085270e-26   288
  3.818848e-01   2.158502e-24   2.247398e-04   9.626777e-26   264
  3.832590e-01   1.711115e-24   0.000000e+00   6.477651e-26   240
  3.837616e-01   1.723669e-24   7.947286e-09   1.242032e-25   96
  3.855656e-01   1.820238e-24   3.056310e-04   7.841455e-26   360
  3.864075e-01   1.783803e-24   2.253025e-04   1.003748e-25   168
  3.874713e-01   1.910691e-24   2.456032e-04   6.618210e-26   456
  3.887523e-01   1.798997e-24   7.064254e-09   1.261758e-25   108
  3.894728e-01   1.571999e-24   2.464311e-04   7.144921e-26   264
  3.903716e-01   1.705470e-24   2.198567e-04   6.377506e-26   264
  3.916025e-01   1.862615e-24   2.074668e-04   7.950989e-26   312
  3.931351e-01   1.463973e-24   1.541705e-04   6.329478e-26   270
  3.937775e-01   1.671038e-24   1.957388e-04   8.047772e-26   240
  3.949323e-01   1.735603e-24   2.421536e-04   6.537085e-26   384
  3.956334e-01   1.799504e-24   0.000000e+00   8.746238e-26   192
  3.969952e-01   1.746011e-24   1.942960e-04   7.657879e-26   240
  3.977852e-01   1.689041e-24   2.397927e-04   6.710786e-26   336
  3.992708e-01   1.471973e-24   2.413972e-04   4.741918e-26   480
  4.004761e-01   1.949759e-24   0.000000e+00   1.516158e-25   72
  4.011493e-01   1.453648e-24   2.353842e-04   7.377070e-26   240
  4.020650e-01   1.399165e-24   2.212289e-04   6.410796e-26   312
  4.031147e-01   1.621900e-24   2.390954e-04   8.462147e-26   240
  4.047009e-01   1.425589e-24   1.816506e-04   4.502143e-26   408
  4.053288e-01   1.375845e-24   1.663482e-04   6.102137e-26   336
  4.065560e-01   1.479414e-24   2.112212e-04   6.061287e-26   264
  4.071591e-01   1.378414e-24   0.000000e+00   8.106745e-26   144
  4.088370e-01   1.266561e-24   2.927651e-04   4.732856e-26   464
  4.097211e-01   1.377135e-24   2.328083e-04   7.994777e-26   168
  4.105939e-01   1.190990e-24   2.120376e-04   4.580022e-26   336
  4.121713e-01   1.253558e-24   2.227870e-04   4.328414e-26   414
  4.130606e-01   1.178339e-24   2.319080e-04   5.522675e-26   216
  4.141998e-01   1.643016e-24   5.619580e-09   1.120416e-25   96
  4.146649e-01   1.201877e-24   1.685874e-08   4.834201e-26   384
  4.162944e-01   1.265103e-24   2.314600e-04   3.964532e-26   492
  4.171676e-01   1.192453e-24   2.263480e-04   4.883185e-26   240
  4.181546e-01   1.260703e-24   2.298225e-04   5.379924e-26   312
  4.195176e-01   8.669718e-25   2.297469e-04   5.265318e-26   192
  4.203810e-01   1.084701e-24   2.226525e-04   3.778253e-26   504
  4.215265e-01   1.116617e-24   1.473998e-04   4.492216e-26   408
  4.224284e-01   9.400818e-25   4.515774e-04   5.451327e-26   168
  4.235571e-01   1.181444e-24   2.145032e-04   4.913066e-26   288
  4.245041e-01   1.229880e-24   2.238525e-04   4.910355e-26   288
  4.254743e-01   9.471235e-25   2.251410e-04   3.381323e-26   432
  4.268815e-01   1.125342e-24   2.129084e-04   6.118780e-26   216
  4.276334e-01   1.009816e-24   2.124592e-04   3.744854e-26   360
  4.289721e-01   9.848001e-25   2.073582e-04   3.921210e-26   312
  4.301803e-01   8.755188e-25   0.000000e+00   5.659773e-26   48
  4.308767e-01   9.289472e-25   2.223178e-04   3.098067e-26   432
  4.321240e-01   9.594123e-25   3.708284e-04   3.509898e-26   414
  4.328606e-01   1.078031e-24   1.956255e-08   4.213423e-26   312
  4.342347e-01   8.783036e-25   3.253813e-04   2.778567e-26   528
  4.351620e-01   1.002306e-24   1.707976e-04   4.014459e-26   264
  4.362761e-01   1.036674e-24   2.025191e-04   3.968684e-26   480
  4.377318e-01   1.020370e-24   0.000000e+00   5.111043e-26   288
  4.383604e-01   9.713026e-25   2.176005e-04   4.645128e-26   168
  4.395105e-01   9.182485e-25   3.444610e-04   3.477254e-26   504
  4.408036e-01   1.074617e-24   7.492773e-09   7.614095e-26   144
  4.416171e-01   8.265713e-25   2.212265e-04   2.969530e-26   464
  4.428396e-01   8.558232e-25   3.246624e-04   3.335617e-26   432
  4.434197e-01   8.857042e-25   5.619580e-09   4.961217e-26   192
  4.449189e-01   7.681877e-25   2.406833e-04   3.103302e-26   396
  4.458042e-01   7.671909e-25   2.162000e-04   3.585896e-26   288
  4.466990e-01   8.026011e-25   2.135686e-04   3.082882e-26   336
  4.481283e-01   8.138051e-25   1.352359e-04   3.079473e-26   432
  4.490354e-01   7.941372e-25   3.505126e-04   3.260688e-26   360
  4.500539e-01   8.932655e-25   2.073334e-04   3.718245e-26   384
  4.515004e-01   6.731010e-25   1.830116e-04   4.551164e-26   198
  4.521974e-01   7.885113e-25   2.080246e-04   2.414527e-26   552
  4.534970e-01   7.408667e-25   2.912202e-04   2.963366e-26   432
  4.545821e-01   8.004031e-25   0.000000e+00   5.308357e-26   168
  4.554927e-01   7.486530e-25   3.610065e-04   2.866064e-26   480
  4.566974e-01   8.364237e-25   0.000000e+00   6.247990e-26   120
  4.572396e-01   7.196298e-25   2.948545e-04   3.197575e-26   336
  4.585628e-01   7.150616e-25   2.080152e-04   2.377853e-26   672
  4.598711e-01   7.436814e-25   3.025866e-04   2.424527e-26   528
  4.604805e-01   6.001881e-25   9.082613e-09   3.592257e-26   168
  4.618883e-01   7.232967e-25   3.375333e-04   2.964144e-26   456
  4.627474e-01   6.976077e-25   2.061344e-04   3.905826e-26   168
  4.636392e-01   7.293960e-25   2.057643e-04   2.516460e-26   504
  4.651216e-01   5.910124e-25   2.647872e-04   2.664315e-26   336
  4.660180e-01   6.968526e-25   1.908802e-04   3.269344e-26   312
  4.670124e-01   6.281083e-25   1.865029e-04   2.643649e-26   504
  4.683210e-01   5.992542e-25   1.294009e-04   2.477648e-26   432
  4.689362e-01   6.448551e-25   1.999672e-04   2.365767e-26   312
  4.702151e-01   5.666406e-25   2.049761e-04   2.406147e-26   384
  4.715504e-01   5.180273e-25   1.741510e-04   3.729222e-26   126
  4.723748e-01   5.725503e-25   3.057676e-04   2.148992e-26   492
  4.734278e-01   5.688400e-25   1.958445e-04   2.100624e-26   528
  4.747438e-01   5.542922e-25   1.989360e-04   2.078251e-26   480
  4.755596e-01   6.252414e-25   2.748289e-04   2.275613e-26   432
  4.767402e-01   5.791421e-25   2.161166e-04   2.217218e-26   440
  4.781114e-01   5.996315e-25   1.074739e-04   2.777168e-26   312
  4.786259e-01   5.918863e-25   1.610586e-04   2.274610e-26   480
  4.796813e-01   5.572188e-25   3.153497e-04   1.966869e-26   408
  4.812233e-01   6.685602e-25   1.888588e-04   2.993388e-26   360
  4.818747e-01   5.507002e-25   1.822418e-04   2.429249e-26   408
  4.830820e-01   4.664024e-25   1.854542e-04   1.778311e-26   456
  4.844414e-01   5.938878e-25   1.772485e-04   3.359625e-26   264
  4.851959e-01   5.538464e-25   1.923591e-04   2.250414e-26   384
  4.862943e-01   5.269178e-25   3.238501e-04   1.717297e-26   672
  4.875640e-01   5.232426e-25   1.937042e-04   2.983942e-26   240
  4.882967e-01   5.055064e-25   1.965613e-04   2.361987e-26   264
  4.893308e-01   4.382044e-25   2.424259e-04   1.468618e-26   624
  4.908739e-01   3.780206e-25   0.000000e+00   2.383651e-26   150
  4.914232e-01   5.025265e-25   2.716574e-04   1.786043e-26   600
  4.925819e-01   4.863105e-25   1.874909e-04   1.614801e-26   672
  4.938939e-01   4.557920e-25   1.763484e-04   1.984072e-26   336
  4.946248e-01   5.023902e-25   1.918157e-04   2.056842e-26   408
  4.957926e-01   4.565786e-25   1.913639e-04   1.881196e-26   408
  4.970915e-01   5.247568e-25   9.676385e-05   2.534190e-26   360
  4.978921e-01   4.685313e-25   3.552857e-04   1.845287e-26   456
  4.988592e-01   4.539315e-25   1.932065e-04   2.181370e-26   384
  5.000902e-01   4.044690e-25   1.783541e-04   2.134451e-26   348
  5.007554e-01   4.410649e-25   2.198754e-04   1.676495e-26   576
  5.020050e-01   4.716488e-25   1.810385e-04   1.857126e-26   504
  5.032833e-01   4.333961e-25   2.553443e-04   1.913607e-26   432
  5.043991e-01   4.877513e-25   3.473946e-04   1.819883e-26   576
  5.051948e-01   3.645515e-25   0.000000e+00   2.041281e-26   264
  5.064571e-01   4.109085e-25   2.764393e-04   1.392813e-26   768
  5.075549e-01   3.255453e-25   3.721752e-04   1.607751e-26   240
  5.084277e-01   4.516876e-25   3.282233e-04   3.372597e-26   192
  5.096990e-01   4.188386e-25   2.416124e-04   1.621068e-26   504
  5.106418e-01   4.818214e-25   3.255818e-04   1.702659e-26   590
  5.115460e-01   3.820467e-25   3.647966e-04   1.635187e-26   384
  5.126798e-01   3.767503e-25   3.048625e-04   1.624292e-26   504
  5.140486e-01   3.723766e-25   2.933830e-04   1.400501e-26   648
  5.153764e-01   3.537795e-25   7.967896e-05   1.325611e-26   504
  5.159117e-01   4.115194e-25   1.817627e-04   2.647203e-26   312
  5.168569e-01   3.985002e-25   2.618753e-04   1.403937e-26   576
  5.181545e-01   3.658910e-25   1.822405e-04   2.300375e-26   240
  5.189109e-01   3.927907e-25   1.841453e-04   1.446729e-26   552
  5.199816e-01   3.881637e-25   1.729082e-04   1.521353e-26   600
  5.215067e-01   3.463073e-25   2.111937e-04   1.288463e-26   600
  5.224237e-01   3.666154e-25   3.382099e-04   1.542735e-26   312
  5.233368e-01   3.998277e-25   2.945474e-04   1.687876e-26   480
  5.244775e-01   3.141417e-25   1.837693e-04   1.292052e-26   576
  5.254818e-01   3.740693e-25   2.959085e-04   1.511144e-26   408
  5.263729e-01   2.269787e-25   3.451909e-04   1.142856e-26   216
  5.275243e-01   4.115905e-25   2.643774e-04   1.528879e-26   516
  5.287578e-01   3.735534e-25   2.522429e-04   1.338629e-26   744
  5.300304e-01   3.870918e-25   1.684760e-04   1.627235e-26   462
  5.307494e-01   2.676244e-25   1.712315e-04   1.140152e-26   432
  5.318647e-01   2.797180e-25   1.588547e-04   8.812619e-27   648
  5.331761e-01   2.928092e-25   2.324340e-04   1.272140e-26   528
  5.342295e-01   3.485294e-25   2.799086e-04   1.379569e-26   600
  5.352820e-01   4.283361e-25   3.528915e-04   1.986316e-26   240
  5.363014e-01   3.087194e-25   2.703115e-04   1.131662e-26   720
  5.374863e-01   3.508416e-25   2.138653e-04   1.157365e-26   720
  5.387997e-01   1.995754e-25   0.000000e+00   1.190746e-26   144
  5.394909e-01   3.451051e-25   2.757364e-04   1.122471e-26   720
  5.404742e-01   3.209076e-25   1.653370e-04   1.675844e-26   384
  5.417051e-01   2.987485e-25   1.832848e-04   1.023540e-26   672
  5.428730e-01   2.892578e-25   3.209115e-04   1.403927e-26   336
  5.434308e-01   3.053948e-25   0.000000e+00   1.834115e-26   288
  5.447967e-01   2.851889e-25   2.539800e-04   9.803959e-27   776
  5.460612e-01   2.686747e-25   2.173184e-04   1.174760e-26   720
  5.471231e-01   2.753149e-25   1.750659e-04   1.238206e-26   432
  5.479725e-01   2.906956e-25   2.495786e-04   1.118497e-26   504
  5.489174e-01   2.925085e-25   1.748652e-04   1.181954e-26   528
  5.502396e-01   2.512060e-25   2.382437e-04   1.165079e-26   438
  5.513273e-01   2.807322e-25   2.772938e-04   1.044860e-26   624
  5.521470e-01   3.053121e-25   3.396475e-04   1.930799e-26   312
  5.532738e-01   3.310336e-25   1.829935e-04   1.144942e-26   696
  5.544390e-01   2.693298e-25   1.655760e-04   1.067961e-26   552
  5.556509e-01   2.794498e-25   1.281006e-04   1.198138e-26   516
  5.564006e-01   2.967441e-25   2.558713e-04   1.170613e-26   528
  5.573133e-01   2.168645e-25   1.664001e-04   9.665826e-27   528
  5.586097e-01   2.557842e-25   2.194479e-04   8.884531e-27   864
  5.594897e-01   2.907726e-25   3.005985e-04   1.687920e-26   408
  5.603706e-01   3.373209e-25   2.978186e-04   2.255011e-26   192
  5.616191e-01   2.425741e-25   2.464592e-04   8.600967e-27   720
  5.626731e-01   2.470145e-25   2.272475e-04   8.392572e-27   696
  5.639255e-01   2.438125e-25   2.454294e-04   8.888021e-27   720
  5.650713e-01   2.910085e-25   3.326501e-04   1.310500e-26   432
  5.657395e-01   2.065858e-25   1.958109e-04   1.056826e-26   264
  5.669418e-01   2.561283e-25   2.704061e-04   1.162682e-26   672
  5.680171e-01   2.339267e-25   2.768544e-04   8.867898e-27   600
  5.692933e-01   1.627448e-25   1.620980e-04   9.163938e-27   270
  5.699366e-01   2.057632e-25   2.440026e-04   1.022681e-26   528
  5.709591e-01   2.470143e-25   1.670843e-04   8.553444e-27   840
  5.723613e-01   2.345962e-25   3.194952e-04   8.292561e-27   888
  5.736568e-01   2.164232e-25   2.380474e-04   8.411836e-27   744
  5.747517e-01   2.444987e-25   1.223216e-04   1.017567e-26   456
  5.752963e-01   3.314830e-25   1.671601e-04   1.488043e-26   360
  5.762282e-01   1.889260e-25   1.448348e-04   9.613711e-27   384
  5.776580e-01   2.429801e-25   2.323137e-04   9.910277e-27   816
  5.787308e-01   2.147082e-25   3.370546e-04   8.676180e-27   824
  5.800348e-01   2.165739e-25   1.566791e-04   1.127619e-26   360
  5.807331e-01   2.433742e-25   2.311994e-04   1.147194e-26   624
  5.816941e-01   2.699162e-25   1.562320e-04   1.405516e-26   360
  5.829744e-01   1.970216e-25   2.125215e-04   8.724480e-27   876
  5.841306e-01   1.847740e-25   2.524119e-04   7.598599e-27   696
  5.852967e-01   1.727839e-25   1.629911e-04   8.588979e-27   336
  5.859080e-01   2.191566e-25   1.628079e-04   1.173332e-26   504
  5.869176e-01   1.705134e-25   1.642187e-04   7.500054e-27   672
  5.884155e-01   1.888203e-25   3.269213e-04   6.352247e-27   720
  5.894543e-01   1.871822e-25   2.469541e-04   7.624789e-27   774
  5.906010e-01   1.862136e-25   1.413501e-04   1.189815e-26   384
  5.912015e-01   1.999823e-25   2.720183e-04   9.762094e-27   528
  5.921335e-01   1.862369e-25   2.592486e-04   6.967802e-27   744
  5.936327e-01   2.028900e-25   2.138251e-04   7.587356e-27   768
  5.946281e-01   1.532830e-25   2.400348e-04   7.477538e-27   552
  5.958700e-01   1.743557e-25   2.616108e-04   7.406769e-27   696
  5.967938e-01   2.058346e-25   3.179026e-04   1.122354e-26   408
  5.975272e-01   1.942586e-25   1.373364e-04   9.334980e-27   504
  5.986899e-01   1.935147e-25   2.467198e-04   6.105378e-27   888
  5.998339e-01   1.605494e-25   2.564132e-04   6.624690e-27   648
  6.010230e-01   1.814304e-25   2.542153e-04   7.548941e-27   648
  6.021418e-01   1.792740e-25   2.741064e-04   7.581315e-27   792
  6.033268e-01   1.599283e-25   4.010364e-04   8.329393e-27   600
  6.042000e-01   1.360326e-25   2.717856e-04   6.360120e-27   456
  6.051191e-01   1.640625e-25   1.324567e-04   7.663484e-27   648
  6.062996e-01   1.591628e-25   2.583099e-04   5.501654e-27   936
  6.075741e-01   2.027491e-25   1.586356e-04   1.065569e-26   384
  6.086836e-01   1.441939e-25   1.334798e-08   1.082967e-26   198
  6.095398e-01   1.429765e-25   4.024720e-04   4.334011e-27   1224
  6.104634e-01   1.706802e-25   2.931235e-04   8.558748e-27   420
  6.115558e-01   1.380040e-25   2.836822e-04   4.857444e-27   792
  6.126238e-01   1.546169e-25   2.345810e-04   6.614829e-27   680
  6.138428e-01   1.350320e-25   2.154033e-04   6.040502e-27   600
  6.148235e-01   1.499608e-25   3.123938e-04   5.575142e-27   840
  6.161330e-01   1.327797e-25   1.474979e-04   6.846561e-27   432
  6.166334e-01   1.485923e-25   1.382249e-04   6.462648e-27   720
  6.177213e-01   1.437486e-25   2.768404e-04   4.826153e-27   960
  6.190745e-01   1.335748e-25   2.467829e-04   6.691690e-27   528
  6.200634e-01   1.281898e-25   2.522592e-04   6.170240e-27   624
  6.212404e-01   1.548437e-25   1.982740e-04   6.062979e-27   816
  6.224086e-01   1.277735e-25   3.260658e-04   4.995390e-27   696
  6.236996e-01   1.179125e-25   2.202416e-08   8.420789e-27   240
  6.241851e-01   1.293918e-25   1.922888e-04   6.121906e-27   672
  6.252686e-01   1.301017e-25   3.436476e-04   5.107297e-27   864
  6.264840e-01   1.007544e-25   2.636938e-04   4.225802e-27   816
  6.275795e-01   1.084272e-25   1.509292e-04   4.592495e-27   648
  6.287594e-01   1.363894e-25   1.542771e-04   4.940068e-27   843
  6.297611e-01   1.103150e-25   2.775825e-04   4.399567e-27   780
  6.309548e-01   9.522266e-26   1.489456e-04   8.690385e-27   216
  6.316911e-01   1.192254e-25   3.591661e-04   4.269449e-27   1056
  6.328235e-01   9.982036e-26   2.938382e-04   5.888381e-27   228
  6.338720e-01   1.160049e-25   3.658358e-04   4.174889e-27   924
  6.349484e-01   1.121257e-25   1.357046e-04   3.907488e-27   696
  6.360882e-01   1.035829e-25   2.415153e-04   4.408769e-27   996
  6.372543e-01   8.389563e-26   1.425858e-04   4.053591e-27   576
  6.384675e-01   9.118994e-26   2.200718e-04   4.838374e-27   552
  6.393519e-01   1.194768e-25   2.627580e-04   5.865187e-27   516
  6.402494e-01   1.067003e-25   3.821047e-04   4.618005e-27   744
  6.412749e-01   7.398317e-26   1.874451e-04   3.416569e-27   576
  6.421669e-01   9.122513e-26   1.929285e-04   4.249788e-27   792
  6.434346e-01   9.224752e-26   2.205530e-04   4.090353e-27   792
  6.443636e-01   9.596492e-26   2.378641e-04   4.237323e-27   720
  6.456200e-01   8.891356e-26   2.711104e-04   3.587482e-27   656
  6.467974e-01   8.340655e-26   2.960385e-04   3.295450e-27   816
  6.480043e-01   8.244497e-26   1.596190e-04   4.981649e-27   492
  6.486903e-01   8.951832e-26   2.296231e-04   4.456655e-27   552
  6.499778e-01   7.214524e-26   3.992867e-04   4.218485e-27   780
  6.508139e-01   9.258354e-26   2.452771e-04   4.491909e-27   528
  6.517148e-01   6.702263e-26   2.863130e-04   2.874277e-27   600
  6.530425e-01   9.005927e-26   2.379487e-04   3.598203e-27   900
  6.539577e-01   7.719974e-26   1.317325e-04   3.572183e-27   696
  6.552168e-01   7.164272e-26   3.330907e-04   3.046208e-27   696
  6.564349e-01   6.507172e-26   1.351317e-04   2.937724e-27   552
  6.574592e-01   7.220893e-26   1.571457e-04   3.582549e-27   708
  6.585322e-01   6.626468e-26   2.594565e-04   2.849869e-27   876
  6.596487e-01   7.492371e-26   1.377663e-04   6.158920e-27   216
  6.603980e-01   7.829571e-26   3.768094e-04   2.805445e-27   1032
  6.615201e-01   5.960592e-26   4.195357e-04   2.933648e-27   600
  6.626848e-01   5.334232e-26   2.001869e-04   2.816014e-27   600
  6.635732e-01   6.036752e-26   3.535112e-04   2.481644e-27   528
  6.646233e-01   6.451828e-26   1.940622e-04   2.767529e-27   732
  6.657296e-01   6.364846e-26   1.432973e-04   3.965211e-27   336
  6.670031e-01   6.241813e-26   2.042271e-04   2.834095e-27   912
  6.679548e-01   5.203933e-26   2.049821e-04   2.453792e-27   624
  6.689946e-01   5.990715e-26   1.727341e-04   2.327589e-27   768
  6.702082e-01   5.871208e-26   3.116463e-04   2.148801e-27   792
  6.713995e-01   5.435016e-26   1.545014e-04   2.387650e-27   660
  6.722471e-01   5.561774e-26   2.276826e-04   3.066818e-27   504
  6.731238e-01   4.600112e-26   3.719898e-04   2.175483e-27   480
  6.744376e-01   4.081635e-26   3.440421e-04   1.413607e-27   912
  6.754664e-01   5.043776e-26   3.831443e-04   2.793963e-27   432
  6.764380e-01   5.154636e-26   2.275021e-04   2.410834e-27   564
  6.773006e-01   5.249681e-26   2.177508e-04   1.977096e-27   600
  6.785149e-01   5.463202e-26   3.035240e-04   1.943453e-27   876
  6.794272e-01   5.469036e-26   1.364735e-04   3.432237e-27   264
  6.806846e-01   5.016402e-26   2.648123e-04   2.670931e-27   560
  6.816953e-01   4.405341e-26   1.799457e-04   1.712227e-27   840
  6.829222e-01   3.790496e-26   2.774244e-04   1.339639e-27   1008
  6.840568e-01   3.463193e-26   1.241010e-04   1.624075e-27   456
  6.850930e-01   4.831098e-26   1.607553e-04   2.288859e-27   576
  6.860509e-01   4.703954e-26   2.470177e-04   2.331248e-27   612
  6.873140e-01   4.316904e-26   2.206269e-04   1.811783e-27   780
  6.883444e-01   4.157071e-26   2.528284e-04   1.879294e-27   648
  6.893992e-01   4.855176e-26   1.178213e-04   3.422036e-27   312
  6.900734e-01   3.458917e-26   2.993645e-04   1.621002e-27   528
  6.912414e-01   3.322321e-26   3.909551e-04   1.183446e-27   720
  6.923583e-01   3.516634e-26   3.921794e-04   1.863998e-27   576
  6.937124e-01   3.526974e-26   3.383053e-04   1.843486e-27   444
  6.945549e-01   3.888112e-26   3.317685e-04   1.378459e-27   996
  6.955874e-01   3.189372e-26   2.771265e-04   1.764842e-27   432
  6.965633e-01   4.399532e-26   3.033990e-04   2.448970e-27   504
  6.974062e-01   2.558061e-26   1.367883e-04   1.165119e-27   504
  6.986065e-01   3.406186e-26   2.692009e-04   1.142511e-27   876
  6.996926e-01   3.147442e-26   3.098246e-04   1.390831e-27   504
  7.008236e-01   2.640692e-26   1.975899e-04   1.161085e-27   696
  7.017583e-01   3.104647e-26   1.689187e-04   1.374471e-27   492
  7.030300e-01   2.867328e-26   2.418152e-04   1.372398e-27   432
  7.039719e-01   3.219110e-26   2.264335e-04   1.233925e-27   768
  7.050885e-01   3.278822e-26   2.820533e-04   1.535247e-27   648
  7.061547e-01   2.591358e-26   1.840095e-04   1.283854e-27   456
  7.073798e-01   2.975043e-26   2.530430e-04   1.226159e-27   552
  7.082306e-01   2.740784e-26   1.734358e-04   1.140691e-27   648
  7.094016e-01   2.422852e-26   2.826907e-04   9.147479e-28   840
  7.105454e-01   2.404370e-26   1.348092e-04   1.021979e-27   432
  7.116906e-01   2.665245e-26   1.651183e-04   1.252828e-27   600
  7.124870e-01   3.019228e-26   1.759227e-04   1.571985e-27   432
  7.138248e-01   3.164560e-26   1.751482e-04   1.394164e-27   560
  7.147308e-01   2.277223e-26   2.772412e-04   8.528175e-28   840
  7.158652e-01   2.659116e-26   1.642140e-04   1.394262e-27   504
  7.167662e-01   2.153377e-26   3.351509e-04   8.791399e-28   696
  7.180362e-01   3.001143e-26   1.830475e-04   1.541624e-27   384
  7.190254e-01   2.018281e-26   2.681431e-04   7.889742e-28   576
  7.202219e-01   2.128124e-26   1.654845e-04   1.147581e-27   360
  7.211864e-01   2.523905e-26   2.464465e-04   1.127731e-27   828
  7.222268e-01   1.969410e-26   2.195064e-04   1.008594e-27   372
  7.231800e-01   2.150440e-26   3.352284e-04   8.747478e-28   576
  7.244428e-01   2.511499e-26   1.403933e-04   1.002603e-27   636
  7.253425e-01   2.202157e-26   2.706420e-04   9.104299e-28   648
  7.265596e-01   1.910243e-26   2.200024e-04   8.578930e-28   576
  7.274333e-01   1.966082e-26   3.548870e-04   8.549120e-28   528
  7.285953e-01   1.938774e-26   1.517289e-04   1.071730e-27   360
  7.295571e-01   1.627136e-26   3.490332e-04   6.171691e-28   672
  7.308130e-01   2.391997e-26   1.787806e-04   9.917910e-28   804
  7.318582e-01   2.113959e-26   1.972163e-04   1.085566e-27   408
  7.330145e-01   1.913628e-26   1.219011e-04   1.055018e-27   384
  7.337931e-01   1.538905e-26   2.789567e-04   8.458419e-28   480
  7.348913e-01   1.653571e-26   1.802469e-04   8.596079e-28   432
  7.359446e-01   2.298038e-26   3.321566e-04   8.467923e-28   648
  7.371913e-01   1.900391e-26   2.061016e-04   8.834445e-28   624
  7.381033e-01   1.625574e-26   1.874668e-04   7.085096e-28   456
  7.393486e-01   1.560714e-26   2.560963e-04   6.832951e-28   588
  7.401831e-01   1.515190e-26   1.633884e-04   6.000614e-28   600
  7.414016e-01   1.684000e-26   2.548458e-04   6.829101e-28   708
  7.423640e-01   1.990123e-26   1.605479e-04   1.208774e-27   360
  7.434275e-01   1.887393e-26   1.845541e-04   9.953941e-28   552
  7.444470e-01   1.235777e-26   1.294691e-04   8.517748e-28   288
  7.454820e-01   1.552669e-26   2.434372e-04   7.658461e-28   528
  7.464545e-01   1.850863e-26   1.642340e-04   1.056907e-27   456
  7.475410e-01   1.574418e-26   2.912225e-04   7.135776e-28   608
  7.486338e-01   1.360807e-26   1.408967e-04   6.267636e-28   504
  7.498278e-01   1.216627e-26   3.024972e-04   6.097429e-28   540
  7.507642e-01   1.784156e-26   3.247222e-04   9.527142e-28   360
  7.517735e-01   1.936721e-26   1.470509e-04   9.455776e-28   540
  7.526661e-01   1.351015e-26   1.262606e-04   6.356730e-28   576
  7.539642e-01   1.280881e-26   2.927555e-04   5.390612e-28   588
  7.551985e-01   1.357730e-26   4.039143e-04   6.843458e-28   672
  7.562588e-01   1.419814e-26   3.087151e-04   6.507198e-28   552
  7.571135e-01   1.190545e-26   3.088712e-04   1.051290e-27   144
  7.582042e-01   1.347790e-26   2.624178e-04   6.390502e-28   600
  7.592383e-01   1.106893e-26   3.288668e-04   5.555644e-28   504
  7.603860e-01   1.311657e-26   3.378126e-04   9.408449e-28   336
  7.615932e-01   1.172508e-26   3.797028e-04   5.053089e-28   600
  7.626744e-01   1.064595e-26   2.450478e-04   4.660061e-28   636
  7.638413e-01   1.330404e-26   1.970206e-04   8.083678e-28   384
  7.646595e-01   1.406347e-26   2.748205e-04   7.435041e-28   504
  7.658387e-01   1.262551e-26   1.153383e-04   8.733165e-28   240
  7.667694e-01   1.307760e-26   2.709461e-04   6.059275e-28   744
  7.678860e-01   1.027608e-26   1.850150e-04   4.523874e-28   648
  7.688783e-01   1.717421e-26   1.228185e-04   1.538294e-27   120
  7.700414e-01   1.072606e-26   1.929319e-04   4.872871e-28   564
  7.709202e-01   1.290746e-26   3.030111e-04   7.872450e-28   432
  7.720932e-01   9.451653e-27   2.351965e-04   4.152471e-28   480
  7.729764e-01   7.189245e-27   1.731106e-04   3.655477e-28   456
  7.740189e-01   1.130616e-26   2.864725e-04   5.218674e-28   444
  7.752020e-01   8.703435e-27   4.383180e-04   4.170473e-28   528
  7.762412e-01   1.401874e-26   3.255297e-04   1.043071e-27   264
  7.772498e-01   9.864845e-27   3.336195e-04   6.877374e-28   444
  7.786065e-01   1.061133e-26   3.654311e-04   4.583299e-28   696
  7.797327e-01   1.226838e-26   1.954448e-04   7.942048e-28   384
  7.805563e-01   8.819946e-27   2.469609e-04   4.406438e-28   432
  7.818373e-01   1.071824e-26   1.706384e-04   6.226066e-28   488
  7.826690e-01   1.100525e-26   2.571733e-04   5.127260e-28   480
  7.838749e-01   1.007736e-26   2.868014e-04   5.871351e-28   480
  7.848089e-01   6.900159e-27   1.203331e-04   3.462147e-28   240
  7.858692e-01   1.098843e-26   2.810886e-04   7.711170e-28   600
  7.868694e-01   7.065256e-27   2.449399e-04   5.575095e-28   288
  7.879343e-01   8.511696e-27   2.356143e-04   4.152034e-28   480
  7.890129e-01   7.086728e-27   4.191157e-04   4.378033e-28   504
  7.900748e-01   8.731058e-27   1.798267e-04   5.965283e-28   216
  7.914291e-01   8.826483e-27   2.944050e-04   4.206810e-28   504
  7.924838e-01   7.810785e-27   2.367912e-04   5.085091e-28   456
  7.936384e-01   9.019127e-27   1.358038e-04   4.378707e-28   384
  7.944031e-01   9.458980e-27   2.756326e-04   5.023471e-28   480
  7.954897e-01   6.757663e-27   2.420363e-04   3.869315e-28   504
  7.964966e-01   7.899942e-27   1.535327e-04   4.855314e-28   312
  7.975815e-01   7.169409e-27   2.474127e-04   3.972819e-28   492
  7.985417e-01   8.862187e-27   2.318919e-04   6.225372e-28   312
  7.997779e-01   6.499815e-27   3.766899e-04   3.312786e-28   576
  8.008661e-01   7.546228e-27   3.477153e-04   4.579594e-28   336
  8.017699e-01   5.381811e-27   2.677247e-04   4.112893e-28   240
  8.030228e-01   7.358486e-27   3.549351e-04   3.788340e-28   468
  8.041047e-01   7.686899e-27   2.222407e-04   6.229452e-28   192
  8.052370e-01   5.952375e-27   2.229031e-04   3.820621e-28   324
  8.060669e-01   6.802356e-27   1.617794e-04   3.650635e-28   600
  8.071978e-01   7.780782e-27   2.624704e-04   4.639711e-28   456
  8.080377e-01   6.703138e-27   1.180592e-04   5.308145e-28   336
  8.094297e-01   8.010382e-27   3.535027e-04   4.127162e-28   612
  8.104424e-01   4.701740e-27   2.966749e-04   4.691691e-28   144
  8.114002e-01   7.193626e-27   3.462957e-04   3.773184e-28   552
  8.127025e-01   4.036313e-27   1.363755e-04   2.403631e-28   264
  8.134384e-01   6.767878e-27   3.157441e-04   4.562159e-28   336
  8.145992e-01   4.920926e-27   2.086329e-04   3.162551e-28   384
  8.156059e-01   6.284261e-27   1.174397e-04   5.873358e-28   216
  8.167203e-01   4.785443e-27   2.489964e-04   3.539077e-28   344
  8.177364e-01   4.754605e-27   3.715143e-04   3.089936e-28   408
  8.189746e-01   4.869621e-27   2.854845e-04   3.828656e-28   264
  8.200718e-01   6.241129e-27   3.979796e-04   3.758445e-28   612
  8.211681e-01   6.996898e-27   2.048307e-04   4.484521e-28   408
  8.222956e-01   5.646607e-27   2.051251e-04   3.924307e-28   444
  8.231239e-01   1.004165e-26   1.147249e-04   8.130540e-28   120
  8.242338e-01   6.047849e-27   3.169640e-04   3.935521e-28   336
  8.250576e-01   4.895540e-27   1.101437e-04   3.707682e-28   288
  8.261708e-01   5.450022e-27   3.427692e-04   2.807611e-28   552
  8.277012e-01   6.807114e-27   1.835347e-08   9.059246e-28   72
  8.284882e-01   4.536037e-27   3.404572e-04   3.250279e-28   504
  8.294074e-01   2.327278e-27   1.095558e-04   2.186030e-28   216
  8.305983e-01   3.442800e-27   1.956043e-04   2.374034e-28   312
  8.316675e-01   4.167413e-27   2.227263e-04   3.129353e-28   336
  8.326865e-01   3.767854e-27   3.087236e-04   2.912397e-28   204
  8.337014e-01   5.593233e-27   3.587838e-04   3.281950e-28   504
  8.347777e-01   5.504350e-27   3.416652e-04   3.605488e-28   396
  8.358127e-01   5.371485e-27   3.133249e-04   4.651782e-28   312
  8.370674e-01   7.272707e-27   1.914750e-04   5.172745e-28   216
  8.379516e-01   4.671157e-27   1.039172e-04   3.553755e-28   168
  8.390260e-01   4.032467e-27   2.623966e-04   1.936619e-28   588
  8.402521e-01   3.317678e-27   3.561727e-04   4.736514e-28   240
  8.412047e-01   3.623940e-27   3.145601e-04   4.198728e-28   264
  8.423219e-01   3.608585e-27   3.890183e-04   3.089298e-28   288
  8.433131e-01   3.563354e-27   1.942596e-04   2.780073e-28   288
  8.445693e-01   3.061903e-27   1.824406e-04   2.659171e-28   288
  8.454153e-01   2.499222e-27   2.113423e-04   1.892770e-28   192
  8.464795e-01   2.673379e-27   2.248894e-04   2.587283e-28   264
  8.474933e-01   7.173947e-27   3.699119e-04   4.360387e-28   372
  8.485844e-01   5.323983e-27   3.995208e-04   3.608594e-28   360
  8.499161e-01   5.795068e-27   1.690810e-04   6.808977e-28   144
  8.506044e-01   2.750175e-27   2.348461e-04   2.334354e-28   296
  8.516909e-01   3.766638e-27   2.530345e-04   3.369126e-28   288
  8.529347e-01   2.790158e-27   3.781537e-04   1.569335e-28   480
  8.540076e-01   3.166373e-27   3.142096e-04   4.958869e-28   192
  8.550509e-01   3.845124e-27   3.370327e-04   3.441027e-28   192
  8.559992e-01   3.171830e-27   2.147949e-04   3.513125e-28   288
  8.573180e-01   1.478201e-27   1.869760e-04   1.546437e-28   108
  8.579823e-01   3.929612e-27   1.797545e-04   3.460985e-28   240
  8.591554e-01   2.240602e-27   3.353363e-04   2.225916e-28   384
  8.603605e-01   3.450137e-27   4.090723e-04   3.776592e-28   108
  8.614261e-01   5.004013e-27   2.398466e-04   3.393173e-28   348
  8.625466e-01   3.332909e-27   2.503134e-04   2.913511e-28   312
  8.635474e-01   3.050062e-27   2.432319e-04   6.029170e-28   96
  8.644677e-01   2.685088e-27   3.238194e-04   2.058201e-28   384
  8.654984e-01   3.346929e-27   2.227222e-04   4.380486e-28   144
  8.665066e-01   2.877447e-27   3.422225e-04   2.096971e-28   408
  8.677598e-01   1.702791e-27   1.526554e-04   1.942314e-28   144
  8.689437e-01   3.020879e-27   2.934816e-04   3.728854e-28   192
  8.696459e-01   3.294617e-27   3.303190e-04   3.257435e-28   144
  8.707904e-01   1.430959e-27   2.685615e-04   1.395139e-28   144
  8.718702e-01   2.619480e-27   3.282257e-04   1.927216e-28   336
  8.731927e-01   1.373435e-27   2.428454e-04   1.328336e-28   240
  8.740312e-01   2.156916e-27   1.102739e-04   3.403461e-28   96
  8.752007e-01   3.635910e-27   3.233803e-04   3.263710e-28   372
  8.763838e-01   3.702480e-27   3.846540e-04   7.101942e-28   132
  8.774230e-01   1.585522e-27   2.380193e-04   1.377812e-28   264
  8.783527e-01   2.986379e-27   1.827880e-04   3.965335e-28   168
  8.793449e-01   2.668820e-27   2.922429e-04   2.705033e-28   216
  8.802213e-01   2.139051e-27   1.787978e-04   3.098419e-28   216
  8.814979e-01   8.264811e-28   3.280196e-04   8.257739e-29   96
  8.826561e-01   2.945390e-27   2.140028e-04   4.030600e-28   120
  8.837183e-01   1.802324e-27   2.720578e-04   1.905378e-28   216
  8.845934e-01   1.622770e-27   1.188902e-04   1.586308e-28   200
  8.857519e-01   1.676730e-27   3.077557e-04   1.465787e-28   288
  8.872378e-01   9.515861e-28   8.097649e-05   1.027611e-28   144
  8.878635e-01   1.920086e-27   2.519939e-04   2.409535e-28   168
  8.891412e-01   3.250648e-27   2.835956e-04   7.057680e-28   159
  8.901386e-01   1.451028e-27   2.975600e-04   1.746505e-28   174
  8.911039e-01   1.325160e-27   2.698170e-04   1.042613e-28   144
  8.923678e-01   1.761959e-27   1.557998e-04   1.736069e-28   222
  8.932131e-01   1.451098e-27   1.572158e-04   1.986172e-28   168
  8.946732e-01   5.212122e-27   3.448346e-04   2.414628e-27   30
  8.952763e-01   5.620456e-28   3.044637e-04   5.863265e-29   72
  8.964123e-01   1.352718e-27   2.717302e-04   1.747134e-28   258
  8.976612e-01   1.008852e-27   1.701916e-04   6.456363e-29   264
  8.982857e-01   7.916901e-28   0.000000e+00   1.549455e-28   72
  8.995871e-01   7.075941e-28   3.373270e-04   9.718880e-29   174
  9.007654e-01   8.977718e-28   3.591909e-04   8.343879e-29   168
  9.017127e-01   3.297773e-28   1.123916e-08   3.589322e-29   48
  9.027297e-01   6.035870e-28   2.028435e-04   5.405137e-29   150
  9.039088e-01   1.304386e-27   3.731453e-04   9.967994e-29   168
  9.050911e-01   6.238528e-28   2.273028e-04   3.766848e-29   144
  9.061784e-01   1.515605e-27   2.123525e-04   2.355313e-28   102
  9.069882e-01   4.890072e-28   3.143182e-04   5.915002e-29   96
  9.082731e-01   4.548120e-28   3.119397e-04   3.700300e-29   120
  9.092246e-01   2.790748e-28   3.345635e-04   1.729232e-29   168
  9.102538e-01   1.530875e-27   2.470487e-04   1.553264e-28   126
  9.111308e-01   6.778581e-28   1.863241e-04   7.113086e-29   168
  9.123389e-01   5.099788e-28   2.987709e-04   5.872603e-29   72
  9.133947e-01   4.473875e-28   3.741278e-04   2.547353e-29   168
  9.143196e-01   9.163970e-28   1.025668e-04   1.832400e-28   78
  9.155870e-01   3.747049e-28   1.684070e-04   2.795623e-29   60
  9.166075e-01   1.550050e-27   2.731835e-04   1.602327e-28   96
  9.176659e-01   5.868249e-28   3.314854e-04   4.713745e-29   168
  9.186605e-01   6.527782e-28   2.097511e-04   9.871426e-29   86
  9.197042e-01   2.816292e-28   1.874678e-04   2.752942e-29   120
  9.212002e-01   3.161254e-28   1.336894e-04   2.076912e-29   168
  9.220069e-01   2.579251e-28   0.000000e+00   2.525250e-29   48
  9.230934e-01   7.733344e-28   2.435676e-04   1.148467e-28   120
  9.237177e-01   4.845797e-28   1.776924e-04   5.298209e-29   126
  9.252418e-01   5.260491e-28   3.125113e-04   6.023535e-29   96
  9.262310e-01   4.698257e-28   9.011285e-05   3.975749e-29   96
  9.270111e-01   3.665641e-28   0.000000e+00   3.429399e-29   72
  9.286731e-01   5.536464e-28   1.123916e-08   5.718026e-29   24
  9.297104e-01   5.262407e-28   1.854501e-04   6.028405e-29   120
  9.305196e-01   3.781603e-28   2.705147e-04   3.286360e-29   126
  9.314194e-01   2.514661e-28   2.255107e-04   3.337159e-29   96
  9.324708e-01   2.240696e-28   3.897482e-04   1.643636e-29   72
  9.336415e-01   2.582552e-28   1.685792e-04   1.645803e-29   144
  9.346046e-01   3.278368e-28   9.723254e-05   2.727031e-29   72
  9.355666e-01   3.853638e-28   1.942081e-04   5.734852e-29   54
  9.364132e-01   4.380496e-28   1.711436e-04   5.525318e-29   108
  9.381728e-01   4.397213e-28   1.677650e-04   5.278680e-29   72
  9.387206e-01   3.711569e-28   9.680617e-05   3.045473e-29   72
  9.400202e-01   1.745027e-28   1.946680e-08   3.098752e-29   24
  9.412498e-01   1.392437e-28   2.047976e-04   1.396898e-29   48
  9.419964e-01   2.987545e-28   1.560029e-04   4.491055e-29   102
  9.431203e-01   2.666851e-28   3.528137e-04   2.540578e-29   168
  9.445889e-01   1.565132e-28   1.924163e-04   1.288106e-29   72
  9.451330e-01   1.650949e-28   0.000000e+00   2.017615e-29   48
  9.462744e-01   3.311080e-28   3.309678e-04   2.926414e-29   120
  9.477807e-01   2.500266e-28   2.033864e-04   1.829147e-29   96
  9.492033e-01   3.954803e-28   2.202416e-08   6.685259e-29   30
  9.508942e-01   3.818716e-28   9.555995e-05   3.514096e-29   72
  9.516372e-01   3.076574e-28   1.123916e-08   5.198224e-29   24
  9.525916e-01   8.501803e-29   1.416435e-04   8.846911e-30   56
  9.536606e-01   8.953062e-29   2.021324e-04   8.219798e-30   96
  9.549399e-01   2.275738e-28   2.232036e-04   2.438291e-29   144
  9.559263e-01   1.770472e-28   1.267263e-04   2.950365e-29   54
  9.573592e-01   1.459379e-28   1.898493e-04   1.107528e-29   108
  9.588012e-01   2.863988e-28   1.005243e-04   2.975558e-29   48
  9.601739e-01   1.563937e-28   3.785063e-04   1.636263e-29   72
  9.634680e-01   2.210901e-28   2.500803e-04   2.309365e-29   78
  9.643808e-01   8.607138e-29   1.884669e-04   5.983962e-30   72
  9.654462e-01   8.783908e-29   1.882329e-04   6.493920e-30   72
  9.665603e-01   1.380045e-28   4.542266e-04   1.449298e-29   96
  9.674408e-01   1.363330e-28   1.878449e-04   1.146544e-29   72
  9.685029e-01   1.493927e-28   0.000000e+00   1.975932e-29   24
  9.695638e-01   1.306148e-28   3.748416e-04   1.057248e-29   72
  9.719599e-01   2.717522e-28   2.380359e-04   4.399026e-29   30
  9.724755e-01   1.665934e-28   0.000000e+00   1.384240e-29   24
  9.752466e-01   7.144730e-29   1.976584e-04   6.854963e-30   48
  9.761159e-01   1.106058e-28   4.253608e-04   1.048940e-29   120
  9.772870e-01   7.160012e-29   1.859776e-04   5.368069e-30   72
  9.784697e-01   6.503807e-29   1.857528e-04   6.778742e-30   36
  9.792826e-01   1.100903e-28   3.671339e-04   1.013594e-29   78
  9.815513e-01   1.451122e-28   1.963888e-04   1.385047e-29   48
  9.844928e-01   1.959601e-28   1.589457e-08   3.564769e-29   24
  9.865884e-01   4.034229e-29   1.367612e-04   3.958841e-30   56
  9.876436e-01   6.928086e-29   2.104496e-04   7.600888e-30   102
  9.889860e-01   6.851080e-29   1.498555e-08   4.297682e-30   72
  9.897653e-01   6.755262e-29   0.000000e+00   8.663528e-30   24
  9.911277e-01   7.759215e-29   1.944913e-04   7.801022e-30   48
  9.936528e-01   1.355586e-28   0.000000e+00   1.867111e-29   24
  9.967520e-01   4.631635e-29   0.000000e+00   1.232208e-29   6
  9.977185e-01   4.341491e-29   0.000000e+00   6.417099e-30   24
  9.983623e-01   3.564132e-29   1.820511e-04   2.786484e-30   72
  9.995384e-01   5.072389e-29   3.396336e-04   4.500054e-30   84
  1.000805e+00   9.557316e-29   0.000000e+00   1.435175e-29   24
  1.001190e+00   7.394158e-29   1.589457e-08   1.232468e-29   24
  1.003114e+00   7.866664e-29   1.123916e-08   1.466078e-29   24
  1.005800e+00   3.633657e-29   0.000000e+00   7.574154e-30   6
  1.009244e+00   3.334829e-29   1.910001e-04   3.026534e-30   48
  1.010072e+00   4.563904e-29   3.598129e-04   3.737459e-30   72
  1.011152e+00   5.158640e-29   1.906396e-04   4.534743e-30   48
  1.012867e+00   8.145756e-29   0.000000e+00   1.143208e-29   24
  1.015148e+00   5.423494e-29   1.123916e-08   1.823292e-29   6
  1.020262e+00   2.069128e-29   0.000000e+00   3.151877e-30   8
  1.020640e+00   2.839309e-29   1.123916e-08   2.008822e-30   48
  1.021546e+00   3.849184e-29   1.848806e-04   3.299674e-30   60
  1.022904e+00   4.874610e-29   0.000000e+00   5.394941e-30   24
  1.024787e+00   9.312256e-29   0.000000e+00   1.880749e-29   6
  1.031723e+00   1.625676e-29   0.000000e+00   2.579951e-30   24
  1.032283e+00   2.861460e-29   1.867372e-04   2.286028e-30   48
  1.033217e+00   2.364664e-29   0.000000e+00   1.975210e-30   24
  1.034708e+00   6.061812e-29   1.123916e-08   1.006021e-29   6
  1.043181e+00   1.551523e-29   1.742080e-04   1.292167e-30   36
  1.043797e+00   3.020062e-29   0.000000e+00   2.317795e-30   24
  1.044904e+00   4.288272e-29   0.000000e+00   7.045983e-30   6
  1.054545e+00   1.429416e-29   1.583190e-04   1.650394e-30   32
  1.055367e+00   1.419832e-29   1.123916e-08   4.083374e-31   6
  1.065728e+00   1.446883e-29   0.000000e+00   2.041424e-30   12
  1.066089e+00   1.606241e-29   0.000000e+00   9.591434e-31   6
  1.077063e+00   1.495477e-29   1.589457e-08   1.635389e-30   6
