# power spectrum of hij
# redshift z=0.000000
# k              Pk             sigma(k)       sigma(Pk)      count
  1.963495e-02   1.440056e-19   0.000000e+00   4.358364e-20   6
  2.776802e-02   1.005600e-19   0.000000e+00   9.279689e-21   12
  3.400874e-02   4.490462e-20   3.725290e-10   4.032494e-21   8
  3.926991e-02   4.328081e-20   0.000000e+00   3.690428e-21   6
  4.390509e-02   3.547882e-20   0.000000e+00   3.598086e-21   24
  4.809562e-02   1.632460e-20   7.024475e-10   2.649087e-21   24
  5.553604e-02   1.606545e-20   0.000000e+00   1.744940e-21   12
  5.890486e-02   6.752684e-21   7.947286e-10   6.597518e-22   30
  6.209118e-02   8.315287e-21   0.000000e+00   1.255052e-21   24
  6.512178e-02   9.123073e-21   1.216675e-09   1.401002e-21   24
  6.801748e-02   6.105771e-21   7.450581e-10   7.529683e-22   8
  7.079483e-02   4.697026e-21   9.934107e-10   5.171879e-22   24
  7.346727e-02   4.186640e-21   0.000000e+00   3.782795e-22   48
  7.853982e-02   4.964219e-21   0.000000e+00   4.639464e-22   6
  8.095699e-02   2.547044e-21   1.404895e-09   2.841185e-22   48
  8.330406e-02   3.068228e-21   0.000000e+00   3.250781e-22   36
  8.558678e-02   2.405920e-21   9.934107e-10   3.606143e-22   24
  8.781018e-02   2.591083e-21   0.000000e+00   4.398641e-22   24
  8.997866e-02   1.922446e-21   0.000000e+00   1.850521e-22   48
  9.209610e-02   2.065346e-21   1.404895e-09   2.329374e-22   24
  9.619124e-02   1.473039e-21   1.404895e-09   1.672328e-22   24
  9.817477e-02   1.780228e-21   0.000000e+00   2.842607e-22   30
  1.001190e-01   1.203457e-21   0.000000e+00   7.468264e-23   72
  1.020262e-01   9.632499e-22   1.490116e-09   9.082243e-23   32
  1.057375e-01   1.045690e-21   0.000000e+00   8.427816e-23   72
  1.075451e-01   9.327399e-22   0.000000e+00   8.645067e-23   48
  1.110721e-01   1.090869e-21   0.000000e+00   2.160791e-22   12
  1.127942e-01   7.839292e-22   0.000000e+00   6.504043e-23   48
  1.144905e-01   7.962977e-22   0.000000e+00   6.536500e-23   48
  1.161620e-01   6.841097e-22   1.404895e-09   6.577240e-23   48
  1.178097e-01   7.163032e-22   1.589457e-09   8.819171e-23   30
  1.194348e-01   5.300882e-22   1.404895e-09   6.748202e-23   24
  1.210380e-01   6.101040e-22   2.961779e-09   4.357919e-23   72
  1.241824e-01   5.125382e-22   0.000000e+00   6.703836e-23   24
  1.257251e-01   4.705728e-22   0.000000e+00   2.355152e-23   96
  1.272490e-01   5.124892e-22   0.000000e+00   4.360675e-23   48
  1.287550e-01   5.365167e-22   2.433349e-09   5.993206e-23   24
  1.302436e-01   5.127314e-22   2.433349e-09   7.273254e-23   24
  1.317153e-01   3.749499e-22   0.000000e+00   2.767739e-23   72
  1.331707e-01   4.515956e-22   0.000000e+00   3.858134e-23   48
  1.360350e-01   3.943155e-22   1.490116e-09   4.988976e-23   8
  1.374447e-01   3.325489e-22   1.766064e-09   3.303064e-23   54
  1.388401e-01   2.906706e-22   0.000000e+00   1.702395e-23   84
  1.402216e-01   3.026896e-22   0.000000e+00   2.923488e-23   48
  1.415897e-01   3.427731e-22   1.986821e-09   3.768878e-23   24
  1.429446e-01   2.940861e-22   1.873193e-09   2.381148e-23   72
  1.442869e-01   3.034654e-22   0.000000e+00   2.721034e-23   96
  1.469345e-01   2.247460e-22   0.000000e+00   2.665058e-23   48
  1.482407e-01   2.457583e-22   0.000000e+00   2.223337e-23   48
  1.495354e-01   2.339775e-22   1.986821e-09   2.094777e-23   24
  1.508189e-01   2.206276e-22   0.000000e+00   1.796874e-23   72
  1.533539e-01   1.955076e-22   1.873193e-09   1.400704e-23   72
  1.546058e-01   1.995557e-22   0.000000e+00   1.465288e-23   96
  1.570796e-01   2.288511e-22   0.000000e+00   3.266725e-23   6
  1.583021e-01   2.222788e-22   0.000000e+00   1.407450e-23   96
  1.595151e-01   2.066353e-22   1.986821e-09   1.267123e-23   96
  1.607190e-01   1.928191e-22   0.000000e+00   2.527428e-23   24
  1.619140e-01   1.979603e-22   2.809790e-09   1.789795e-23   48
  1.631002e-01   1.698985e-22   0.000000e+00   1.144880e-23   96
  1.642778e-01   1.373310e-22   0.000000e+00   1.083943e-23   48
  1.666081e-01   1.806869e-22   0.000000e+00   1.835331e-23   36
  1.677611e-01   1.080670e-22   3.441276e-09   1.028003e-23   48
  1.689063e-01   1.462719e-22   3.893359e-09   9.586596e-24   120
  1.700437e-01   1.290866e-22   0.000000e+00   8.330029e-24   56
  1.711736e-01   1.346084e-22   1.986821e-09   1.825088e-23   24
  1.722960e-01   1.261664e-22   0.000000e+00   9.580083e-24   96
  1.734112e-01   1.492519e-22   0.000000e+00   1.296725e-23   48
  1.756204e-01   1.174093e-22   0.000000e+00   1.747888e-23   24
  1.767146e-01   1.224086e-22   0.000000e+00   7.546597e-24   102
  1.778021e-01   1.200703e-22   0.000000e+00   1.353772e-23   48
  1.788829e-01   1.176916e-22   0.000000e+00   8.608985e-24   72
  1.799573e-01   1.245984e-22   0.000000e+00   1.160926e-23   48
  1.810253e-01   1.443076e-22   0.000000e+00   1.315608e-23   48
  1.820871e-01   1.118485e-22   4.495664e-09   6.827950e-24   120
  1.841922e-01   9.952562e-23   2.809790e-09   9.001923e-24   24
  1.852358e-01   1.020534e-22   2.649095e-09   5.551912e-24   144
  1.862735e-01   1.028974e-22   3.178914e-09   7.010309e-24   120
  1.873055e-01   8.345501e-23   2.809790e-09   9.009203e-24   48
  1.893526e-01   9.096669e-23   2.809790e-09   7.434868e-24   48
  1.903679e-01   8.268936e-23   2.809790e-09   6.143672e-24   96
  1.930487e-01   8.282663e-23   4.711199e-04   8.487143e-24   72
  1.943761e-01   7.600269e-23   3.532127e-09   4.069417e-24   108
  1.953653e-01   7.796780e-23   0.000000e+00   5.963426e-24   72
  1.963495e-01   5.690437e-23   0.000000e+00   5.056440e-24   30
  1.973288e-01   7.151322e-23   0.000000e+00   2.890756e-24   168
  1.983033e-01   7.964339e-23   0.000000e+00   9.154596e-24   48
  2.002380e-01   6.280224e-23   0.000000e+00   5.994673e-24   72
  2.011984e-01   7.226310e-23   0.000000e+00   3.978695e-24   96
  2.021542e-01   6.431319e-23   5.298191e-09   4.369694e-24   72
  2.031055e-01   6.384270e-23   0.000000e+00   4.720670e-24   72
  2.047049e-01   7.847283e-23   4.350048e-04   5.288459e-24   104
  2.059331e-01   6.959289e-23   3.746387e-09   4.152465e-24   144
  2.087224e-01   6.930497e-23   6.282881e-09   4.774495e-24   96
  2.096439e-01   5.571218e-23   0.000000e+00   4.060720e-24   96
  2.111095e-01   6.992254e-23   4.475232e-04   4.188456e-24   120
  2.123845e-01   6.999101e-23   0.000000e+00   4.312016e-24   120
  2.132902e-01   6.441056e-23   0.000000e+00   5.049164e-24   72
  2.150901e-01   6.399344e-23   0.000000e+00   6.318985e-24   48
  2.159845e-01   4.381276e-23   4.235416e-09   2.310940e-24   78
  2.171286e-01   5.638764e-23   4.007142e-04   3.224055e-24   168
  2.195255e-01   5.676355e-23   3.746387e-09   3.436275e-24   144
  2.204018e-01   5.809488e-23   3.746387e-09   2.923021e-24   144
  2.229436e-01   4.557900e-23   2.307791e-04   2.717191e-24   156
  2.238729e-01   5.633988e-23   4.866699e-09   6.346029e-24   48
  2.247323e-01   5.169433e-23   3.178914e-09   3.162161e-24   120
  2.255884e-01   5.760755e-23   0.000000e+00   5.201417e-24   48
  2.271022e-01   4.765005e-23   3.532495e-04   2.039498e-24   216
  2.289809e-01   3.928837e-23   0.000000e+00   2.947643e-24   48
  2.298212e-01   3.701255e-23   2.809790e-09   2.208106e-24   96
  2.310160e-01   4.592287e-23   4.128272e-04   2.103669e-24   168
  2.323239e-01   3.985761e-23   2.809790e-09   4.165741e-24   48
  2.331522e-01   5.530913e-23   0.000000e+00   3.517087e-24   96
  2.339775e-01   3.769008e-23   0.000000e+00   3.223438e-24   48
  2.356194e-01   2.946181e-23   3.178914e-09   3.193771e-24   30
  2.364362e-01   4.115292e-23   2.809790e-09   2.733843e-24   96
  2.374123e-01   3.835168e-23   3.244455e-04   1.517651e-24   240
  2.386674e-01   3.962198e-23   3.500299e-04   5.162010e-24   32
  2.396752e-01   3.676022e-23   0.000000e+00   1.990022e-24   168
  2.404781e-01   3.735191e-23   0.000000e+00   2.466123e-24   120
  2.420760e-01   4.003362e-23   5.923557e-09   3.277875e-24   72
  2.428710e-01   3.708341e-23   3.746387e-09   2.481653e-24   144
  2.436634e-01   3.388397e-23   0.000000e+00   1.784403e-24   96
  2.444532e-01   3.063884e-23   0.000000e+00   2.444377e-24   96
  2.460253e-01   4.776166e-23   4.588368e-09   3.452157e-24   72
  2.468075e-01   3.890559e-23   3.973643e-09   2.771390e-24   96
  2.483647e-01   3.332004e-23   0.000000e+00   3.691384e-24   24
  2.491396e-01   3.324418e-23   0.000000e+00   1.527988e-24   192
  2.500522e-01   3.754743e-23   2.970416e-04   2.278958e-24   132
  2.514501e-01   3.390638e-23   0.000000e+00   2.726475e-24   96
  2.522156e-01   2.765843e-23   0.000000e+00   1.819862e-24   96
  2.529787e-01   3.006021e-23   3.178914e-09   1.502521e-24   120
  2.544981e-01   3.019535e-23   0.000000e+00   2.376940e-24   48
  2.557435e-01   2.758738e-23   3.599905e-04   1.325515e-24   222
  2.567603e-01   2.756129e-23   0.000000e+00   1.724128e-24   120
  2.575100e-01   2.341270e-23   4.866699e-09   2.903810e-24   24
  2.586015e-01   3.173544e-23   3.715625e-04   1.213225e-24   312
  2.609797e-01   3.197326e-23   3.483547e-04   2.644584e-24   72
  2.619630e-01   2.940724e-23   2.809790e-09   2.030978e-24   96
  2.629726e-01   2.802234e-23   3.547511e-04   1.494578e-24   192
  2.641613e-01   2.904845e-23   4.495664e-09   1.756939e-24   120
  2.648900e-01   2.830856e-23   0.000000e+00   1.483367e-24   144
  2.663415e-01   2.586523e-23   0.000000e+00   1.833205e-24   48
  2.673732e-01   2.884896e-23   3.567146e-04   1.144827e-24   336
  2.685040e-01   2.657796e-23   0.000000e+00   2.978509e-24   48
  2.699360e-01   2.617462e-23   0.000000e+00   1.145361e-24   192
  2.706492e-01   2.144130e-23   0.000000e+00   1.790931e-24   48
  2.726764e-01   2.366783e-23   2.476067e-04   2.417834e-24   56
  2.736844e-01   2.368159e-23   3.180112e-04   8.839119e-25   336
  2.748894e-01   2.261232e-23   3.532127e-09   2.008775e-24   54
  2.759390e-01   2.243147e-23   3.492904e-04   1.058198e-24   240
  2.781181e-01   2.305892e-23   3.344484e-04   1.015444e-24   228
  2.790651e-01   2.418688e-23   3.746387e-09   2.104541e-24   72
  2.799844e-01   2.153037e-23   3.244231e-04   1.387951e-24   144
  2.811298e-01   2.575649e-23   0.000000e+00   1.815542e-24   96
  2.818146e-01   1.920595e-23   4.495664e-09   8.014686e-25   240
  2.831793e-01   2.434821e-23   3.973643e-09   3.109992e-24   24
  2.840530e-01   1.975893e-23   3.064151e-04   8.963385e-25   336
  2.852142e-01   1.804527e-23   0.000000e+00   1.119763e-24   72
  2.862741e-01   2.001658e-23   3.332831e-04   1.112304e-24   168
  2.872346e-01   2.511973e-23   0.000000e+00   1.658785e-24   72
  2.885737e-01   1.934832e-23   0.000000e+00   1.717146e-24   96
  2.896108e-01   2.088157e-23   3.307829e-04   1.090298e-24   216
  2.905708e-01   2.055544e-23   3.973643e-09   1.366982e-24   96
  2.918946e-01   1.711095e-23   0.000000e+00   8.408783e-25   192
  2.925542e-01   2.035460e-23   3.746387e-09   1.022837e-24   144
  2.938691e-01   1.745758e-23   0.000000e+00   1.721968e-24   48
  2.947794e-01   2.232473e-23   3.189136e-04   1.024606e-24   246
  2.960164e-01   1.621754e-23   2.940434e-04   8.053763e-25   168
  2.971308e-01   2.074500e-23   5.506041e-09   1.466712e-24   120
  2.977788e-01   1.948995e-23   0.000000e+00   9.780678e-25   240
  2.990707e-01   1.961302e-23   3.973643e-09   3.687561e-24   24
  3.001001e-01   1.985212e-23   3.147475e-04   7.648554e-25   360
  3.013820e-01   2.113272e-23   3.134082e-04   1.494923e-24   120
  3.022763e-01   1.647864e-23   0.000000e+00   7.621885e-25   144
  3.029133e-01   1.903498e-23   0.000000e+00   1.718895e-24   96
  3.048165e-01   1.578467e-23   0.000000e+00   8.261512e-25   144
  3.054482e-01   1.914369e-23   0.000000e+00   1.142039e-24   132
  3.063360e-01   1.628584e-23   3.093292e-04   7.847563e-25   176
  3.076248e-01   1.719448e-23   3.123602e-04   7.162572e-25   312
  3.092116e-01   1.472405e-23   0.000000e+00   1.162090e-24   96
  3.098343e-01   1.379376e-23   0.000000e+00   6.982097e-25   144
  3.107899e-01   1.652212e-23   3.092271e-04   7.232169e-25   312
  3.123131e-01   1.525857e-23   0.000000e+00   1.649809e-24   48
  3.129297e-01   1.581976e-23   3.973643e-09   7.731164e-25   192
  3.141593e-01   1.983818e-23   0.000000e+00   3.033219e-24   6
  3.149762e-01   1.443725e-23   2.884066e-04   6.061406e-25   288
  3.162994e-01   1.576460e-23   3.047203e-04   7.603253e-25   192
  3.172124e-01   1.497984e-23   9.345130e-09   6.929208e-25   216
  3.178195e-01   1.438106e-23   0.000000e+00   1.015306e-24   72
  3.193321e-01   1.458556e-23   3.018264e-04   6.198458e-25   192
  3.203366e-01   1.555449e-23   2.241224e-04   6.850467e-25   288
  3.214381e-01   1.541062e-23   0.000000e+00   2.189600e-24   24
  3.222890e-01   1.298459e-23   2.952626e-04   3.835073e-25   456
  3.238280e-01   1.606899e-23   5.619580e-09   1.677237e-24   48
  3.247789e-01   1.546577e-23   2.908218e-04   7.086255e-25   240
  3.258718e-01   1.558779e-23   2.939082e-04   7.355262e-25   216
  3.267908e-01   1.438957e-23   0.000000e+00   1.223995e-24   72
  3.273801e-01   1.179492e-23   1.015467e-08   5.238489e-25   168
  3.290441e-01   1.240096e-23   2.184577e-04   5.969631e-25   288
  3.299773e-01   1.315241e-23   2.890570e-04   7.066958e-25   168
  3.314762e-01   1.241992e-23   0.000000e+00   5.850802e-25   192
  3.320572e-01   1.285305e-23   3.746387e-09   6.718099e-25   144
  3.332162e-01   1.567401e-23   0.000000e+00   1.378574e-24   36
  3.341991e-01   1.314815e-23   2.639705e-04   4.823761e-25   342
  3.351389e-01   1.275983e-23   2.710657e-04   7.700731e-25   144
  3.363470e-01   1.323084e-23   2.842800e-04   5.621513e-25   384
  3.378125e-01   1.395173e-23   7.786718e-09   8.956976e-25   120
  3.385379e-01   1.434636e-23   2.534951e-04   6.108474e-25   264
  3.395201e-01   1.109684e-23   1.256576e-08   5.016500e-25   192
  3.404451e-01   1.259401e-23   2.731894e-04   7.608744e-25   152
  3.412191e-01   1.214285e-23   7.492773e-09   9.781906e-25   144
  3.428472e-01   1.147762e-23   1.768108e-04   5.873969e-25   216
  3.436008e-01   1.243897e-23   2.362665e-04   5.151749e-25   312
  3.449274e-01   1.154664e-23   2.738281e-04   4.336963e-25   240
  3.457090e-01   1.205417e-23   3.973643e-09   8.190185e-25   96
  3.471927e-01   9.434730e-24   2.617995e-04   5.353694e-25   144
  3.481071e-01   1.081570e-23   2.573258e-04   3.766085e-25   456
  3.495904e-01   1.198596e-23   0.000000e+00   8.907481e-25   120
  3.501414e-01   1.202931e-23   0.000000e+00   7.735708e-25   144
  3.512407e-01   1.385377e-23   0.000000e+00   1.552963e-24   24
  3.519456e-01   1.003155e-23   2.473498e-04   3.893169e-25   336
  3.531645e-01   1.075741e-23   2.727931e-04   6.393941e-25   198
  3.543067e-01   1.161111e-23   2.652756e-04   4.294616e-25   432
  3.556041e-01   1.219269e-23   0.000000e+00   1.434943e-24   48
  3.562810e-01   1.147783e-23   2.341925e-04   4.714881e-25   384
  3.574963e-01   1.053152e-23   2.696052e-04   5.571879e-25   144
  3.585975e-01   1.029668e-23   2.676825e-04   4.626426e-25   264
  3.599147e-01   8.980235e-24   0.000000e+00   1.258218e-24   48
  3.607984e-01   1.013504e-23   2.545223e-04   4.843444e-25   276
  3.616510e-01   1.005732e-23   2.307176e-04   5.747829e-25   192
  3.627906e-01   9.135093e-24   2.592759e-04   2.895414e-25   552
  3.641741e-01   1.140313e-23   8.991328e-09   8.475299e-25   120
  3.649965e-01   7.967560e-24   2.624511e-04   3.446411e-25   216
  3.657587e-01   1.077552e-23   4.495664e-09   6.950873e-25   120
  3.671201e-01   9.784624e-24   2.584500e-04   3.475929e-25   408
  3.683844e-01   7.847036e-24   5.619580e-09   7.353421e-25   24
  3.691684e-01   9.402530e-24   2.610810e-04   3.162277e-25   384
  3.702633e-01   8.372011e-24   2.550855e-04   4.222347e-25   240
  3.712141e-01   9.240373e-24   2.569535e-04   4.980320e-25   168
  3.725471e-01   9.215071e-24   6.357829e-09   8.212984e-25   120
  3.734064e-01   9.665808e-24   2.678605e-04   4.111529e-25   350
  3.748037e-01   8.384708e-24   4.409502e-04   3.009725e-25   384
  3.756388e-01   1.074968e-23   0.000000e+00   6.397934e-25   144
  3.771752e-01   8.090259e-24   1.059638e-08   3.450638e-25   288
  3.779773e-01   8.412418e-24   2.524053e-04   3.448920e-25   336
  3.790686e-01   8.279265e-24   2.297941e-04   4.827426e-25   168
  3.797219e-01   9.114653e-24   4.541306e-09   3.728630e-25   336
  3.810732e-01   7.747524e-24   2.385126e-04   3.065850e-25   288
  3.818848e-01   9.504714e-24   2.247398e-04   4.666059e-25   264
  3.832590e-01   7.812785e-24   0.000000e+00   3.585035e-25   240
  3.837616e-01   8.116575e-24   7.947286e-09   5.634150e-25   96
  3.855656e-01   7.685521e-24   3.056310e-04   2.703602e-25   360
  3.864075e-01   8.763918e-24   2.253025e-04   5.643192e-25   168
  3.874713e-01   8.288278e-24   2.456032e-04   2.977274e-25   456
  3.887523e-01   7.618324e-24   7.064254e-09   5.597908e-25   108
  3.894728e-01   7.500022e-24   2.464311e-04   3.389468e-25   264
  3.903716e-01   8.105447e-24   2.198567e-04   3.473404e-25   264
  3.916025e-01   7.633350e-24   2.074668e-04   2.995823e-25   312
  3.931351e-01   7.713642e-24   1.541705e-04   3.447489e-25   270
  3.937775e-01   6.914069e-24   1.957388e-04   3.209870e-25   240
  3.949323e-01   8.190961e-24   2.421536e-04   3.643076e-25   384
  3.956334e-01   8.832935e-24   0.000000e+00   4.715101e-25   192
  3.969952e-01   8.538800e-24   1.942960e-04   4.324986e-25   240
  3.977852e-01   7.758558e-24   2.397927e-04   2.746671e-25   336
  3.992708e-01   7.847050e-24   2.413972e-04   2.714204e-25   480
  4.004761e-01   7.461511e-24   0.000000e+00   1.058093e-24   72
  4.011493e-01   7.025706e-24   2.353842e-04   3.830193e-25   240
  4.020650e-01   7.087786e-24   2.212289e-04   2.634047e-25   312
  4.031147e-01   7.256080e-24   2.390954e-04   3.192678e-25   240
  4.047009e-01   7.737058e-24   1.816506e-04   2.712996e-25   408
  4.053288e-01   7.675782e-24   1.663482e-04   3.586419e-25   336
  4.065560e-01   7.636682e-24   2.112212e-04   3.679452e-25   264
  4.071591e-01   5.927589e-24   0.000000e+00   3.712796e-25   144
  4.088370e-01   7.042037e-24   2.927651e-04   2.178548e-25   464
  4.097211e-01   6.437079e-24   2.328083e-04   3.856741e-25   168
  4.105939e-01   5.823096e-24   2.120376e-04   2.550790e-25   336
  4.121713e-01   6.536535e-24   2.227870e-04   2.711754e-25   414
  4.130606e-01   8.350228e-24   2.319080e-04   4.703649e-25   216
  4.141998e-01   8.160425e-24   5.619580e-09   4.185032e-25   96
  4.146649e-01   6.389090e-24   1.685874e-08   2.706613e-25   384
  4.162944e-01   6.164491e-24   2.314600e-04   2.130869e-25   492
  4.171676e-01   6.841286e-24   2.263480e-04   3.620965e-25   240
  4.181546e-01   7.034026e-24   2.298225e-04   3.392048e-25   312
  4.195176e-01   6.669828e-24   2.297469e-04   4.283150e-25   192
  4.203810e-01   6.460516e-24   2.226525e-04   2.349831e-25   504
  4.215265e-01   6.808040e-24   1.473998e-04   2.505070e-25   408
  4.224284e-01   5.951828e-24   4.515774e-04   3.487372e-25   168
  4.235571e-01   8.270819e-24   2.145032e-04   3.991296e-25   288
  4.245041e-01   6.619795e-24   2.238525e-04   3.250677e-25   288
  4.254743e-01   6.209978e-24   2.251410e-04   2.168636e-25   432
  4.268815e-01   5.739999e-24   2.129084e-04   2.811048e-25   216
  4.276334e-01   5.756888e-24   2.124592e-04   2.381728e-25   360
  4.289721e-01   6.219430e-24   2.073582e-04   3.039085e-25   312
  4.301803e-01   6.204063e-24   0.000000e+00   5.917167e-25   48
  4.308767e-01   5.682056e-24   2.223178e-04   2.134965e-25   432
  4.321240e-01   5.126083e-24   3.708284e-04   1.810686e-25   414
  4.328606e-01   6.491176e-24   1.956255e-08   2.898227e-25   312
  4.342347e-01   6.170744e-24   3.253813e-04   2.317386e-25   528
  4.351620e-01   6.221121e-24   1.707976e-04   2.478451e-25   264
  4.362761e-01   5.661591e-24   2.025191e-04   2.019983e-25   480
  4.377318e-01   5.671032e-24   0.000000e+00   2.500252e-25   288
  4.383604e-01   5.587793e-24   2.176005e-04   2.981733e-25   168
  4.395105e-01   5.978257e-24   3.444610e-04   1.944173e-25   504
  4.408036e-01   6.050560e-24   7.492773e-09   4.170886e-25   144
  4.416171e-01   5.638492e-24   2.212265e-04   1.997241e-25   464
  4.428396e-01   5.881081e-24   3.246624e-04   2.267082e-25   432
  4.434197e-01   5.805517e-24   5.619580e-09   3.441373e-25   192
  4.449189e-01   5.338020e-24   2.406833e-04   1.943564e-25   396
  4.458042e-01   5.279523e-24   2.162000e-04   2.322871e-25   288
  4.466990e-01   5.365449e-24   2.135686e-04   2.282305e-25   336
  4.481283e-01   5.580182e-24   1.352359e-04   1.851515e-25   432
  4.490354e-01   5.137764e-24   3.505126e-04   1.880015e-25   360
  4.500539e-01   5.342225e-24   2.073334e-04   1.952742e-25   384
  4.515004e-01   5.402231e-24   1.830116e-04   2.614552e-25   198
  4.521974e-01   5.211792e-24   2.080246e-04   1.684775e-25   552
  4.534970e-01   5.044402e-24   2.912202e-04   2.106054e-25   432
  4.545821e-01   5.036803e-24   0.000000e+00   2.829904e-25   168
  4.554927e-01   5.452484e-24   3.610065e-04   1.694911e-25   480
  4.566974e-01   5.471779e-24   0.000000e+00   3.488811e-25   120
  4.572396e-01   5.476382e-24   2.948545e-04   2.560554e-25   336
  4.585628e-01   5.394912e-24   2.080152e-04   1.646354e-25   672
  4.598711e-01   5.925711e-24   3.025866e-04   2.196330e-25   528
  4.604805e-01   4.495032e-24   9.082613e-09   2.261043e-25   168
  4.618883e-01   5.242666e-24   3.375333e-04   2.064124e-25   456
  4.627474e-01   5.362493e-24   2.061344e-04   3.469252e-25   168
  4.636392e-01   5.385091e-24   2.057643e-04   1.831383e-25   504
  4.651216e-01   4.765318e-24   2.647872e-04   1.903901e-25   336
  4.660180e-01   5.146318e-24   1.908802e-04   2.256379e-25   312
  4.670124e-01   4.603654e-24   1.865029e-04   1.421983e-25   504
  4.683210e-01   4.596968e-24   1.294009e-04   1.552366e-25   432
  4.689362e-01   4.582139e-24   1.999672e-04   1.941331e-25   312
  4.702151e-01   4.559714e-24   2.049761e-04   1.859655e-25   384
  4.715504e-01   4.947499e-24   1.741510e-04   3.205155e-25   126
  4.723748e-01   5.180295e-24   3.057676e-04   1.951838e-25   492
  4.734278e-01   4.858570e-24   1.958445e-04   2.007552e-25   528
  4.747438e-01   4.683480e-24   1.989360e-04   1.530142e-25   480
  4.755596e-01   5.175041e-24   2.748289e-04   1.999319e-25   432
  4.767402e-01   4.799312e-24   2.161166e-04   1.883309e-25   440
  4.781114e-01   4.770737e-24   1.074739e-04   2.124150e-25   312
  4.786259e-01   4.278114e-24   1.610586e-04   1.507624e-25   480
  4.796813e-01   4.324343e-24   3.153497e-04   1.934976e-25   408
  4.812233e-01   4.972758e-24   1.888588e-04   1.745951e-25   360
  4.818747e-01   4.614758e-24   1.822418e-04   1.943121e-25   408
  4.830820e-01   4.012837e-24   1.854542e-04   1.296365e-25   456
  4.844414e-01   4.726059e-24   1.772485e-04   2.348512e-25   264
  4.851959e-01   4.389750e-24   1.923591e-04   1.628150e-25   384
  4.862943e-01   4.709732e-24   3.238501e-04   1.569169e-25   672
  4.875640e-01   4.944728e-24   1.937042e-04   2.638554e-25   240
  4.882967e-01   3.752858e-24   1.965613e-04   1.530200e-25   264
  4.893308e-01   3.794108e-24   2.424259e-04   1.109760e-25   624
  4.908739e-01   4.015802e-24   0.000000e+00   2.706787e-25   150
  4.914232e-01   4.589012e-24   2.716574e-04   1.550852e-25   600
  4.925819e-01   4.756345e-24   1.874909e-04   1.541889e-25   672
  4.938939e-01   4.532735e-24   1.763484e-04   1.829940e-25   336
  4.946248e-01   4.658965e-24   1.918157e-04   1.897034e-25   408
  4.957926e-01   4.424805e-24   1.913639e-04   1.701084e-25   408
  4.970915e-01   4.678216e-24   9.676385e-05   1.523284e-25   360
  4.978921e-01   4.442308e-24   3.552857e-04   1.646098e-25   456
  4.988592e-01   4.285619e-24   1.932065e-04   1.794006e-25   384
  5.000902e-01   4.149383e-24   1.783541e-04   1.793490e-25   348
  5.007554e-01   4.577822e-24   2.198754e-04   1.674922e-25   576
  5.020050e-01   4.109749e-24   1.810385e-04   1.341070e-25   504
  5.032833e-01   3.992922e-24   2.553443e-04   1.544719e-25   432
  5.043991e-01   4.138912e-24   3.473946e-04   1.316210e-25   576
  5.051948e-01   3.914200e-24   0.000000e+00   1.602978e-25   264
  5.064571e-01   3.750315e-24   2.764393e-04   9.843792e-26   768
  5.075549e-01   3.433959e-24   3.721752e-04   1.544802e-25   240
  5.084277e-01   3.457790e-24   3.282233e-04   2.159075e-25   192
  5.096990e-01   3.996797e-24   2.416124e-04   1.469090e-25   504
  5.106418e-01   4.152432e-24   3.255818e-04   1.436646e-25   590
  5.115460e-01   4.345584e-24   3.647966e-04   1.734961e-25   384
  5.126798e-01   4.241988e-24   3.048625e-04   1.783474e-25   504
  5.140486e-01   4.270450e-24   2.933830e-04   1.419523e-25   648
  5.153764e-01   3.610801e-24   7.967896e-05   1.460396e-25   504
  5.159117e-01   3.439274e-24   1.817627e-04   1.556821e-25   312
  5.168569e-01   4.190597e-24   2.618753e-04   1.437330e-25   576
  5.181545e-01   4.183911e-24   1.822405e-04   2.114582e-25   240
  5.189109e-01   3.812268e-24   1.841453e-04   1.193777e-25   552
  5.199816e-01   4.287259e-24   1.729082e-04   1.599606e-25   600
  5.215067e-01   3.905238e-24   2.111937e-04   1.247334e-25   600
  5.224237e-01   3.867762e-24   3.382099e-04   1.690510e-25   312
  5.233368e-01   3.967844e-24   2.945474e-04   1.406966e-25   480
  5.244775e-01   3.397988e-24   1.837693e-04   1.101106e-25   576
  5.254818e-01   3.977003e-24   2.959085e-04   1.799172e-25   408
  5.263729e-01   2.694794e-24   3.451909e-04   1.358415e-25   216
  5.275243e-01   3.638216e-24   2.643774e-04   1.210614e-25   516
  5.287578e-01   3.645748e-24   2.522429e-04   1.087059e-25   744
  5.300304e-01   3.929774e-24   1.684760e-04   1.340200e-25   462
  5.307494e-01   3.463978e-24   1.712315e-04   1.245733e-25   432
  5.318647e-01   3.791289e-24   1.588547e-04   1.319196e-25   648
  5.331761e-01   3.758858e-24   2.324340e-04   1.547008e-25   528
  5.342295e-01   4.174737e-24   2.799086e-04   1.462044e-25   600
  5.352820e-01   4.624763e-24   3.528915e-04   2.369312e-25   240
  5.363014e-01   3.557492e-24   2.703115e-04   1.101479e-25   720
  5.374863e-01   3.819838e-24   2.138653e-04   1.308771e-25   720
  5.387997e-01   2.791398e-24   0.000000e+00   1.849656e-25   144
  5.394909e-01   3.911839e-24   2.757364e-04   1.174141e-25   720
  5.404742e-01   3.614236e-24   1.653370e-04   1.615562e-25   384
  5.417051e-01   3.323681e-24   1.832848e-04   9.826790e-26   672
  5.428730e-01   3.505918e-24   3.209115e-04   1.771227e-25   336
  5.434308e-01   3.402175e-24   0.000000e+00   1.674852e-25   288
  5.447967e-01   3.421468e-24   2.539800e-04   9.461142e-26   776
  5.460612e-01   3.086811e-24   2.173184e-04   8.762632e-26   720
  5.471231e-01   3.303329e-24   1.750659e-04   1.382209e-25   432
  5.479725e-01   3.648038e-24   2.495786e-04   1.421420e-25   504
  5.489174e-01   3.297451e-24   1.748652e-04   1.187151e-25   528
  5.502396e-01   3.365297e-24   2.382437e-04   1.338242e-25   438
  5.513273e-01   3.509221e-24   2.772938e-04   1.213950e-25   624
  5.521470e-01   3.521748e-24   3.396475e-04   1.667300e-25   312
  5.532738e-01   3.967868e-24   1.829935e-04   1.223749e-25   696
  5.544390e-01   3.666048e-24   1.655760e-04   1.434547e-25   552
  5.556509e-01   3.677427e-24   1.281006e-04   1.754235e-25   516
  5.564006e-01   3.819661e-24   2.558713e-04   1.382647e-25   528
  5.573133e-01   2.707984e-24   1.664001e-04   9.403590e-26   528
  5.586097e-01   3.666798e-24   2.194479e-04   1.119683e-25   864
  5.594897e-01   3.773048e-24   3.005985e-04   1.758508e-25   408
  5.603706e-01   4.077469e-24   2.978186e-04   2.430496e-25   192
  5.616191e-01   3.220899e-24   2.464592e-04   9.922533e-26   720
  5.626731e-01   3.456597e-24   2.272475e-04   1.364810e-25   696
  5.639255e-01   3.317189e-24   2.454294e-04   1.085684e-25   720
  5.650713e-01   3.460569e-24   3.326501e-04   1.307894e-25   432
  5.657395e-01   3.074045e-24   1.958109e-04   1.437898e-25   264
  5.669418e-01   3.279994e-24   2.704061e-04   1.167048e-25   672
  5.680171e-01   3.252271e-24   2.768544e-04   1.176338e-25   600
  5.692933e-01   2.422241e-24   1.620980e-04   1.190861e-25   270
  5.699366e-01   3.299147e-24   2.440026e-04   1.376437e-25   528
  5.709591e-01   3.351536e-24   1.670843e-04   1.007926e-25   840
  5.723613e-01   3.540676e-24   3.194952e-04   1.180928e-25   888
  5.736568e-01   3.049809e-24   2.380474e-04   1.055237e-25   744
  5.747517e-01   3.544212e-24   1.223216e-04   1.407320e-25   456
  5.752963e-01   4.046123e-24   1.671601e-04   1.658241e-25   360
  5.762282e-01   2.616294e-24   1.448348e-04   1.104469e-25   384
  5.776580e-01   3.360114e-24   2.323137e-04   1.048762e-25   816
  5.787308e-01   3.088892e-24   3.370546e-04   1.022934e-25   824
  5.800348e-01   3.293773e-24   1.566791e-04   1.362229e-25   360
  5.807331e-01   3.463517e-24   2.311994e-04   1.223529e-25   624
  5.816941e-01   3.618783e-24   1.562320e-04   1.545975e-25   360
  5.829744e-01   3.058325e-24   2.125215e-04   8.366448e-26   876
  5.841306e-01   3.110860e-24   2.524119e-04   1.024560e-25   696
  5.852967e-01   2.950345e-24   1.629911e-04   1.328992e-25   336
  5.859080e-01   3.429193e-24   1.628079e-04   1.392605e-25   504
  5.869176e-01   2.994654e-24   1.642187e-04   9.927017e-26   672
  5.884155e-01   2.855123e-24   3.269213e-04   8.455341e-26   720
  5.894543e-01   3.531622e-24   2.469541e-04   1.251778e-25   774
  5.906010e-01   3.286861e-24   1.413501e-04   1.653867e-25   384
  5.912015e-01   3.457623e-24   2.720183e-04   1.424714e-25   528
  5.921335e-01   3.357937e-24   2.592486e-04   1.071298e-25   744
  5.936327e-01   3.343576e-24   2.138251e-04   1.109384e-25   768
  5.946281e-01   3.115283e-24   2.400348e-04   1.341252e-25   552
  5.958700e-01   3.113184e-24   2.616108e-04   9.973165e-26   696
  5.967938e-01   3.805196e-24   3.179026e-04   1.603894e-25   408
  5.975272e-01   3.804761e-24   1.373364e-04   1.470764e-25   504
  5.986899e-01   3.249859e-24   2.467198e-04   9.798389e-26   888
  5.998339e-01   3.176950e-24   2.564132e-04   1.143451e-25   648
  6.010230e-01   3.098162e-24   2.542153e-04   1.104167e-25   648
  6.021418e-01   3.289419e-24   2.741064e-04   1.084561e-25   792
  6.033268e-01   3.099286e-24   4.010364e-04   1.247216e-25   600
  6.042000e-01   2.836885e-24   2.717856e-04   1.051349e-25   456
  6.051191e-01   3.002861e-24   1.324567e-04   1.222636e-25   648
  6.062996e-01   2.938469e-24   2.583099e-04   8.191951e-26   936
  6.075741e-01   3.772568e-24   1.586356e-04   1.591768e-25   384
  6.086836e-01   2.852276e-24   1.334798e-08   1.643708e-25   198
  6.095398e-01   3.196503e-24   4.024720e-04   9.826208e-26   1224
  6.104634e-01   4.342136e-24   2.931235e-04   2.310892e-25   420
  6.115558e-01   3.241606e-24   2.836822e-04   1.244156e-25   792
  6.126238e-01   3.146227e-24   2.345810e-04   1.029544e-25   680
  6.138428e-01   3.407080e-24   2.154033e-04   1.393711e-25   600
  6.148235e-01   3.018436e-24   3.123938e-04   9.693902e-26   840
  6.161330e-01   3.036555e-24   1.474979e-04   1.182461e-25   432
  6.166334e-01   3.563706e-24   1.382249e-04   1.432706e-25   720
  6.177213e-01   3.239072e-24   2.768404e-04   8.613969e-26   960
  6.190745e-01   2.944155e-24   2.467829e-04   1.065755e-25   528
  6.200634e-01   3.320058e-24   2.522592e-04   1.320377e-25   624
  6.212404e-01   3.072102e-24   1.982740e-04   9.090204e-26   816
  6.224086e-01   2.954588e-24   3.260658e-04   1.006911e-25   696
  6.236996e-01   2.639103e-24   2.202416e-08   1.368134e-25   240
  6.241851e-01   3.100369e-24   1.922888e-04   1.006936e-25   672
  6.252686e-01   2.981237e-24   3.436476e-04   9.285192e-26   864
  6.264840e-01   2.435750e-24   2.636938e-04   6.826596e-26   816
  6.275795e-01   2.829031e-24   1.509292e-04   8.848527e-26   648
  6.287594e-01   3.366590e-24   1.542771e-04   1.261796e-25   843
  6.297611e-01   2.849016e-24   2.775825e-04   1.075835e-25   780
  6.309548e-01   3.689584e-24   1.489456e-04   3.803699e-25   216
  6.316911e-01   3.108690e-24   3.591661e-04   9.236706e-26   1056
  6.328235e-01   3.023145e-24   2.938382e-04   1.908792e-25   228
  6.338720e-01   3.285753e-24   3.658358e-04   1.070512e-25   924
  6.349484e-01   3.087969e-24   1.357046e-04   9.502373e-26   696
  6.360882e-01   3.010236e-24   2.415153e-04   9.134922e-26   996
  6.372543e-01   2.581371e-24   1.425858e-04   1.020643e-25   576
  6.384675e-01   2.849650e-24   2.200718e-04   1.195837e-25   552
  6.393519e-01   2.981145e-24   2.627580e-04   1.322250e-25   516
  6.402494e-01   2.994537e-24   3.821047e-04   1.160402e-25   744
  6.412749e-01   2.450532e-24   1.874451e-04   8.424343e-26   576
  6.421669e-01   2.649650e-24   1.929285e-04   8.727532e-26   792
  6.434346e-01   2.662522e-24   2.205530e-04   8.431967e-26   792
  6.443636e-01   2.910727e-24   2.378641e-04   9.774140e-26   720
  6.456200e-01   2.786536e-24   2.711104e-04   9.016893e-26   656
  6.467974e-01   2.743362e-24   2.960385e-04   9.187637e-26   816
  6.480043e-01   2.677079e-24   1.596190e-04   1.244550e-25   492
  6.486903e-01   2.975036e-24   2.296231e-04   1.233940e-25   552
  6.499778e-01   2.239620e-24   3.992867e-04   7.365259e-26   780
  6.508139e-01   2.581161e-24   2.452771e-04   9.143863e-26   528
  6.517148e-01   2.325010e-24   2.863130e-04   7.257228e-26   600
  6.530425e-01   2.758199e-24   2.379487e-04   8.057749e-26   900
  6.539577e-01   2.592160e-24   1.317325e-04   9.473249e-26   696
  6.552168e-01   2.440270e-24   3.330907e-04   8.616431e-26   696
  6.564349e-01   2.281283e-24   1.351317e-04   7.548442e-26   552
  6.574592e-01   2.427548e-24   1.571457e-04   9.173765e-26   708
  6.585322e-01   2.352147e-24   2.594565e-04   7.424122e-26   876
  6.596487e-01   2.768696e-24   1.377663e-04   1.773510e-25   216
  6.603980e-01   2.544732e-24   3.768094e-04   6.559912e-26   1032
  6.615201e-01   2.200819e-24   4.195357e-04   7.387564e-26   600
  6.626848e-01   1.978806e-24   2.001869e-04   7.350559e-26   600
  6.635732e-01   2.428425e-24   3.535112e-04   9.628447e-26   528
  6.646233e-01   2.471838e-24   1.940622e-04   8.692834e-26   732
  6.657296e-01   2.541282e-24   1.432973e-04   1.286284e-25   336
  6.670031e-01   2.287637e-24   2.042271e-04   7.253901e-26   912
  6.679548e-01   2.164805e-24   2.049821e-04   7.033917e-26   624
  6.689946e-01   2.297085e-24   1.727341e-04   6.929944e-26   768
  6.702082e-01   2.388014e-24   3.116463e-04   6.576195e-26   792
  6.713995e-01   2.369064e-24   1.545014e-04   7.526674e-26   660
  6.722471e-01   2.621711e-24   2.276826e-04   1.239854e-25   504
  6.731238e-01   2.068730e-24   3.719898e-04   8.512586e-26   480
  6.744376e-01   1.960666e-24   3.440421e-04   5.173224e-26   912
  6.754664e-01   2.350353e-24   3.831443e-04   1.093878e-25   432
  6.764380e-01   2.386822e-24   2.275021e-04   8.679734e-26   564
  6.773006e-01   2.247934e-24   2.177508e-04   8.427988e-26   600
  6.785149e-01   2.311261e-24   3.035240e-04   7.469490e-26   876
  6.794272e-01   2.161519e-24   1.364735e-04   1.178965e-25   264
  6.806846e-01   2.205813e-24   2.648123e-04   8.949296e-26   560
  6.816953e-01   2.076121e-24   1.799457e-04   5.892775e-26   840
  6.829222e-01   1.950088e-24   2.774244e-04   5.285073e-26   1008
  6.840568e-01   1.734305e-24   1.241010e-04   6.117751e-26   456
  6.850930e-01   2.322968e-24   1.607553e-04   8.377210e-26   576
  6.860509e-01   2.138293e-24   2.470177e-04   7.274375e-26   612
  6.873140e-01   2.019595e-24   2.206269e-04   6.261449e-26   780
  6.883444e-01   2.202627e-24   2.528284e-04   7.329993e-26   648
  6.893992e-01   1.894603e-24   1.178213e-04   9.864158e-26   312
  6.900734e-01   1.908697e-24   2.993645e-04   6.900851e-26   528
  6.912414e-01   1.936335e-24   3.909551e-04   5.315238e-26   720
  6.923583e-01   1.837448e-24   3.921794e-04   6.695498e-26   576
  6.937124e-01   1.906857e-24   3.383053e-04   6.968021e-26   444
  6.945549e-01   2.073200e-24   3.317685e-04   5.000752e-26   996
  6.955874e-01   1.800555e-24   2.771265e-04   8.155059e-26   432
  6.965633e-01   2.060672e-24   3.033990e-04   8.079744e-26   504
  6.974062e-01   1.777706e-24   1.367883e-04   6.735174e-26   504
  6.986065e-01   2.070698e-24   2.692009e-04   5.717477e-26   876
  6.996926e-01   1.895561e-24   3.098246e-04   5.512241e-26   504
  7.008236e-01   1.734184e-24   1.975899e-04   5.348392e-26   696
  7.017583e-01   1.789787e-24   1.689187e-04   5.530773e-26   492
  7.030300e-01   1.743104e-24   2.418152e-04   6.288575e-26   432
  7.039719e-01   1.955442e-24   2.264335e-04   6.475745e-26   768
  7.050885e-01   1.770756e-24   2.820533e-04   5.342167e-26   648
  7.061547e-01   1.679285e-24   1.840095e-04   6.143824e-26   456
  7.073798e-01   1.965246e-24   2.530430e-04   6.605506e-26   552
  7.082306e-01   1.766603e-24   1.734358e-04   5.451900e-26   648
  7.094016e-01   1.775813e-24   2.826907e-04   5.052208e-26   840
  7.105454e-01   1.780000e-24   1.348092e-04   6.703129e-26   432
  7.116906e-01   1.743776e-24   1.651183e-04   5.730403e-26   600
  7.124870e-01   1.753195e-24   1.759227e-04   6.603454e-26   432
  7.138248e-01   2.047559e-24   1.751482e-04   7.251658e-26   560
  7.147308e-01   1.678273e-24   2.772412e-04   4.336084e-26   840
  7.158652e-01   1.750945e-24   1.642140e-04   6.330963e-26   504
  7.167662e-01   1.757996e-24   3.351509e-04   5.342007e-26   696
  7.180362e-01   1.669426e-24   1.830475e-04   7.230644e-26   384
  7.190254e-01   1.539675e-24   2.681431e-04   4.661335e-26   576
  7.202219e-01   1.710300e-24   1.654845e-04   6.633582e-26   360
  7.211864e-01   1.792803e-24   2.464465e-04   5.147798e-26   828
  7.222268e-01   1.672363e-24   2.195064e-04   5.575860e-26   372
  7.231800e-01   1.728581e-24   3.352284e-04   5.689285e-26   576
  7.244428e-01   1.837339e-24   1.403933e-04   5.531774e-26   636
  7.253425e-01   1.814427e-24   2.706420e-04   5.795691e-26   648
  7.265596e-01   1.682279e-24   2.200024e-04   5.262842e-26   576
  7.274333e-01   1.590250e-24   3.548870e-04   4.642775e-26   528
  7.285953e-01   1.601145e-24   1.517289e-04   7.680831e-26   360
  7.295571e-01   1.423370e-24   3.490332e-04   3.812595e-26   672
  7.308130e-01   1.662977e-24   1.787806e-04   4.933657e-26   804
  7.318582e-01   1.804929e-24   1.972163e-04   7.121477e-26   408
  7.330145e-01   1.757409e-24   1.219011e-04   7.386971e-26   384
  7.337931e-01   1.512618e-24   2.789567e-04   5.252058e-26   480
  7.348913e-01   1.467401e-24   1.802469e-04   5.429584e-26   432
  7.359446e-01   1.758821e-24   3.321566e-04   5.279011e-26   648
  7.371913e-01   1.719285e-24   2.061016e-04   5.710735e-26   624
  7.381033e-01   1.611924e-24   1.874668e-04   6.478849e-26   456
  7.393486e-01   1.519033e-24   2.560963e-04   5.175161e-26   588
  7.401831e-01   1.598635e-24   1.633884e-04   5.035298e-26   600
  7.414016e-01   1.647879e-24   2.548458e-04   4.994964e-26   708
  7.423640e-01   1.697878e-24   1.605479e-04   7.001761e-26   360
  7.434275e-01   1.632754e-24   1.845541e-04   5.781206e-26   552
  7.444470e-01   1.511897e-24   1.294691e-04   7.231938e-26   288
  7.454820e-01   1.530255e-24   2.434372e-04   5.028852e-26   528
  7.464545e-01   1.612171e-24   1.642340e-04   6.105177e-26   456
  7.475410e-01   1.565945e-24   2.912225e-04   5.329440e-26   608
  7.486338e-01   1.447463e-24   1.408967e-04   4.799890e-26   504
  7.498278e-01   1.351913e-24   3.024972e-04   4.401976e-26   540
  7.507642e-01   1.690299e-24   3.247222e-04   6.745436e-26   360
  7.517735e-01   1.624839e-24   1.470509e-04   5.176760e-26   540
  7.526661e-01   1.410266e-24   1.262606e-04   4.927935e-26   576
  7.539642e-01   1.452410e-24   2.927555e-04   4.442206e-26   588
  7.551985e-01   1.352864e-24   4.039143e-04   4.007417e-26   672
  7.562588e-01   1.529858e-24   3.087151e-04   4.861566e-26   552
  7.571135e-01   1.487699e-24   3.088712e-04   8.965359e-26   144
  7.582042e-01   1.560283e-24   2.624178e-04   4.857193e-26   600
  7.592383e-01   1.351239e-24   3.288668e-04   4.785950e-26   504
  7.603860e-01   1.550794e-24   3.378126e-04   6.751630e-26   336
  7.615932e-01   1.396250e-24   3.797028e-04   4.444225e-26   600
  7.626744e-01   1.365046e-24   2.450478e-04   4.459438e-26   636
  7.638413e-01   1.567666e-24   1.970206e-04   6.334427e-26   384
  7.646595e-01   1.532718e-24   2.748205e-04   5.922747e-26   504
  7.658387e-01   1.511522e-24   1.153383e-04   8.158132e-26   240
  7.667694e-01   1.597661e-24   2.709461e-04   4.719999e-26   744
  7.678860e-01   1.397417e-24   1.850150e-04   4.054452e-26   648
  7.688783e-01   1.895835e-24   1.228185e-04   1.074990e-25   120
  7.700414e-01   1.510676e-24   1.929319e-04   4.707113e-26   564
  7.709202e-01   1.448840e-24   3.030111e-04   5.347657e-26   432
  7.720932e-01   1.482659e-24   2.351965e-04   5.110746e-26   480
  7.729764e-01   1.256198e-24   1.731106e-04   4.443769e-26   456
  7.740189e-01   1.522927e-24   2.864725e-04   5.481714e-26   444
  7.752020e-01   1.313537e-24   4.383180e-04   4.705946e-26   528
  7.762412e-01   1.407237e-24   3.255297e-04   7.127911e-26   264
  7.772498e-01   1.454616e-24   3.336195e-04   4.791577e-26   444
  7.786065e-01   1.430611e-24   3.654311e-04   4.033955e-26   696
  7.797327e-01   1.468329e-24   1.954448e-04   5.985258e-26   384
  7.805563e-01   1.390426e-24   2.469609e-04   5.695062e-26   432
  7.818373e-01   1.414737e-24   1.706384e-04   4.902725e-26   488
  7.826690e-01   1.486830e-24   2.571733e-04   5.484261e-26   480
  7.838749e-01   1.389040e-24   2.868014e-04   5.116729e-26   480
  7.848089e-01   1.205112e-24   1.203331e-04   6.369256e-26   240
  7.858692e-01   1.390214e-24   2.810886e-04   4.332018e-26   600
  7.868694e-01   1.296006e-24   2.449399e-04   6.808351e-26   288
  7.879343e-01   1.418767e-24   2.356143e-04   4.923270e-26   480
  7.890129e-01   1.252116e-24   4.191157e-04   4.586753e-26   504
  7.900748e-01   1.433960e-24   1.798267e-04   7.062483e-26   216
  7.914291e-01   1.372437e-24   2.944050e-04   5.089116e-26   504
  7.924838e-01   1.364337e-24   2.367912e-04   4.688006e-26   456
  7.936384e-01   1.550329e-24   1.358038e-04   5.908381e-26   384
  7.944031e-01   1.495022e-24   2.756326e-04   5.732469e-26   480
  7.954897e-01   1.193179e-24   2.420363e-04   4.341469e-26   504
  7.964966e-01   1.443012e-24   1.535327e-04   5.637737e-26   312
  7.975815e-01   1.307350e-24   2.474127e-04   4.291665e-26   492
  7.985417e-01   1.357745e-24   2.318919e-04   5.248118e-26   312
  7.997779e-01   1.321181e-24   3.766899e-04   4.480226e-26   576
  8.008661e-01   1.342804e-24   3.477153e-04   5.863882e-26   336
  8.017699e-01   1.191167e-24   2.677247e-04   5.428227e-26   240
  8.030228e-01   1.273438e-24   3.549351e-04   4.772509e-26   468
  8.041047e-01   1.328009e-24   2.222407e-04   7.582167e-26   192
  8.052370e-01   1.336456e-24   2.229031e-04   5.706595e-26   324
  8.060669e-01   1.347439e-24   1.617794e-04   4.312226e-26   600
  8.071978e-01   1.464977e-24   2.624704e-04   5.393598e-26   456
  8.080377e-01   1.499214e-24   1.180592e-04   7.512078e-26   336
  8.094297e-01   1.364300e-24   3.535027e-04   4.492924e-26   612
  8.104424e-01   1.077314e-24   2.966749e-04   6.898943e-26   144
  8.114002e-01   1.421305e-24   3.462957e-04   4.400687e-26   552
  8.127025e-01   1.031334e-24   1.363755e-04   5.795396e-26   264
  8.134384e-01   1.368045e-24   3.157441e-04   5.920435e-26   336
  8.145992e-01   1.145111e-24   2.086329e-04   4.386297e-26   384
  8.156059e-01   1.328415e-24   1.174397e-04   6.623297e-26   216
  8.167203e-01   1.144927e-24   2.489964e-04   4.727779e-26   344
  8.177364e-01   1.191849e-24   3.715143e-04   4.096819e-26   408
  8.189746e-01   1.198288e-24   2.854845e-04   5.897091e-26   264
  8.200718e-01   1.381844e-24   3.979796e-04   4.652985e-26   612
  8.211681e-01   1.481903e-24   2.048307e-04   5.518580e-26   408
  8.222956e-01   1.320811e-24   2.051251e-04   4.751776e-26   444
  8.231239e-01   1.778923e-24   1.147249e-04   1.244671e-25   120
  8.242338e-01   1.326103e-24   3.169640e-04   6.025457e-26   336
  8.250576e-01   1.165874e-24   1.101437e-04   4.802401e-26   288
  8.261708e-01   1.342378e-24   3.427692e-04   4.346115e-26   552
  8.277012e-01   1.522069e-24   1.835347e-08   1.381045e-25   72
  8.284882e-01   1.210017e-24   3.404572e-04   4.579058e-26   504
  8.294074e-01   9.356503e-25   1.095558e-04   4.478774e-26   216
  8.305983e-01   1.136566e-24   1.956043e-04   5.205437e-26   312
  8.316675e-01   1.252479e-24   2.227263e-04   5.400031e-26   336
  8.326865e-01   1.108400e-24   3.087236e-04   6.072281e-26   204
  8.337014e-01   1.202547e-24   3.587838e-04   4.079749e-26   504
  8.347777e-01   1.314512e-24   3.416652e-04   5.887472e-26   396
  8.358127e-01   1.327773e-24   3.133249e-04   5.898969e-26   312
  8.370674e-01   1.477278e-24   1.914750e-04   7.971035e-26   216
  8.379516e-01   1.242037e-24   1.039172e-04   7.170475e-26   168
  8.390260e-01   1.231273e-24   2.623966e-04   4.562811e-26   588
  8.402521e-01   1.134693e-24   3.561727e-04   5.822656e-26   240
  8.412047e-01   1.143942e-24   3.145601e-04   4.819711e-26   264
  8.423219e-01   1.244245e-24   3.890183e-04   5.684128e-26   288
  8.433131e-01   1.246733e-24   1.942596e-04   6.828806e-26   288
  8.445693e-01   1.145775e-24   1.824406e-04   5.302706e-26   288
  8.454153e-01   1.160161e-24   2.113423e-04   5.743316e-26   192
  8.464795e-01   1.037635e-24   2.248894e-04   4.762521e-26   264
  8.474933e-01   1.363582e-24   3.699119e-04   5.650749e-26   372
  8.485844e-01   1.401964e-24   3.995208e-04   6.042982e-26   360
  8.499161e-01   1.379529e-24   1.690810e-04   8.295297e-26   144
  8.506044e-01   1.186018e-24   2.348461e-04   6.342641e-26   296
  8.516909e-01   1.051068e-24   2.530345e-04   4.675497e-26   288
  8.529347e-01   1.222889e-24   3.781537e-04   4.024202e-26   480
  8.540076e-01   1.096116e-24   3.142096e-04   6.290624e-26   192
  8.550509e-01   1.062422e-24   3.370327e-04   7.004863e-26   192
  8.559992e-01   1.162898e-24   2.147949e-04   5.567636e-26   288
  8.573180e-01   9.798963e-25   1.869760e-04   6.699485e-26   108
  8.579823e-01   1.198528e-24   1.797545e-04   5.435425e-26   240
  8.591554e-01   9.711382e-25   3.353363e-04   3.456544e-26   384
  8.603605e-01   1.250196e-24   4.090723e-04   8.211880e-26   108
  8.614261e-01   1.511269e-24   2.398466e-04   7.363540e-26   348
  8.625466e-01   1.270480e-24   2.503134e-04   6.980166e-26   312
  8.635474e-01   1.113748e-24   2.432319e-04   1.175774e-25   96
  8.644677e-01   1.201557e-24   3.238194e-04   4.957883e-26   384
  8.654984e-01   1.042331e-24   2.227222e-04   5.873367e-26   144
  8.665066e-01   1.110256e-24   3.422225e-04   3.978846e-26   408
  8.677598e-01   1.104239e-24   1.526554e-04   6.445373e-26   144
  8.689437e-01   1.013693e-24   2.934816e-04   5.443729e-26   192
  8.696459e-01   1.214838e-24   3.303190e-04   7.886869e-26   144
  8.707904e-01   9.614719e-25   2.685615e-04   5.954447e-26   144
  8.718702e-01   1.126716e-24   3.282257e-04   4.801475e-26   336
  8.731927e-01   9.857461e-25   2.428454e-04   5.107738e-26   240
  8.740312e-01   1.118830e-24   1.102739e-04   7.291090e-26   96
  8.752007e-01   1.372851e-24   3.233803e-04   6.328768e-26   372
  8.763838e-01   1.032465e-24   3.846540e-04   8.733289e-26   132
  8.774230e-01   9.085906e-25   2.380193e-04   3.824731e-26   264
  8.783527e-01   1.312303e-24   1.827880e-04   7.883870e-26   168
  8.793449e-01   1.150196e-24   2.922429e-04   6.787369e-26   216
  8.802213e-01   1.179369e-24   1.787978e-04   6.940040e-26   216
  8.814979e-01   9.126893e-25   3.280196e-04   6.254724e-26   96
  8.826561e-01   1.227681e-24   2.140028e-04   8.850496e-26   120
  8.837183e-01   1.088038e-24   2.720578e-04   6.021026e-26   216
  8.845934e-01   9.863694e-25   1.188902e-04   5.561287e-26   200
  8.857519e-01   1.007411e-24   3.077557e-04   3.969679e-26   288
  8.872378e-01   9.606060e-25   8.097649e-05   5.500737e-26   144
  8.878635e-01   1.032393e-24   2.519939e-04   7.776793e-26   168
  8.891412e-01   1.106864e-24   2.835956e-04   8.184633e-26   159
  8.901386e-01   1.008384e-24   2.975600e-04   6.800126e-26   174
  8.911039e-01   9.564825e-25   2.698170e-04   4.647403e-26   144
  8.923678e-01   1.082316e-24   1.557998e-04   5.219110e-26   222
  8.932131e-01   8.491316e-25   1.572158e-04   3.990541e-26   168
  8.946732e-01   1.228357e-24   3.448346e-04   1.630613e-25   30
  8.952763e-01   6.797767e-25   3.044637e-04   4.663486e-26   72
  8.964123e-01   9.820691e-25   2.717302e-04   5.088477e-26   258
  8.976612e-01   1.005096e-24   1.701916e-04   4.690371e-26   264
  8.982857e-01   1.206317e-24   0.000000e+00   1.129756e-25   72
  8.995871e-01   8.916005e-25   3.373270e-04   5.222105e-26   174
  9.007654e-01   9.982045e-25   3.591909e-04   5.723622e-26   168
  9.017127e-01   6.150905e-25   1.123916e-08   7.204545e-26   48
  9.027297e-01   8.761864e-25   2.028435e-04   8.044778e-26   150
  9.039088e-01   9.706294e-25   3.731453e-04   5.489004e-26   168
  9.050911e-01   8.668177e-25   2.273028e-04   5.004764e-26   144
  9.061784e-01   1.179198e-24   2.123525e-04   7.767082e-26   102
  9.069882e-01   8.205531e-25   3.143182e-04   5.526425e-26   96
  9.082731e-01   9.032132e-25   3.119397e-04   6.127651e-26   120
  9.092246e-01   7.865842e-25   3.345635e-04   4.668144e-26   168
  9.102538e-01   1.019549e-24   2.470487e-04   7.070209e-26   126
  9.111308e-01   9.272298e-25   1.863241e-04   5.568476e-26   168
  9.123389e-01   7.834277e-25   2.987709e-04   7.075566e-26   72
  9.133947e-01   7.562905e-25   3.741278e-04   4.439245e-26   168
  9.143196e-01   1.008802e-24   1.025668e-04   8.819210e-26   78
  9.155870e-01   7.948378e-25   1.684070e-04   8.382893e-26   60
  9.166075e-01   1.190783e-24   2.731835e-04   8.872438e-26   96
  9.176659e-01   9.221124e-25   3.314854e-04   4.901134e-26   168
  9.186605e-01   7.619249e-25   2.097511e-04   7.135922e-26   86
  9.197042e-01   7.777478e-25   1.874678e-04   4.172359e-26   120
  9.212002e-01   7.607437e-25   1.336894e-04   5.178180e-26   168
  9.220069e-01   7.760396e-25   0.000000e+00   7.984286e-26   48
  9.230934e-01   8.508125e-25   2.435676e-04   6.929873e-26   120
  9.237177e-01   9.008340e-25   1.776924e-04   5.984835e-26   126
  9.252418e-01   9.590062e-25   3.125113e-04   7.370206e-26   96
  9.262310e-01   9.309177e-25   9.011285e-05   7.282150e-26   96
  9.270111e-01   7.281129e-25   0.000000e+00   5.311171e-26   72
  9.286731e-01   8.088422e-25   1.123916e-08   1.103156e-25   24
  9.297104e-01   8.734948e-25   1.854501e-04   6.276526e-26   120
  9.305196e-01   9.361275e-25   2.705147e-04   6.798387e-26   126
  9.314194e-01   7.290661e-25   2.255107e-04   5.376918e-26   96
  9.324708e-01   8.531536e-25   3.897482e-04   6.335793e-26   72
  9.336415e-01   7.720337e-25   1.685792e-04   4.374145e-26   144
  9.346046e-01   8.772772e-25   9.723254e-05   7.481945e-26   72
  9.355666e-01   7.125139e-25   1.942081e-04   5.370765e-26   54
  9.364132e-01   8.736650e-25   1.711436e-04   5.740435e-26   108
  9.381728e-01   8.614075e-25   1.677650e-04   9.770871e-26   72
  9.387206e-01   7.413488e-25   9.680617e-05   7.651703e-26   72
  9.400202e-01   8.372073e-25   1.946680e-08   1.134313e-25   24
  9.412498e-01   7.270205e-25   2.047976e-04   9.066744e-26   48
  9.419964e-01   9.767484e-25   1.560029e-04   7.727418e-26   102
  9.431203e-01   8.125494e-25   3.528137e-04   4.035145e-26   168
  9.445889e-01   6.457037e-25   1.924163e-04   5.375918e-26   72
  9.451330e-01   8.007543e-25   0.000000e+00   7.044441e-26   48
  9.462744e-01   9.027459e-25   3.309678e-04   8.488929e-26   120
  9.477807e-01   7.925565e-25   2.033864e-04   5.730870e-26   96
  9.492033e-01   8.151352e-25   2.202416e-08   1.226416e-25   30
  9.508942e-01   9.059386e-25   9.555995e-05   8.300606e-26   72
  9.516372e-01   7.720353e-25   1.123916e-08   1.016272e-25   24
  9.525916e-01   7.504858e-25   1.416435e-04   6.677446e-26   56
  9.536606e-01   8.399626e-25   2.021324e-04   5.399368e-26   96
  9.549399e-01   8.359351e-25   2.232036e-04   4.710446e-26   144
  9.559263e-01   7.899992e-25   1.267263e-04   6.180943e-26   54
  9.573592e-01   8.964584e-25   1.898493e-04   7.334344e-26   108
  9.588012e-01   9.516229e-25   1.005243e-04   1.023724e-25   48
  9.601739e-01   1.017300e-24   3.785063e-04   8.291456e-26   72
  9.634680e-01   6.870123e-25   2.500803e-04   3.656952e-26   78
  9.643808e-01   8.643022e-25   1.884669e-04   7.220462e-26   72
  9.654462e-01   7.588221e-25   1.882329e-04   7.444683e-26   72
  9.665603e-01   7.378947e-25   4.542266e-04   6.432819e-26   96
  9.674408e-01   7.334276e-25   1.878449e-04   7.736372e-26   72
  9.685029e-01   8.999667e-25   0.000000e+00   1.626383e-25   24
  9.695638e-01   9.346221e-25   3.748416e-04   8.947630e-26   72
  9.719599e-01   8.501552e-25   2.380359e-04   1.354479e-25   30
  9.724755e-01   5.637297e-25   0.000000e+00   7.026087e-26   24
  9.752466e-01   6.945975e-25   1.976584e-04   6.924800e-26   48
  9.761159e-01   7.799383e-25   4.253608e-04   4.898135e-26   120
  9.772870e-01   8.572868e-25   1.859776e-04   8.047534e-26   72
  9.784697e-01   7.344021e-25   1.857528e-04   9.328656e-26   36
  9.792826e-01   9.766993e-25   3.671339e-04   7.749586e-26   78
  9.815513e-01   6.528449e-25   1.963888e-04   7.019388e-26   48
  9.844928e-01   8.739594e-25   1.589457e-08   1.798130e-25   24
  9.865884e-01   7.163562e-25   1.367612e-04   6.450639e-26   56
  9.876436e-01   7.289928e-25   2.104496e-04   5.394965e-26   102
  9.889860e-01   8.715736e-25   1.498555e-08   7.211710e-26   72
  9.897653e-01   8.061997e-25   0.000000e+00   7.252315e-26   24
  9.911277e-01   8.407880e-25   1.944913e-04   9.888962e-26   48
  9.936528e-01   1.236609e-24   0.000000e+00   1.883956e-25   24
  9.967520e-01   1.296411e-24   0.000000e+00   1.484022e-25   6
  9.977185e-01   6.917804e-25   0.000000e+00   8.088659e-26   24
  9.983623e-01   7.125507e-25   1.820511e-04   5.037225e-26   72
  9.995384e-01   8.953055e-25   3.396336e-04   6.469379e-26   84
  1.000805e+00   1.093729e-24   0.000000e+00   1.416331e-25   24
  1.001190e+00   8.226821e-25   1.589457e-08   9.006282e-26   24
  1.003114e+00   8.991479e-25   1.123916e-08   1.539885e-25   24
  1.005800e+00   5.173337e-25   0.000000e+00   1.367276e-25   6
  1.009244e+00   9.503113e-25   1.910001e-04   1.006240e-25   48
  1.010072e+00   8.842811e-25   3.598129e-04   6.055735e-26   72
  1.011152e+00   8.500141e-25   1.906396e-04   6.010225e-26   48
  1.012867e+00   1.040271e-24   0.000000e+00   1.763871e-25   24
  1.015148e+00   9.110961e-25   1.123916e-08   5.418923e-26   6
  1.020262e+00   1.164572e-24   0.000000e+00   8.468901e-26   8
  1.020640e+00   9.354996e-25   1.123916e-08   9.276725e-26   48
  1.021546e+00   8.412928e-25   1.848806e-04   6.264749e-26   60
  1.022904e+00   9.105837e-25   0.000000e+00   1.044208e-25   24
  1.024787e+00   3.831067e-25   0.000000e+00   4.541594e-26   6
  1.031723e+00   7.368241e-25   0.000000e+00   8.311288e-26   24
  1.032283e+00   6.995491e-25   1.867372e-04   8.349123e-26   48
  1.033217e+00   5.818817e-25   0.000000e+00   9.705830e-26   24
  1.034708e+00   6.228181e-25   1.123916e-08   6.649343e-26   6
  1.043181e+00   8.238686e-25   1.742080e-04   7.870402e-26   36
  1.043797e+00   1.020313e-24   0.000000e+00   1.168360e-25   24
  1.044904e+00   1.404979e-24   0.000000e+00   2.539844e-25   6
  1.054545e+00   8.393710e-25   1.583190e-04   9.841398e-26   32
  1.055367e+00   7.322751e-25   1.123916e-08   7.908242e-26   6
  1.065728e+00   7.780199e-25   0.000000e+00   8.733221e-26   12
  1.066089e+00   8.395153e-25   0.000000e+00   1.590442e-25   6
  1.077063e+00   1.651273e-24   1.589457e-08   3.659670e-25   6
