# power spectrum of B
# redshift z=50.000000
# k              Pk             sigma(k)       sigma(Pk)      count
  1.963495e-02   1.259449e-17   0.000000e+00   1.838740e-18   6
  2.776802e-02   1.146629e-17   0.000000e+00   1.552634e-18   12
  3.400874e-02   7.044675e-18   3.725290e-10   2.688329e-18   8
  3.926991e-02   9.006360e-18   0.000000e+00   1.998748e-18   6
  4.390509e-02   1.685444e-17   0.000000e+00   2.117049e-18   24
  4.809562e-02   8.565494e-18   7.024475e-10   8.415932e-19   24
  5.553604e-02   6.423861e-18   0.000000e+00   8.993616e-19   12
  5.890486e-02   8.461156e-18   7.947286e-10   1.370300e-18   30
  6.209118e-02   1.021364e-17   0.000000e+00   1.155288e-18   24
  6.512178e-02   1.249321e-17   1.216675e-09   1.353045e-18   24
  6.801748e-02   8.121751e-18   7.450581e-10   1.906890e-18   8
  7.079483e-02   5.074052e-18   9.934107e-10   6.770022e-19   24
  7.346727e-02   8.600774e-18   0.000000e+00   7.751875e-19   48
  7.853982e-02   6.068726e-18   0.000000e+00   4.342853e-19   6
  8.095699e-02   6.362016e-18   1.404895e-09   6.510885e-19   48
  8.330406e-02   9.648530e-18   0.000000e+00   1.083339e-18   36
  8.558678e-02   4.208312e-18   9.934107e-10   7.258845e-19   24
  8.781018e-02   7.772565e-18   0.000000e+00   1.288294e-18   24
  8.997866e-02   5.484273e-18   0.000000e+00   4.304392e-19   48
  9.209610e-02   4.130271e-18   1.404895e-09   3.794776e-19   24
  9.619124e-02   5.273071e-18   1.404895e-09   7.853138e-19   24
  9.817477e-02   5.011811e-18   0.000000e+00   5.922530e-19   30
  1.001190e-01   5.089252e-18   0.000000e+00   5.002653e-19   72
  1.020262e-01   6.994490e-18   1.490116e-09   7.588674e-19   32
  1.057375e-01   5.334812e-18   0.000000e+00   4.236309e-19   72
  1.075451e-01   6.950869e-18   0.000000e+00   6.237619e-19   48
  1.110721e-01   1.546051e-18   0.000000e+00   2.799753e-19   12
  1.127942e-01   4.922578e-18   0.000000e+00   4.483514e-19   48
  1.144905e-01   4.015069e-18   0.000000e+00   4.220488e-19   48
  1.161620e-01   3.207855e-18   1.404895e-09   3.059512e-19   48
  1.178097e-01   3.195238e-18   1.589457e-09   4.392509e-19   30
  1.194348e-01   4.043468e-18   1.404895e-09   6.240674e-19   24
  1.210380e-01   4.572844e-18   2.961779e-09   3.924083e-19   72
  1.241824e-01   4.871590e-18   0.000000e+00   8.111337e-19   24
  1.257251e-01   4.746300e-18   0.000000e+00   3.342717e-19   96
  1.272490e-01   3.140129e-18   0.000000e+00   3.033972e-19   48
  1.287550e-01   3.062610e-18   2.433349e-09   2.813598e-19   24
  1.302436e-01   5.697687e-18   2.433349e-09   8.199482e-19   24
  1.317153e-01   4.330587e-18   0.000000e+00   4.251675e-19   72
  1.331707e-01   4.261953e-18   0.000000e+00   3.750883e-19   48
  1.360350e-01   2.462374e-18   1.490116e-09   2.513855e-19   8
  1.374447e-01   3.123902e-18   1.766064e-09   3.015272e-19   54
  1.388401e-01   2.478745e-18   0.000000e+00   1.785393e-19   84
  1.402216e-01   2.758494e-18   0.000000e+00   2.092396e-19   48
  1.415897e-01   4.814552e-18   1.986821e-09   5.288544e-19   24
  1.429446e-01   3.534661e-18   1.873193e-09   2.580772e-19   72
  1.442869e-01   3.140845e-18   0.000000e+00   2.050450e-19   96
  1.469345e-01   2.717063e-18   0.000000e+00   2.747540e-19   48
  1.482407e-01   3.555290e-18   0.000000e+00   4.361066e-19   48
  1.495354e-01   4.084480e-18   1.986821e-09   4.437265e-19   24
  1.508189e-01   3.563821e-18   0.000000e+00   3.859459e-19   72
  1.533539e-01   2.438019e-18   1.873193e-09   2.233545e-19   72
  1.546058e-01   2.404010e-18   0.000000e+00   1.689795e-19   96
  1.570796e-01   1.807540e-18   0.000000e+00   2.988532e-19   6
  1.583021e-01   2.391234e-18   0.000000e+00   1.905788e-19   96
  1.595151e-01   2.131162e-18   1.986821e-09   1.138409e-19   96
  1.607190e-01   3.159354e-18   0.000000e+00   3.363301e-19   24
  1.619140e-01   2.554359e-18   2.809790e-09   2.662473e-19   48
  1.631002e-01   2.064593e-18   0.000000e+00   1.420105e-19   96
  1.642778e-01   1.817235e-18   0.000000e+00   1.338279e-19   48
  1.666081e-01   2.227179e-18   0.000000e+00   3.144235e-19   36
  1.677611e-01   2.267028e-18   3.441276e-09   2.231670e-19   48
  1.689063e-01   2.524854e-18   3.893359e-09   1.835247e-19   120
  1.700437e-01   1.870295e-18   0.000000e+00   1.614678e-19   56
  1.711736e-01   1.782715e-18   1.986821e-09   2.207226e-19   24
  1.722960e-01   2.346412e-18   0.000000e+00   1.867436e-19   96
  1.734112e-01   2.066019e-18   0.000000e+00   2.478978e-19   48
  1.756204e-01   2.847879e-18   0.000000e+00   4.476282e-19   24
  1.767146e-01   2.228780e-18   0.000000e+00   1.541347e-19   102
  1.778021e-01   2.237151e-18   0.000000e+00   2.119012e-19   48
  1.788829e-01   2.155076e-18   0.000000e+00   1.920852e-19   72
  1.799573e-01   2.850686e-18   0.000000e+00   3.263697e-19   48
  1.810253e-01   1.959085e-18   0.000000e+00   1.959281e-19   48
  1.820871e-01   1.813861e-18   4.495664e-09   9.471955e-20   120
  1.841922e-01   1.216348e-18   2.809790e-09   1.526196e-19   24
  1.852358e-01   2.059772e-18   2.649095e-09   1.190298e-19   144
  1.862735e-01   1.715963e-18   3.178914e-09   1.094193e-19   120
  1.873055e-01   1.590960e-18   2.809790e-09   1.332422e-19   48
  1.893526e-01   2.109302e-18   2.809790e-09   1.483619e-19   48
  1.903679e-01   2.098192e-18   2.809790e-09   1.744417e-19   96
  1.930487e-01   1.557909e-18   4.711199e-04   1.546405e-19   72
  1.943761e-01   1.966294e-18   3.532127e-09   1.267327e-19   108
  1.953653e-01   1.517153e-18   0.000000e+00   1.748290e-19   72
  1.963495e-01   1.267384e-18   0.000000e+00   1.308401e-19   30
  1.973288e-01   1.498624e-18   0.000000e+00   8.564701e-20   168
  1.983033e-01   1.532206e-18   0.000000e+00   1.478838e-19   48
  2.002380e-01   1.749162e-18   0.000000e+00   1.437613e-19   72
  2.011984e-01   1.810435e-18   0.000000e+00   1.268765e-19   96
  2.021542e-01   1.841407e-18   5.298191e-09   1.480718e-19   72
  2.031055e-01   1.630588e-18   0.000000e+00   1.444023e-19   72
  2.047049e-01   1.561691e-18   4.350048e-04   1.390228e-19   104
  2.059331e-01   1.746396e-18   3.746387e-09   1.211851e-19   144
  2.087224e-01   1.384934e-18   6.282881e-09   9.650443e-20   96
  2.096439e-01   1.158184e-18   0.000000e+00   1.016369e-19   96
  2.111095e-01   1.535645e-18   4.475232e-04   1.052790e-19   120
  2.123845e-01   1.407060e-18   0.000000e+00   1.113146e-19   120
  2.132902e-01   1.587139e-18   0.000000e+00   1.133912e-19   72
  2.150901e-01   2.044930e-18   0.000000e+00   2.553868e-19   48
  2.159845e-01   1.230012e-18   4.235416e-09   9.749266e-20   78
  2.171286e-01   1.174401e-18   4.007142e-04   6.833862e-20   168
  2.195255e-01   1.357927e-18   3.746387e-09   8.016352e-20   144
  2.204018e-01   1.638434e-18   3.746387e-09   1.053230e-19   144
  2.229436e-01   1.294939e-18   2.307791e-04   8.415227e-20   156
  2.238729e-01   1.350315e-18   4.866699e-09   1.171235e-19   48
  2.247323e-01   1.394139e-18   3.178914e-09   1.286710e-19   120
  2.255884e-01   1.467641e-18   0.000000e+00   1.586259e-19   48
  2.271022e-01   1.263843e-18   3.532495e-04   6.273195e-20   216
  2.289809e-01   1.143023e-18   0.000000e+00   1.232108e-19   48
  2.298212e-01   1.038890e-18   2.809790e-09   7.043478e-20   96
  2.310160e-01   1.088859e-18   4.128272e-04   7.701341e-20   168
  2.323239e-01   1.169122e-18   2.809790e-09   1.467578e-19   48
  2.331522e-01   1.489739e-18   0.000000e+00   1.098231e-19   96
  2.339775e-01   9.704901e-19   0.000000e+00   6.957005e-20   48
  2.356194e-01   5.910476e-19   3.178914e-09   6.115786e-20   30
  2.364362e-01   1.203991e-18   2.809790e-09   7.841786e-20   96
  2.374123e-01   1.086363e-18   3.244455e-04   5.020781e-20   240
  2.386674e-01   1.086098e-18   3.500299e-04   2.581458e-19   32
  2.396752e-01   8.447835e-19   0.000000e+00   4.153410e-20   168
  2.404781e-01   1.376729e-18   0.000000e+00   9.227852e-20   120
  2.420760e-01   1.482297e-18   5.923557e-09   1.182571e-19   72
  2.428710e-01   1.098061e-18   3.746387e-09   6.897751e-20   144
  2.436634e-01   9.980008e-19   0.000000e+00   6.803283e-20   96
  2.444532e-01   1.051150e-18   0.000000e+00   8.491131e-20   96
  2.460253e-01   1.610649e-18   4.588368e-09   1.238684e-19   72
  2.468075e-01   1.046873e-18   3.973643e-09   6.265170e-20   96
  2.483647e-01   1.196160e-18   0.000000e+00   1.273921e-19   24
  2.491396e-01   1.068574e-18   0.000000e+00   5.898040e-20   192
  2.500522e-01   9.390912e-19   2.970416e-04   8.316332e-20   132
  2.514501e-01   1.178378e-18   0.000000e+00   1.137001e-19   96
  2.522156e-01   7.910636e-19   0.000000e+00   6.981580e-20   96
  2.529787e-01   8.498896e-19   3.178914e-09   6.245476e-20   120
  2.544981e-01   6.068894e-19   0.000000e+00   6.435296e-20   48
  2.557435e-01   1.123416e-18   3.599905e-04   6.378969e-20   222
  2.567603e-01   8.940955e-19   0.000000e+00   6.406854e-20   120
  2.575100e-01   6.443009e-19   4.866699e-09   1.027687e-19   24
  2.586015e-01   1.060238e-18   3.715625e-04   5.087693e-20   312
  2.609797e-01   8.482973e-19   3.483547e-04   7.787104e-20   72
  2.619630e-01   1.228903e-18   2.809790e-09   8.131045e-20   96
  2.629726e-01   8.674781e-19   3.547511e-04   5.046314e-20   192
  2.641613e-01   8.351721e-19   4.495664e-09   6.603765e-20   120
  2.648900e-01   7.113857e-19   0.000000e+00   4.550339e-20   144
  2.663415e-01   1.026356e-18   0.000000e+00   1.664966e-19   48
  2.673732e-01   8.687674e-19   3.567146e-04   3.861566e-20   336
  2.685040e-01   1.196802e-18   0.000000e+00   1.562569e-19   48
  2.699360e-01   9.251106e-19   0.000000e+00   6.767940e-20   192
  2.706492e-01   5.929214e-19   0.000000e+00   7.299045e-20   48
  2.726764e-01   7.973914e-19   2.476067e-04   6.563752e-20   56
  2.736844e-01   9.654584e-19   3.180112e-04   4.199426e-20   336
  2.748894e-01   1.203545e-18   3.532127e-09   1.553508e-19   54
  2.759390e-01   8.074916e-19   3.492904e-04   4.811290e-20   240
  2.781181e-01   7.365599e-19   3.344484e-04   4.079211e-20   228
  2.790651e-01   7.338384e-19   3.746387e-09   5.836043e-20   72
  2.799844e-01   9.396545e-19   3.244231e-04   5.996087e-20   144
  2.811298e-01   1.032065e-18   0.000000e+00   9.439350e-20   96
  2.818146e-01   8.465396e-19   4.495664e-09   4.686515e-20   240
  2.831793e-01   6.698136e-19   3.973643e-09   1.121737e-19   24
  2.840530e-01   8.843069e-19   3.064151e-04   3.671558e-20   336
  2.852142e-01   3.906447e-19   0.000000e+00   4.072157e-20   72
  2.862741e-01   7.368210e-19   3.332831e-04   3.647328e-20   168
  2.872346e-01   1.050040e-18   0.000000e+00   1.291475e-19   72
  2.885737e-01   9.045501e-19   0.000000e+00   7.811179e-20   96
  2.896108e-01   5.699766e-19   3.307829e-04   3.009260e-20   216
  2.905708e-01   1.122505e-18   3.973643e-09   8.435925e-20   96
  2.918946e-01   8.545109e-19   0.000000e+00   5.146559e-20   192
  2.925542e-01   8.404980e-19   3.746387e-09   5.710275e-20   144
  2.938691e-01   7.736657e-19   0.000000e+00   7.332563e-20   48
  2.947794e-01   5.843534e-19   3.189136e-04   2.745505e-20   246
  2.960164e-01   8.100670e-19   2.940434e-04   6.061484e-20   168
  2.971308e-01   6.128212e-19   5.506041e-09   2.971430e-20   120
  2.977788e-01   7.493046e-19   0.000000e+00   4.284559e-20   240
  2.990707e-01   1.043907e-18   3.973643e-09   1.213325e-19   24
  3.001001e-01   7.236097e-19   3.147475e-04   3.017933e-20   360
  3.013820e-01   9.883669e-19   3.134082e-04   8.297228e-20   120
  3.022763e-01   7.682416e-19   0.000000e+00   4.977050e-20   144
  3.029133e-01   7.244685e-19   0.000000e+00   6.594383e-20   96
  3.048165e-01   8.065410e-19   0.000000e+00   5.254062e-20   144
  3.054482e-01   7.581412e-19   0.000000e+00   4.497184e-20   132
  3.063360e-01   6.650264e-19   3.093292e-04   3.862305e-20   176
  3.076248e-01   7.667196e-19   3.123602e-04   5.009372e-20   312
  3.092116e-01   6.129719e-19   0.000000e+00   4.987072e-20   96
  3.098343e-01   5.589769e-19   0.000000e+00   3.881719e-20   144
  3.107899e-01   7.511537e-19   3.092271e-04   4.237531e-20   312
  3.123131e-01   4.681067e-19   0.000000e+00   4.176019e-20   48
  3.129297e-01   8.859914e-19   3.973643e-09   4.640135e-20   192
  3.141593e-01   3.705371e-19   0.000000e+00   2.002807e-20   6
  3.149762e-01   5.592955e-19   2.884066e-04   2.796233e-20   288
  3.162994e-01   8.245250e-19   3.047203e-04   4.806680e-20   192
  3.172124e-01   8.085191e-19   9.345130e-09   4.277063e-20   216
  3.178195e-01   7.428373e-19   0.000000e+00   7.202557e-20   72
  3.193321e-01   6.142980e-19   3.018264e-04   3.595827e-20   192
  3.203366e-01   5.856193e-19   2.241224e-04   3.164823e-20   288
  3.214381e-01   1.149650e-18   0.000000e+00   1.481857e-19   24
  3.222890e-01   6.188790e-19   2.952626e-04   2.219032e-20   456
  3.238280e-01   7.359160e-19   5.619580e-09   9.879658e-20   48
  3.247789e-01   5.286195e-19   2.908218e-04   3.046199e-20   240
  3.258718e-01   6.985014e-19   2.939082e-04   3.931554e-20   216
  3.267908e-01   8.597240e-19   0.000000e+00   8.090119e-20   72
  3.273801e-01   6.004254e-19   1.015467e-08   4.659336e-20   168
  3.290441e-01   5.898404e-19   2.184577e-04   2.954126e-20   288
  3.299773e-01   7.727715e-19   2.890570e-04   5.619278e-20   168
  3.314762e-01   6.405417e-19   0.000000e+00   3.962049e-20   192
  3.320572e-01   7.072176e-19   3.746387e-09   5.609259e-20   144
  3.332162e-01   8.679574e-19   0.000000e+00   1.151602e-19   36
  3.341991e-01   6.807931e-19   2.639705e-04   3.785662e-20   342
  3.351389e-01   5.141290e-19   2.710657e-04   4.920114e-20   144
  3.363470e-01   5.869796e-19   2.842800e-04   2.713533e-20   384
  3.378125e-01   6.703120e-19   7.786718e-09   4.585510e-20   120
  3.385379e-01   6.662454e-19   2.534951e-04   3.674154e-20   264
  3.395201e-01   5.180521e-19   1.256576e-08   3.509620e-20   192
  3.404451e-01   6.521026e-19   2.731894e-04   5.459092e-20   152
  3.412191e-01   5.273809e-19   7.492773e-09   4.005404e-20   144
  3.428472e-01   4.813802e-19   1.768108e-04   2.962756e-20   216
  3.436008e-01   6.238785e-19   2.362665e-04   3.235810e-20   312
  3.449274e-01   7.662955e-19   2.738281e-04   3.789351e-20   240
  3.457090e-01   6.755837e-19   3.973643e-09   3.909156e-20   96
  3.471927e-01   3.626273e-19   2.617995e-04   2.649380e-20   144
  3.481071e-01   6.152195e-19   2.573258e-04   2.825983e-20   456
  3.495904e-01   4.391598e-19   0.000000e+00   4.468367e-20   120
  3.501414e-01   4.979146e-19   0.000000e+00   3.822848e-20   144
  3.512407e-01   7.522293e-19   0.000000e+00   1.279800e-19   24
  3.519456e-01   5.110665e-19   2.473498e-04   2.952316e-20   336
  3.531645e-01   6.578131e-19   2.727931e-04   4.904329e-20   198
  3.543067e-01   5.014072e-19   2.652756e-04   2.367440e-20   432
  3.556041e-01   7.577061e-19   0.000000e+00   8.750179e-20   48
  3.562810e-01   5.260205e-19   2.341925e-04   2.628735e-20   384
  3.574963e-01   4.202056e-19   2.696052e-04   2.825864e-20   144
  3.585975e-01   5.282672e-19   2.676825e-04   2.493735e-20   264
  3.599147e-01   4.639398e-19   0.000000e+00   3.994633e-20   48
  3.607984e-01   4.699150e-19   2.545223e-04   2.400854e-20   276
  3.616510e-01   4.934131e-19   2.307176e-04   3.111838e-20   192
  3.627906e-01   5.696071e-19   2.592759e-04   2.292161e-20   552
  3.641741e-01   5.098113e-19   8.991328e-09   4.882166e-20   120
  3.649965e-01   3.843106e-19   2.624511e-04   2.017920e-20   216
  3.657587e-01   4.321059e-19   4.495664e-09   3.089496e-20   120
  3.671201e-01   4.959884e-19   2.584500e-04   2.502370e-20   408
  3.683844e-01   1.484441e-19   5.619580e-09   2.931939e-20   24
  3.691684e-01   5.342425e-19   2.610810e-04   2.287843e-20   384
  3.702633e-01   4.904116e-19   2.550855e-04   2.505322e-20   240
  3.712141e-01   5.001712e-19   2.569535e-04   3.663485e-20   168
  3.725471e-01   4.961818e-19   6.357829e-09   5.741288e-20   120
  3.734064e-01   5.422779e-19   2.678605e-04   2.611315e-20   350
  3.748037e-01   5.041194e-19   4.409502e-04   2.835434e-20   384
  3.756388e-01   3.009040e-19   0.000000e+00   2.232910e-20   144
  3.771752e-01   4.666752e-19   1.059638e-08   2.734954e-20   288
  3.779773e-01   3.839300e-19   2.524053e-04   1.757861e-20   336
  3.790686e-01   4.250130e-19   2.297941e-04   2.759676e-20   168
  3.797219e-01   5.261364e-19   4.541306e-09   2.599820e-20   336
  3.810732e-01   4.933755e-19   2.385126e-04   3.481273e-20   288
  3.818848e-01   5.794643e-19   2.247398e-04   3.437764e-20   264
  3.832590e-01   4.160105e-19   0.000000e+00   3.135503e-20   240
  3.837616e-01   5.472156e-19   7.947286e-09   5.492694e-20   96
  3.855656e-01   4.989905e-19   3.056310e-04   2.302905e-20   360
  3.864075e-01   6.226500e-19   2.253025e-04   5.045198e-20   168
  3.874713e-01   4.671162e-19   2.456032e-04   2.072922e-20   456
  3.887523e-01   7.567395e-19   7.064254e-09   8.546997e-20   108
  3.894728e-01   3.416948e-19   2.464311e-04   2.436442e-20   264
  3.903716e-01   4.274457e-19   2.198567e-04   2.428723e-20   264
  3.916025e-01   5.551694e-19   2.074668e-04   2.775135e-20   312
  3.931351e-01   3.620414e-19   1.541705e-04   1.937026e-20   270
  3.937775e-01   4.052260e-19   1.957388e-04   2.788775e-20   240
  3.949323e-01   3.811001e-19   2.421536e-04   1.777438e-20   384
  3.956334e-01   5.437478e-19   0.000000e+00   3.882516e-20   192
  3.969952e-01   3.981960e-19   1.942960e-04   2.198121e-20   240
  3.977852e-01   4.748276e-19   2.397927e-04   2.314261e-20   336
  3.992708e-01   4.871380e-19   2.413972e-04   2.227530e-20   480
  4.004761e-01   3.733833e-19   0.000000e+00   2.883850e-20   72
  4.011493e-01   4.078651e-19   2.353842e-04   2.761286e-20   240
  4.020650e-01   4.687953e-19   2.212289e-04   2.734088e-20   312
  4.031147e-01   4.196695e-19   2.390954e-04   2.830938e-20   240
  4.047009e-01   4.506373e-19   1.816506e-04   2.210816e-20   408
  4.053288e-01   4.047966e-19   1.663482e-04   2.351345e-20   336
  4.065560e-01   4.199859e-19   2.112212e-04   2.711175e-20   264
  4.071591e-01   2.640101e-19   0.000000e+00   1.821274e-20   144
  4.088370e-01   4.272497e-19   2.927651e-04   2.038512e-20   464
  4.097211e-01   4.980643e-19   2.328083e-04   3.768994e-20   168
  4.105939e-01   3.565478e-19   2.120376e-04   2.079969e-20   336
  4.121713e-01   4.209074e-19   2.227870e-04   2.051751e-20   414
  4.130606e-01   3.740456e-19   2.319080e-04   2.276440e-20   216
  4.141998e-01   4.607053e-19   5.619580e-09   3.810360e-20   96
  4.146649e-01   3.634624e-19   1.685874e-08   1.870152e-20   384
  4.162944e-01   4.260313e-19   2.314600e-04   2.111853e-20   492
  4.171676e-01   4.820936e-19   2.263480e-04   3.142867e-20   240
  4.181546e-01   4.012991e-19   2.298225e-04   2.030531e-20   312
  4.195176e-01   1.927101e-19   2.297469e-04   1.609348e-20   192
  4.203810e-01   3.342450e-19   2.226525e-04   1.500195e-20   504
  4.215265e-01   3.520986e-19   1.473998e-04   1.702299e-20   408
  4.224284e-01   3.595110e-19   4.515774e-04   2.984571e-20   168
  4.235571e-01   5.323074e-19   2.145032e-04   3.078192e-20   288
  4.245041e-01   4.050695e-19   2.238525e-04   2.684320e-20   288
  4.254743e-01   3.371552e-19   2.251410e-04   1.667456e-20   432
  4.268815e-01   4.616164e-19   2.129084e-04   3.214026e-20   216
  4.276334e-01   4.382141e-19   2.124592e-04   2.741354e-20   360
  4.289721e-01   4.313900e-19   2.073582e-04   2.254984e-20   312
  4.301803e-01   7.745470e-19   0.000000e+00   8.340913e-20   48
  4.308767e-01   3.718036e-19   2.223178e-04   1.882070e-20   432
  4.321240e-01   3.812469e-19   3.708284e-04   2.193677e-20   414
  4.328606e-01   3.000032e-19   1.956255e-08   2.010491e-20   312
  4.342347e-01   2.839758e-19   3.253813e-04   1.183123e-20   528
  4.351620e-01   4.707378e-19   1.707976e-04   2.401654e-20   264
  4.362761e-01   3.650679e-19   2.025191e-04   1.857758e-20   480
  4.377318e-01   3.423728e-19   0.000000e+00   2.166425e-20   288
  4.383604e-01   4.571752e-19   2.176005e-04   3.160596e-20   168
  4.395105e-01   3.897780e-19   3.444610e-04   1.957941e-20   504
  4.408036e-01   4.951293e-19   7.492773e-09   3.344551e-20   144
  4.416171e-01   4.128119e-19   2.212265e-04   2.045608e-20   464
  4.428396e-01   3.638301e-19   3.246624e-04   1.840943e-20   432
  4.434197e-01   4.266896e-19   5.619580e-09   3.592921e-20   192
  4.449189e-01   3.451959e-19   2.406833e-04   2.203789e-20   396
  4.458042e-01   2.983842e-19   2.162000e-04   2.221325e-20   288
  4.466990e-01   3.265693e-19   2.135686e-04   2.283378e-20   336
  4.481283e-01   3.449352e-19   1.352359e-04   2.043133e-20   432
  4.490354e-01   3.878765e-19   3.505126e-04   2.058038e-20   360
  4.500539e-01   4.620970e-19   2.073334e-04   2.486307e-20   384
  4.515004e-01   4.014132e-19   1.830116e-04   3.248311e-20   198
  4.521974e-01   3.507124e-19   2.080246e-04   1.870538e-20   552
  4.534970e-01   3.375645e-19   2.912202e-04   1.865262e-20   432
  4.545821e-01   4.593586e-19   0.000000e+00   4.017402e-20   168
  4.554927e-01   3.025486e-19   3.610065e-04   1.589049e-20   480
  4.566974e-01   5.030738e-19   0.000000e+00   5.888018e-20   120
  4.572396e-01   4.007477e-19   2.948545e-04   2.238499e-20   336
  4.585628e-01   2.947439e-19   2.080152e-04   1.321639e-20   672
  4.598711e-01   3.878509e-19   3.025866e-04   1.601764e-20   528
  4.604805e-01   2.054027e-19   9.082613e-09   1.760180e-20   168
  4.618883e-01   3.561705e-19   3.375333e-04   2.256406e-20   456
  4.627474e-01   4.016552e-19   2.061344e-04   3.125072e-20   168
  4.636392e-01   3.994500e-19   2.057643e-04   1.900883e-20   504
  4.651216e-01   2.115922e-19   2.647872e-04   1.709864e-20   336
  4.660180e-01   4.123881e-19   1.908802e-04   2.736592e-20   312
  4.670124e-01   3.757918e-19   1.865029e-04   1.829142e-20   504
  4.683210e-01   3.297854e-19   1.294009e-04   1.787504e-20   432
  4.689362e-01   4.078617e-19   1.999672e-04   2.649307e-20   312
  4.702151e-01   3.374788e-19   2.049761e-04   1.825851e-20   384
  4.715504e-01   2.224213e-19   1.741510e-04   1.674312e-20   126
  4.723748e-01   3.246832e-19   3.057676e-04   1.753160e-20   492
  4.734278e-01   3.534126e-19   1.958445e-04   1.956973e-20   528
  4.747438e-01   2.802478e-19   1.989360e-04   1.444730e-20   480
  4.755596e-01   4.039142e-19   2.748289e-04   2.021231e-20   432
  4.767402e-01   3.360807e-19   2.161166e-04   1.918729e-20   440
  4.781114e-01   3.066381e-19   1.074739e-04   1.774274e-20   312
  4.786259e-01   2.745618e-19   1.610586e-04   1.521351e-20   480
  4.796813e-01   3.292629e-19   3.153497e-04   2.048557e-20   408
  4.812233e-01   4.380640e-19   1.888588e-04   2.298659e-20   360
  4.818747e-01   2.978285e-19   1.822418e-04   1.796754e-20   408
  4.830820e-01   2.862477e-19   1.854542e-04   1.490910e-20   456
  4.844414e-01   4.478854e-19   1.772485e-04   3.114404e-20   264
  4.851959e-01   3.696458e-19   1.923591e-04   2.063732e-20   384
  4.862943e-01   3.289135e-19   3.238501e-04   1.600646e-20   672
  4.875640e-01   3.467672e-19   1.937042e-04   3.600310e-20   240
  4.882967e-01   3.562012e-19   1.965613e-04   2.366830e-20   264
  4.893308e-01   2.654940e-19   2.424259e-04   1.295339e-20   624
  4.908739e-01   2.382007e-19   0.000000e+00   2.236106e-20   150
  4.914232e-01   3.139202e-19   2.716574e-04   1.479830e-20   600
  4.925819e-01   3.120601e-19   1.874909e-04   1.379199e-20   672
  4.938939e-01   2.577219e-19   1.763484e-04   1.460694e-20   336
  4.946248e-01   3.565896e-19   1.918157e-04   1.805916e-20   408
  4.957926e-01   2.832661e-19   1.913639e-04   1.478453e-20   408
  4.970915e-01   3.506003e-19   9.676385e-05   2.140748e-20   360
  4.978921e-01   2.753920e-19   3.552857e-04   1.307469e-20   456
  4.988592e-01   2.976730e-19   1.932065e-04   1.600755e-20   384
  5.000902e-01   2.431185e-19   1.783541e-04   1.723797e-20   348
  5.007554e-01   2.933626e-19   2.198754e-04   1.478868e-20   576
  5.020050e-01   3.077620e-19   1.810385e-04   1.886560e-20   504
  5.032833e-01   3.050792e-19   2.553443e-04   1.778286e-20   432
  5.043991e-01   3.208172e-19   3.473946e-04   1.607868e-20   576
  5.051948e-01   2.366506e-19   0.000000e+00   1.779011e-20   264
  5.064571e-01   2.885342e-19   2.764393e-04   1.295588e-20   768
  5.075549e-01   1.874003e-19   3.721752e-04   1.172004e-20   240
  5.084277e-01   2.184709e-19   3.282233e-04   2.108275e-20   192
  5.096990e-01   2.868756e-19   2.416124e-04   1.309188e-20   504
  5.106418e-01   3.492254e-19   3.255818e-04   1.577692e-20   590
  5.115460e-01   2.918605e-19   3.647966e-04   1.646670e-20   384
  5.126798e-01   2.609742e-19   3.048625e-04   1.470253e-20   504
  5.140486e-01   2.564758e-19   2.933830e-04   1.136787e-20   648
  5.153764e-01   2.486856e-19   7.967896e-05   1.352344e-20   504
  5.159117e-01   3.623170e-19   1.817627e-04   2.531969e-20   312
  5.168569e-01   2.883715e-19   2.618753e-04   1.339717e-20   576
  5.181545e-01   2.723672e-19   1.822405e-04   1.950989e-20   240
  5.189109e-01   2.746266e-19   1.841453e-04   1.405656e-20   552
  5.199816e-01   2.674254e-19   1.729082e-04   1.424990e-20   600
  5.215067e-01   2.966885e-19   2.111937e-04   1.417406e-20   600
  5.224237e-01   2.424110e-19   3.382099e-04   1.310094e-20   312
  5.233368e-01   3.320663e-19   2.945474e-04   1.918835e-20   480
  5.244775e-01   2.350947e-19   1.837693e-04   1.320165e-20   576
  5.254818e-01   3.468994e-19   2.959085e-04   2.247094e-20   408
  5.263729e-01   1.201009e-19   3.451909e-04   7.976227e-21   216
  5.275243e-01   3.657825e-19   2.643774e-04   1.672010e-20   516
  5.287578e-01   3.034183e-19   2.522429e-04   1.397086e-20   744
  5.300304e-01   2.715822e-19   1.684760e-04   1.299994e-20   462
  5.307494e-01   1.707616e-19   1.712315e-04   1.186419e-20   432
  5.318647e-01   2.154599e-19   1.588547e-04   1.089932e-20   648
  5.331761e-01   2.261303e-19   2.324340e-04   1.361758e-20   528
  5.342295e-01   3.021458e-19   2.799086e-04   1.633382e-20   600
  5.352820e-01   3.252442e-19   3.528915e-04   2.290043e-20   240
  5.363014e-01   2.270232e-19   2.703115e-04   9.040388e-21   720
  5.374863e-01   3.146632e-19   2.138653e-04   1.408516e-20   720
  5.387997e-01   1.267654e-19   0.000000e+00   1.160844e-20   144
  5.394909e-01   2.835494e-19   2.757364e-04   1.194775e-20   720
  5.404742e-01   2.961562e-19   1.653370e-04   1.834839e-20   384
  5.417051e-01   2.915513e-19   1.832848e-04   1.431920e-20   672
  5.428730e-01   2.779949e-19   3.209115e-04   2.255571e-20   336
  5.434308e-01   2.081913e-19   0.000000e+00   1.664521e-20   288
  5.447967e-01   2.130408e-19   2.539800e-04   1.032004e-20   776
  5.460612e-01   2.491188e-19   2.173184e-04   1.181841e-20   720
  5.471231e-01   2.191463e-19   1.750659e-04   1.502557e-20   432
  5.479725e-01   2.824514e-19   2.495786e-04   1.558203e-20   504
  5.489174e-01   2.484201e-19   1.748652e-04   1.273651e-20   528
  5.502396e-01   2.131619e-19   2.382437e-04   1.249081e-20   438
  5.513273e-01   2.262360e-19   2.772938e-04   1.204110e-20   624
  5.521470e-01   2.578475e-19   3.396475e-04   1.755021e-20   312
  5.532738e-01   3.271844e-19   1.829935e-04   1.377861e-20   696
  5.544390e-01   2.937230e-19   1.655760e-04   1.873340e-20   552
  5.556509e-01   2.426447e-19   1.281006e-04   1.340698e-20   516
  5.564006e-01   2.824211e-19   2.558713e-04   1.662314e-20   528
  5.573133e-01   1.744472e-19   1.664001e-04   9.739072e-21   528
  5.586097e-01   2.203453e-19   2.194479e-04   1.047183e-20   864
  5.594897e-01   2.500611e-19   3.005985e-04   1.780293e-20   408
  5.603706e-01   3.183568e-19   2.978186e-04   2.481588e-20   192
  5.616191e-01   2.381202e-19   2.464592e-04   1.175257e-20   720
  5.626731e-01   2.182110e-19   2.272475e-04   8.948426e-21   696
  5.639255e-01   2.426498e-19   2.454294e-04   1.106973e-20   720
  5.650713e-01   3.136724e-19   3.326501e-04   1.942605e-20   432
  5.657395e-01   2.303488e-19   1.958109e-04   1.686916e-20   264
  5.669418e-01   2.658617e-19   2.704061e-04   1.463533e-20   672
  5.680171e-01   2.306555e-19   2.768544e-04   1.179306e-20   600
  5.692933e-01   1.518147e-19   1.620980e-04   1.080089e-20   270
  5.699366e-01   1.499017e-19   2.440026e-04   1.033953e-20   528
  5.709591e-01   2.473739e-19   1.670843e-04   1.031046e-20   840
  5.723613e-01   2.149900e-19   3.194952e-04   9.885437e-21   888
  5.736568e-01   2.102556e-19   2.380474e-04   1.041266e-20   744
  5.747517e-01   2.259229e-19   1.223216e-04   1.211423e-20   456
  5.752963e-01   3.516612e-19   1.671601e-04   1.952525e-20   360
  5.762282e-01   2.025003e-19   1.448348e-04   1.648831e-20   384
  5.776580e-01   2.327829e-19   2.323137e-04   1.054541e-20   816
  5.787308e-01   2.389686e-19   3.370546e-04   1.113224e-20   824
  5.800348e-01   2.428574e-19   1.566791e-04   1.989431e-20   360
  5.807331e-01   2.751732e-19   2.311994e-04   1.394018e-20   624
  5.816941e-01   2.552972e-19   1.562320e-04   1.554201e-20   360
  5.829744e-01   2.215248e-19   2.125215e-04   1.195721e-20   876
  5.841306e-01   2.310438e-19   2.524119e-04   1.272411e-20   696
  5.852967e-01   2.439517e-19   1.629911e-04   1.797238e-20   336
  5.859080e-01   2.468723e-19   1.628079e-04   1.583589e-20   504
  5.869176e-01   2.138994e-19   1.642187e-04   1.255624e-20   672
  5.884155e-01   2.419000e-19   3.269213e-04   1.150792e-20   720
  5.894543e-01   1.986133e-19   2.469541e-04   9.794570e-21   774
  5.906010e-01   1.559769e-19   1.413501e-04   1.132016e-20   384
  5.912015e-01   2.641102e-19   2.720183e-04   1.460071e-20   528
  5.921335e-01   2.418195e-19   2.592486e-04   1.171550e-20   744
  5.936327e-01   2.587374e-19   2.138251e-04   1.091531e-20   768
  5.946281e-01   1.567827e-19   2.400348e-04   8.461866e-21   552
  5.958700e-01   2.043249e-19   2.616108e-04   1.020217e-20   696
  5.967938e-01   2.655554e-19   3.179026e-04   1.782520e-20   408
  5.975272e-01   2.564322e-19   1.373364e-04   1.599404e-20   504
  5.986899e-01   2.243287e-19   2.467198e-04   1.030063e-20   888
  5.998339e-01   1.949279e-19   2.564132e-04   1.104238e-20   648
  6.010230e-01   2.093610e-19   2.542153e-04   1.130047e-20   648
  6.021418e-01   2.230009e-19   2.741064e-04   1.163999e-20   792
  6.033268e-01   1.758580e-19   4.010364e-04   1.045249e-20   600
  6.042000e-01   1.906521e-19   2.717856e-04   1.260424e-20   456
  6.051191e-01   2.144494e-19   1.324567e-04   1.355524e-20   648
  6.062996e-01   2.016866e-19   2.583099e-04   9.047171e-21   936
  6.075741e-01   3.407456e-19   1.586356e-04   2.036985e-20   384
  6.086836e-01   3.113676e-20   1.334798e-08   2.995944e-21   198
  6.095398e-01   2.697261e-20   4.024720e-04   1.099870e-21   1224
  6.104634e-01   3.210405e-20   2.931235e-04   1.803701e-21   420
  6.115558e-01   2.223939e-20   2.836822e-04   9.824792e-22   792
  6.126238e-01   2.448598e-20   2.345810e-04   1.279350e-21   680
  6.138428e-01   2.315316e-20   2.154033e-04   1.606133e-21   600
  6.148235e-01   2.198200e-20   3.123938e-04   1.011661e-21   840
  6.161330e-01   1.920209e-20   1.474979e-04   1.003222e-21   432
  6.166334e-01   2.277763e-20   1.382249e-04   1.326651e-21   720
  6.177213e-01   1.930848e-20   2.768404e-04   8.876539e-22   960
  6.190745e-01   1.920667e-20   2.467829e-04   1.413693e-21   528
  6.200634e-01   1.800517e-20   2.522592e-04   1.035554e-21   624
  6.212404e-01   1.960669e-20   1.982740e-04   9.268971e-22   816
  6.224086e-01   1.601414e-20   3.260658e-04   8.923951e-22   696
  6.236996e-01   1.181383e-20   2.202416e-08   7.637735e-22   240
  6.241851e-01   1.498296e-20   1.922888e-04   8.068691e-22   672
  6.252686e-01   1.403812e-20   3.436476e-04   6.482450e-22   864
  6.264840e-01   1.137644e-20   2.636938e-04   5.460811e-22   816
  6.275795e-01   1.079618e-20   1.509292e-04   5.611286e-22   648
  6.287594e-01   1.577007e-20   1.542771e-04   7.432792e-22   843
  6.297611e-01   1.147342e-20   2.775825e-04   6.216251e-22   780
  6.309548e-01   1.281484e-20   1.489456e-04   1.566498e-21   216
  6.316911e-01   1.246865e-20   3.591661e-04   5.233951e-22   1056
  6.328235e-01   9.626899e-21   2.938382e-04   1.367355e-21   228
  6.338720e-01   1.247210e-20   3.658358e-04   6.359403e-22   924
  6.349484e-01   9.974340e-21   1.357046e-04   4.593059e-22   696
  6.360882e-01   9.679006e-21   2.415153e-04   5.623868e-22   996
  6.372543e-01   7.805780e-21   1.425858e-04   7.900799e-22   576
  6.384675e-01   8.921765e-21   2.200718e-04   8.013692e-22   552
  6.393519e-01   1.022794e-20   2.627580e-04   5.986454e-22   516
  6.402494e-01   9.503653e-21   3.821047e-04   5.074748e-22   744
  6.412749e-01   5.264867e-21   1.874451e-04   2.064007e-22   576
  6.421669e-01   7.182263e-21   1.929285e-04   4.402773e-22   792
  6.434346e-01   7.224570e-21   2.205530e-04   3.533991e-22   792
  6.443636e-01   7.838376e-21   2.378641e-04   4.288332e-22   720
  6.456200e-01   6.153927e-21   2.711104e-04   3.066113e-22   656
  6.467974e-01   6.125481e-21   2.960385e-04   3.261117e-22   816
  6.480043e-01   6.058593e-21   1.596190e-04   4.305350e-22   492
  6.486903e-01   6.088315e-21   2.296231e-04   3.736999e-22   552
  6.499778e-01   5.415809e-21   3.992867e-04   3.876713e-22   780
  6.508139e-01   5.330140e-21   2.452771e-04   3.023511e-22   528
  6.517148e-01   4.751909e-21   2.863130e-04   3.475386e-22   600
  6.530425e-01   5.812101e-21   2.379487e-04   2.660536e-22   900
  6.539577e-01   5.143996e-21   1.317325e-04   2.904350e-22   696
  6.552168e-01   4.301877e-21   3.330907e-04   2.192598e-22   696
  6.564349e-01   3.342854e-21   1.351317e-04   1.475979e-22   552
  6.574592e-01   4.415319e-21   1.571457e-04   2.829246e-22   708
  6.585322e-01   3.885250e-21   2.594565e-04   1.802226e-22   876
  6.596487e-01   4.503612e-21   1.377663e-04   3.929008e-22   216
  6.603980e-01   4.375111e-21   3.768094e-04   1.638417e-22   1032
  6.615201e-01   3.231900e-21   4.195357e-04   1.813876e-22   600
  6.626848e-01   2.797074e-21   2.001869e-04   1.730188e-22   600
  6.635732e-01   3.452097e-21   3.535112e-04   1.633984e-22   528
  6.646233e-01   3.282224e-21   1.940622e-04   1.671606e-22   732
  6.657296e-01   4.060788e-21   1.432973e-04   3.308842e-22   336
  6.670031e-01   3.081048e-21   2.042271e-04   1.310455e-22   912
  6.679548e-01   2.435108e-21   2.049821e-04   9.612759e-23   624
  6.689946e-01   2.905021e-21   1.727341e-04   1.180472e-22   768
  6.702082e-01   2.572249e-21   3.116463e-04   8.864786e-23   792
  6.713995e-01   2.790182e-21   1.545014e-04   1.532524e-22   660
  6.722471e-01   3.132592e-21   2.276826e-04   2.284539e-22   504
  6.731238e-01   2.144490e-21   3.719898e-04   1.041015e-22   480
  6.744376e-01   2.032351e-21   3.440421e-04   8.671503e-23   912
  6.754664e-01   2.447952e-21   3.831443e-04   1.312556e-22   432
  6.764380e-01   2.376845e-21   2.275021e-04   1.157667e-22   564
  6.773006e-01   2.028450e-21   2.177508e-04   7.632787e-23   600
  6.785149e-01   2.495923e-21   3.035240e-04   1.109954e-22   876
  6.794272e-01   2.161692e-21   1.364735e-04   1.552859e-22   264
  6.806846e-01   1.789965e-21   2.648123e-04   9.903317e-23   560
  6.816953e-01   1.724742e-21   1.799457e-04   6.917907e-23   840
  6.829222e-01   1.555438e-21   2.774244e-04   6.451791e-23   1008
  6.840568e-01   1.213865e-21   1.241010e-04   4.350753e-23   456
  6.850930e-01   1.990876e-21   1.607553e-04   9.936449e-23   576
  6.860509e-01   1.721277e-21   2.470177e-04   7.497082e-23   612
  6.873140e-01   1.759278e-21   2.206269e-04   7.678099e-23   780
  6.883444e-01   1.523911e-21   2.528284e-04   6.355244e-23   648
  6.893992e-01   1.541881e-21   1.178213e-04   9.650485e-23   312
  6.900734e-01   1.351504e-21   2.993645e-04   6.734863e-23   528
  6.912414e-01   1.112486e-21   3.909551e-04   3.714529e-23   720
  6.923583e-01   1.426783e-21   3.921794e-04   8.038212e-23   576
  6.937124e-01   1.426568e-21   3.383053e-04   7.441956e-23   444
  6.945549e-01   1.244627e-21   3.317685e-04   4.393799e-23   996
  6.955874e-01   1.161578e-21   2.771265e-04   7.904021e-23   432
  6.965633e-01   1.408860e-21   3.033990e-04   8.267906e-23   504
  6.974062e-01   7.980026e-22   1.367883e-04   2.819762e-23   504
  6.986065e-01   1.221895e-21   2.692009e-04   3.816949e-23   876
  6.996926e-01   9.556616e-22   3.098246e-04   4.049231e-23   504
  7.008236e-01   9.329778e-22   1.975899e-04   3.524340e-23   696
  7.017583e-01   9.466619e-22   1.689187e-04   4.278922e-23   492
  7.030300e-01   9.359747e-22   2.418152e-04   4.450649e-23   432
  7.039719e-01   1.010944e-21   2.264335e-04   4.611956e-23   768
  7.050885e-01   8.882247e-22   2.820533e-04   3.821353e-23   648
  7.061547e-01   8.033922e-22   1.840095e-04   3.587102e-23   456
  7.073798e-01   9.176684e-22   2.530430e-04   3.606085e-23   552
  7.082306e-01   8.146278e-22   1.734358e-04   3.173568e-23   648
  7.094016e-01   6.436751e-22   2.826907e-04   1.904376e-23   840
  7.105454e-01   7.176107e-22   1.348092e-04   2.878447e-23   432
  7.116906e-01   7.916173e-22   1.651183e-04   3.259865e-23   600
  7.124870e-01   7.649311e-22   1.759227e-04   3.687474e-23   432
  7.138248e-01   7.885234e-22   1.751482e-04   3.183246e-23   560
  7.147308e-01   6.457569e-22   2.772412e-04   1.809471e-23   840
  7.158652e-01   7.049675e-22   1.642140e-04   3.524403e-23   504
  7.167662e-01   6.100057e-22   3.351509e-04   2.014260e-23   696
  7.180362e-01   7.673675e-22   1.830475e-04   4.228684e-23   384
  7.190254e-01   5.707954e-22   2.681431e-04   2.036463e-23   576
  7.202219e-01   5.523823e-22   1.654845e-04   2.542719e-23   360
  7.211864e-01   6.508047e-22   2.464465e-04   2.411791e-23   828
  7.222268e-01   5.374140e-22   2.195064e-04   2.463761e-23   372
  7.231800e-01   5.663565e-22   3.352284e-04   2.196934e-23   576
  7.244428e-01   5.896171e-22   1.403933e-04   2.217200e-23   636
  7.253425e-01   5.091651e-22   2.706420e-04   1.669837e-23   648
  7.265596e-01   4.362188e-22   2.200024e-04   1.721749e-23   576
  7.274333e-01   4.915733e-22   3.548870e-04   1.985993e-23   528
  7.285953e-01   4.572131e-22   1.517289e-04   2.346005e-23   360
  7.295571e-01   4.267424e-22   3.490332e-04   1.399449e-23   672
  7.308130e-01   5.084279e-22   1.787806e-04   1.763617e-23   804
  7.318582e-01   4.796723e-22   1.972163e-04   2.473986e-23   408
  7.330145e-01   4.928724e-22   1.219011e-04   2.511938e-23   384
  7.337931e-01   3.771389e-22   2.789567e-04   1.486018e-23   480
  7.348913e-01   4.229209e-22   1.802469e-04   1.733842e-23   432
  7.359446e-01   4.480168e-22   3.321566e-04   1.318705e-23   648
  7.371913e-01   4.042122e-22   2.061016e-04   1.775825e-23   624
  7.381033e-01   3.598298e-22   1.874668e-04   1.455616e-23   456
  7.393486e-01   3.461700e-22   2.560963e-04   1.224592e-23   588
  7.401831e-01   3.510511e-22   1.633884e-04   1.068123e-23   600
  7.414016e-01   3.663541e-22   2.548458e-04   1.121182e-23   708
  7.423640e-01   3.500627e-22   1.605479e-04   1.781923e-23   360
  7.434275e-01   3.535529e-22   1.845541e-04   1.342220e-23   552
  7.444470e-01   3.133384e-22   1.294691e-04   1.447392e-23   288
  7.454820e-01   3.378349e-22   2.434372e-04   1.397645e-23   528
  7.464545e-01   3.185778e-22   1.642340e-04   1.242953e-23   456
  7.475410e-01   3.356410e-22   2.912225e-04   1.273168e-23   608
  7.486338e-01   2.644092e-22   1.408967e-04   9.890526e-24   504
  7.498278e-01   2.471406e-22   3.024972e-04   9.809869e-24   540
  7.507642e-01   2.871123e-22   3.247222e-04   1.284086e-23   360
  7.517735e-01   3.061978e-22   1.470509e-04   1.557105e-23   540
  7.526661e-01   2.758884e-22   1.262606e-04   1.015794e-23   576
  7.539642e-01   2.708961e-22   2.927555e-04   8.510122e-24   588
  7.551985e-01   2.591703e-22   4.039143e-04   8.396211e-24   672
  7.562588e-01   2.721566e-22   3.087151e-04   1.000814e-23   552
  7.571135e-01   2.518754e-22   3.088712e-04   1.889838e-23   144
  7.582042e-01   2.515120e-22   2.624178e-04   8.569676e-24   600
  7.592383e-01   2.266472e-22   3.288668e-04   7.871322e-24   504
  7.603860e-01   2.501580e-22   3.378126e-04   1.180685e-23   336
  7.615932e-01   2.545588e-22   3.797028e-04   9.434511e-24   600
  7.626744e-01   2.291814e-22   2.450478e-04   7.953038e-24   636
  7.638413e-01   2.146844e-22   1.970206e-04   9.575081e-24   384
  7.646595e-01   2.024359e-22   2.748205e-04   7.754631e-24   504
  7.658387e-01   1.822828e-22   1.153383e-04   8.832041e-24   240
  7.667694e-01   2.176474e-22   2.709461e-04   6.280789e-24   744
  7.678860e-01   1.892079e-22   1.850150e-04   6.578780e-24   648
  7.688783e-01   2.317884e-22   1.228185e-04   1.681410e-23   120
  7.700414e-01   1.853965e-22   1.929319e-04   5.638021e-24   564
  7.709202e-01   2.075224e-22   3.030111e-04   9.832820e-24   432
  7.720932e-01   1.950405e-22   2.351965e-04   7.522715e-24   480
  7.729764e-01   1.432175e-22   1.731106e-04   4.624846e-24   456
  7.740189e-01   1.966881e-22   2.864725e-04   7.021528e-24   444
  7.752020e-01   1.702648e-22   4.383180e-04   6.341978e-24   528
  7.762412e-01   1.836338e-22   3.255297e-04   9.056523e-24   264
  7.772498e-01   1.848102e-22   3.336195e-04   6.939672e-24   444
  7.786065e-01   1.596509e-22   3.654311e-04   5.276842e-24   696
  7.797327e-01   1.636877e-22   1.954448e-04   7.236339e-24   384
  7.805563e-01   1.609993e-22   2.469609e-04   5.259438e-24   432
  7.818373e-01   1.509326e-22   1.706384e-04   5.084261e-24   488
  7.826690e-01   1.781001e-22   2.571733e-04   6.557088e-24   480
  7.838749e-01   1.498204e-22   2.868014e-04   5.742899e-24   480
  7.848089e-01   1.463051e-22   1.203331e-04   6.274062e-24   240
  7.858692e-01   1.609332e-22   2.810886e-04   5.410135e-24   600
  7.868694e-01   1.272519e-22   2.449399e-04   5.844817e-24   288
  7.879343e-01   1.524221e-22   2.356143e-04   6.096513e-24   480
  7.890129e-01   1.423912e-22   4.191157e-04   5.668140e-24   504
  7.900748e-01   1.585660e-22   1.798267e-04   8.891373e-24   216
  7.914291e-01   1.192569e-22   2.944050e-04   4.596788e-24   504
  7.924838e-01   1.129521e-22   2.367912e-04   3.857536e-24   456
  7.936384e-01   1.428959e-22   1.358038e-04   5.075493e-24   384
  7.944031e-01   1.368149e-22   2.756326e-04   5.006635e-24   480
  7.954897e-01   1.130086e-22   2.420363e-04   3.854770e-24   504
  7.964966e-01   1.352187e-22   1.535327e-04   6.197585e-24   312
  7.975815e-01   1.234872e-22   2.474127e-04   5.094909e-24   492
  7.985417e-01   1.340339e-22   2.318919e-04   5.863339e-24   312
  7.997779e-01   1.229424e-22   3.766899e-04   4.176586e-24   576
  8.008661e-01   1.304466e-22   3.477153e-04   6.298340e-24   336
  8.017699e-01   1.129184e-22   2.677247e-04   6.000930e-24   240
  8.030228e-01   1.264997e-22   3.549351e-04   5.146566e-24   468
  8.041047e-01   1.290063e-22   2.222407e-04   6.932141e-24   192
  8.052370e-01   1.069314e-22   2.229031e-04   5.331374e-24   324
  8.060669e-01   1.074010e-22   1.617794e-04   3.700072e-24   600
  8.071978e-01   1.066553e-22   2.624704e-04   3.960583e-24   456
  8.080377e-01   1.021607e-22   1.180592e-04   4.044855e-24   336
  8.094297e-01   1.158066e-22   3.535027e-04   4.376709e-24   612
  8.104424e-01   7.987721e-23   2.966749e-04   4.670538e-24   144
  8.114002e-01   1.102029e-22   3.462957e-04   3.646168e-24   552
  8.127025e-01   1.006584e-22   1.363755e-04   5.932110e-24   264
  8.134384e-01   1.000707e-22   3.157441e-04   4.037171e-24   336
  8.145992e-01   1.025822e-22   2.086329e-04   4.278888e-24   384
  8.156059e-01   1.037337e-22   1.174397e-04   4.804242e-24   216
  8.167203e-01   9.436428e-23   2.489964e-04   4.690240e-24   344
  8.177364e-01   8.751152e-23   3.715143e-04   3.919009e-24   408
  8.189746e-01   8.525636e-23   2.854845e-04   4.738362e-24   264
  8.200718e-01   8.445249e-23   3.979796e-04   2.884235e-24   612
  8.211681e-01   1.042060e-22   2.048307e-04   3.850939e-24   408
  8.222956e-01   7.946100e-23   2.051251e-04   3.457312e-24   444
  8.231239e-01   1.109807e-22   1.147249e-04   5.885400e-24   120
  8.242338e-01   9.134460e-23   3.169640e-04   4.617192e-24   336
  8.250576e-01   8.365292e-23   1.101437e-04   4.452264e-24   288
  8.261708e-01   1.034543e-22   3.427692e-04   3.718905e-24   552
  8.277012e-01   9.185600e-23   1.835347e-08   8.578931e-24   72
  8.284882e-01   8.480450e-23   3.404572e-04   3.371035e-24   504
  8.294074e-01   6.487620e-23   1.095558e-04   3.304955e-24   216
  8.305983e-01   6.366207e-23   1.956043e-04   3.208781e-24   312
  8.316675e-01   8.076668e-23   2.227263e-04   3.611297e-24   336
  8.326865e-01   8.191923e-23   3.087236e-04   4.814249e-24   204
  8.337014e-01   8.012738e-23   3.587838e-04   3.160602e-24   504
  8.347777e-01   7.709635e-23   3.416652e-04   3.424223e-24   396
  8.358127e-01   7.637302e-23   3.133249e-04   3.235551e-24   312
  8.370674e-01   8.677063e-23   1.914750e-04   5.977395e-24   216
  8.379516e-01   1.067875e-22   1.039172e-04   7.531311e-24   168
  8.390260e-01   7.782576e-23   2.623966e-04   2.654470e-24   588
  8.402521e-01   6.394762e-23   3.561727e-04   4.002108e-24   240
  8.412047e-01   6.443935e-23   3.145601e-04   3.824329e-24   264
  8.423219e-01   6.957014e-23   3.890183e-04   3.129012e-24   288
  8.433131e-01   8.008665e-23   1.942596e-04   5.081013e-24   288
  8.445693e-01   6.331701e-23   1.824406e-04   3.324925e-24   288
  8.454153e-01   6.422132e-23   2.113423e-04   4.448917e-24   192
  8.464795e-01   6.338819e-23   2.248894e-04   4.008566e-24   264
  8.474933e-01   7.571700e-23   3.699119e-04   3.268017e-24   372
  8.485844e-01   6.734201e-23   3.995208e-04   2.976888e-24   360
  8.499161e-01   8.396875e-23   1.690810e-04   6.313508e-24   144
  8.506044e-01   4.616910e-23   2.348461e-04   2.617766e-24   296
  8.516909e-01   7.480089e-23   2.530345e-04   4.435648e-24   288
  8.529347e-01   5.532138e-23   3.781537e-04   2.030624e-24   480
  8.540076e-01   5.097188e-23   3.142096e-04   3.659333e-24   192
  8.550509e-01   7.032167e-23   3.370327e-04   4.531012e-24   192
  8.559992e-01   5.916919e-23   2.147949e-04   3.913074e-24   288
  8.573180e-01   3.746491e-23   1.869760e-04   2.811344e-24   108
  8.579823e-01   8.836154e-23   1.797545e-04   4.757806e-24   240
  8.591554e-01   5.146378e-23   3.353363e-04   2.745114e-24   384
  8.603605e-01   7.180681e-23   4.090723e-04   4.847715e-24   108
  8.614261e-01   6.844033e-23   2.398466e-04   3.349586e-24   348
  8.625466e-01   4.954304e-23   2.503134e-04   3.112040e-24   312
  8.635474e-01   3.366935e-23   2.432319e-04   4.022516e-24   96
  8.644677e-01   5.786790e-23   3.238194e-04   2.944482e-24   384
  8.654984e-01   6.635545e-23   2.227222e-04   6.741372e-24   144
  8.665066e-01   5.531361e-23   3.422225e-04   2.407338e-24   408
  8.677598e-01   4.363503e-23   1.526554e-04   3.997101e-24   144
  8.689437e-01   4.903824e-23   2.934816e-04   3.484597e-24   192
  8.696459e-01   6.672570e-23   3.303190e-04   5.052339e-24   144
  8.707904e-01   4.700396e-23   2.685615e-04   3.769863e-24   144
  8.718702e-01   6.248111e-23   3.282257e-04   3.741318e-24   336
  8.731927e-01   4.294393e-23   2.428454e-04   3.234174e-24   240
  8.740312e-01   6.200512e-23   1.102739e-04   6.382536e-24   96
  8.752007e-01   4.389406e-23   3.233803e-04   2.298579e-24   372
  8.763838e-01   3.939911e-23   3.846540e-04   3.744669e-24   132
  8.774230e-01   5.094053e-23   2.380193e-04   3.366655e-24   264
  8.783527e-01   4.871099e-23   1.827880e-04   3.464057e-24   168
  8.793449e-01   7.317170e-23   2.922429e-04   5.793674e-24   216
  8.802213e-01   4.573966e-23   1.787978e-04   3.864193e-24   216
  8.814979e-01   3.177401e-23   3.280196e-04   2.473521e-24   96
  8.826561e-01   5.628678e-23   2.140028e-04   6.950050e-24   120
  8.837183e-01   5.772390e-23   2.720578e-04   4.806454e-24   216
  8.845934e-01   5.017278e-23   1.188902e-04   5.102666e-24   200
  8.857519e-01   4.217567e-23   3.077557e-04   2.852197e-24   288
  8.872378e-01   2.572474e-23   8.097649e-05   2.508995e-24   144
  8.878635e-01   4.544675e-23   2.519939e-04   3.905079e-24   168
  8.891412e-01   5.551923e-23   2.835956e-04   8.503507e-24   159
  8.901386e-01   3.444012e-23   2.975600e-04   2.982710e-24   174
  8.911039e-01   4.848412e-23   2.698170e-04   4.208492e-24   144
  8.923678e-01   3.811922e-23   1.557998e-04   2.379203e-24   222
  8.932131e-01   3.799379e-23   1.572158e-04   3.291619e-24   168
  8.946732e-01   4.693987e-23   3.448346e-04   7.510667e-24   30
  8.952763e-01   1.685963e-23   3.044637e-04   1.493924e-24   72
  8.964123e-01   3.537479e-23   2.717302e-04   2.758653e-24   258
  8.976612e-01   3.518201e-23   1.701916e-04   2.451833e-24   264
  8.982857e-01   2.417963e-23   0.000000e+00   3.429955e-24   72
  8.995871e-01   2.571099e-23   3.373270e-04   2.131335e-24   174
  9.007654e-01   3.620014e-23   3.591909e-04   3.479997e-24   168
  9.017127e-01   1.283915e-23   1.123916e-08   1.423182e-24   48
  9.027297e-01   2.194934e-23   2.028435e-04   1.993966e-24   150
  9.039088e-01   4.982414e-23   3.731453e-04   3.582168e-24   168
  9.050911e-01   3.282077e-23   2.273028e-04   2.623962e-24   144
  9.061784e-01   4.502209e-23   2.123525e-04   5.543216e-24   102
  9.069882e-01   1.617191e-23   3.143182e-04   2.264424e-24   96
  9.082731e-01   1.772956e-23   3.119397e-04   1.480172e-24   120
  9.092246e-01   1.016872e-23   3.345635e-04   6.028486e-25   168
  9.102538e-01   5.562559e-23   2.470487e-04   6.014055e-24   126
  9.111308e-01   2.876299e-23   1.863241e-04   3.212349e-24   168
  9.123389e-01   1.958524e-23   2.987709e-04   2.053515e-24   72
  9.133947e-01   1.462310e-23   3.741278e-04   8.017909e-25   168
  9.143196e-01   2.476859e-23   1.025668e-04   3.550460e-24   78
  9.155870e-01   1.408242e-23   1.684070e-04   1.279396e-24   60
  9.166075e-01   5.646855e-23   2.731835e-04   5.696622e-24   96
  9.176659e-01   2.539566e-23   3.314854e-04   1.951298e-24   168
  9.186605e-01   1.716837e-23   2.097511e-04   3.429234e-24   86
  9.197042e-01   9.459854e-24   1.874678e-04   1.152407e-24   120
  9.212002e-01   1.204333e-23   1.336894e-04   1.050201e-24   168
  9.220069e-01   7.556391e-24   0.000000e+00   5.330960e-25   48
  9.230934e-01   3.304029e-23   2.435676e-04   3.680660e-24   120
  9.237177e-01   1.670324e-23   1.776924e-04   1.852313e-24   126
  9.252418e-01   2.325293e-23   3.125113e-04   2.524760e-24   96
  9.262310e-01   1.593845e-23   9.011285e-05   1.235623e-24   96
  9.270111e-01   1.388734e-23   0.000000e+00   1.332062e-24   72
  9.286731e-01   2.123791e-23   1.123916e-08   2.538337e-24   24
  9.297104e-01   2.449469e-23   1.854501e-04   2.497019e-24   120
  9.305196e-01   1.723922e-23   2.705147e-04   2.048547e-24   126
  9.314194e-01   9.224544e-24   2.255107e-04   1.235433e-24   96
  9.324708e-01   7.430075e-24   3.897482e-04   6.644442e-25   72
  9.336415e-01   1.214047e-23   1.685792e-04   9.525104e-25   144
  9.346046e-01   1.199596e-23   9.723254e-05   1.344469e-24   72
  9.355666e-01   2.028937e-23   1.942081e-04   3.436804e-24   54
  9.364132e-01   2.092832e-23   1.711436e-04   2.193626e-24   108
  9.381728e-01   1.348991e-23   1.677650e-04   1.584724e-24   72
  9.387206e-01   1.420656e-23   9.680617e-05   1.070606e-24   72
  9.400202e-01   1.052496e-23   1.946680e-08   1.946143e-24   24
  9.412498e-01   3.013282e-24   2.047976e-04   3.015787e-25   48
  9.419964e-01   1.293849e-23   1.560029e-04   1.407695e-24   102
  9.431203e-01   1.293748e-23   3.528137e-04   1.404588e-24   168
  9.445889e-01   5.305374e-24   1.924163e-04   4.497661e-25   72
  9.451330e-01   6.705933e-24   0.000000e+00   1.301434e-24   48
  9.462744e-01   1.342454e-23   3.309678e-04   1.194827e-24   120
  9.477807e-01   8.490395e-24   2.033864e-04   5.782747e-25   96
  9.492033e-01   1.518783e-23   2.202416e-08   2.806241e-24   30
  9.508942e-01   2.430702e-23   9.555995e-05   2.648077e-24   72
  9.516372e-01   1.788349e-23   1.123916e-08   2.947174e-24   24
  9.525916e-01   2.517520e-24   1.416435e-04   3.245309e-25   56
  9.536606e-01   3.473916e-24   2.021324e-04   2.802214e-25   96
  9.549399e-01   1.015049e-23   2.232036e-04   8.827568e-25   144
  9.559263e-01   7.264426e-24   1.267263e-04   1.219946e-24   54
  9.573592e-01   5.934131e-24   1.898493e-04   6.039007e-25   108
  9.588012e-01   1.422438e-23   1.005243e-04   1.739208e-24   48
  9.601739e-01   8.769518e-24   3.785063e-04   7.680462e-25   72
  9.634680e-01   1.304768e-23   2.500803e-04   2.053186e-24   78
  9.643808e-01   2.587221e-24   1.884669e-04   2.113437e-25   72
  9.654462e-01   3.105870e-24   1.882329e-04   2.720754e-25   72
  9.665603e-01   5.790122e-24   4.542266e-04   6.268830e-25   96
  9.674408e-01   4.980706e-24   1.878449e-04   5.211044e-25   72
  9.685029e-01   5.692377e-24   0.000000e+00   5.596623e-25   24
  9.695638e-01   5.236968e-24   3.748416e-04   3.587299e-25   72
  9.719599e-01   1.459983e-23   2.380359e-04   3.243740e-24   30
  9.724755e-01   1.007367e-23   0.000000e+00   9.179393e-25   24
  9.752466e-01   1.597574e-24   1.976584e-04   1.932131e-25   48
  9.761159e-01   5.440633e-24   4.253608e-04   7.328915e-25   120
  9.772870e-01   2.568844e-24   1.859776e-04   2.372748e-25   72
  9.784697e-01   1.828889e-24   1.857528e-04   2.266518e-25   36
  9.792826e-01   4.323634e-24   3.671339e-04   2.927659e-25   78
  9.815513e-01   7.510664e-24   1.963888e-04   7.968816e-25   48
  9.844928e-01   7.885495e-24   1.589457e-08   1.012082e-24   24
  9.865884e-01   1.257752e-24   1.367612e-04   9.947499e-26   56
  9.876436e-01   2.713451e-24   2.104496e-04   3.289111e-25   102
  9.889860e-01   2.627673e-24   1.498555e-08   2.008161e-25   72
  9.897653e-01   2.730865e-24   0.000000e+00   4.307203e-25   24
  9.911277e-01   5.695386e-24   1.944913e-04   4.872372e-25   48
  9.936528e-01   6.909859e-24   0.000000e+00   1.075984e-24   24
  9.967520e-01   5.096591e-24   0.000000e+00   1.765713e-24   6
  9.977185e-01   8.838777e-25   0.000000e+00   7.321148e-26   24
  9.983623e-01   1.198206e-24   1.820511e-04   1.086639e-25   72
  9.995384e-01   1.937537e-24   3.396336e-04   1.595753e-25   84
  1.000805e+00   2.521145e-24   0.000000e+00   3.951076e-25   24
  1.001190e+00   2.495451e-24   1.589457e-08   4.207196e-25   24
  1.003114e+00   3.039499e-24   1.123916e-08   3.854268e-25   24
  1.005800e+00   3.400799e-24   0.000000e+00   5.775018e-25   6
  1.009244e+00   8.964744e-25   1.910001e-04   8.160670e-26   48
  1.010072e+00   1.377972e-24   3.598129e-04   1.019781e-25   72
  1.011152e+00   1.523816e-24   1.906396e-04   1.800429e-25   48
  1.012867e+00   3.507118e-24   0.000000e+00   5.216246e-25   24
  1.015148e+00   2.640010e-24   1.123916e-08   3.534388e-25   6
  1.020262e+00   6.264605e-25   0.000000e+00   1.134992e-25   8
  1.020640e+00   7.717348e-25   1.123916e-08   8.249604e-26   48
  1.021546e+00   1.326551e-24   1.848806e-04   1.479257e-25   60
  1.022904e+00   2.215371e-24   0.000000e+00   2.668994e-25   24
  1.024787e+00   6.133696e-24   0.000000e+00   1.959827e-24   6
  1.031723e+00   2.948699e-25   0.000000e+00   5.442986e-26   24
  1.032283e+00   5.185864e-25   1.867372e-04   4.191300e-26   48
  1.033217e+00   9.140987e-25   0.000000e+00   1.035936e-25   24
  1.034708e+00   1.626468e-24   1.123916e-08   2.985822e-25   6
  1.043181e+00   4.065032e-25   1.742080e-04   5.370801e-26   36
  1.043797e+00   9.272356e-25   0.000000e+00   1.148251e-25   24
  1.044904e+00   7.666202e-25   0.000000e+00   9.531024e-26   6
  1.054545e+00   3.469029e-25   1.583190e-04   4.460331e-26   32
  1.055367e+00   7.496661e-25   1.123916e-08   8.607755e-26   6
  1.065728e+00   2.207768e-25   0.000000e+00   5.606690e-26   12
  1.066089e+00   2.008271e-25   0.000000e+00   5.122923e-26   6
  1.077063e+00   1.711032e-25   1.589457e-08   3.660821e-26   6
