# power spectrum of hij
# redshift z=50.000000
# k              Pk             sigma(k)       sigma(Pk)      count
  1.963495e-02   5.354412e-19   0.000000e+00   1.993355e-19   6
  2.776802e-02   3.438070e-19   0.000000e+00   3.156494e-20   12
  3.400874e-02   1.477462e-19   3.725290e-10   1.830524e-20   8
  3.926991e-02   1.306936e-19   0.000000e+00   1.726476e-20   6
  4.390509e-02   1.049221e-19   0.000000e+00   1.039989e-20   24
  4.809562e-02   4.330319e-20   7.024475e-10   6.886837e-21   24
  5.553604e-02   4.697588e-20   0.000000e+00   6.131936e-21   12
  5.890486e-02   2.186289e-20   7.947286e-10   1.864272e-21   30
  6.209118e-02   1.891907e-20   0.000000e+00   2.365412e-21   24
  6.512178e-02   2.189361e-20   1.216675e-09   2.844542e-21   24
  6.801748e-02   1.258250e-20   7.450581e-10   3.858440e-21   8
  7.079483e-02   1.298593e-20   9.934107e-10   1.525790e-21   24
  7.346727e-02   1.114251e-20   0.000000e+00   1.061992e-21   48
  7.853982e-02   9.945535e-21   0.000000e+00   1.792663e-21   6
  8.095699e-02   7.717819e-21   1.404895e-09   7.091774e-22   48
  8.330406e-02   7.998512e-21   0.000000e+00   9.191702e-22   36
  8.558678e-02   6.030541e-21   9.934107e-10   9.683787e-22   24
  8.781018e-02   6.121734e-21   0.000000e+00   8.455878e-22   24
  8.997866e-02   4.083535e-21   0.000000e+00   4.318312e-22   48
  9.209610e-02   4.802220e-21   1.404895e-09   7.476926e-22   24
  9.619124e-02   3.494367e-21   1.404895e-09   4.225878e-22   24
  9.817477e-02   4.503829e-21   0.000000e+00   6.537368e-22   30
  1.001190e-01   2.491447e-21   0.000000e+00   2.148131e-22   72
  1.020262e-01   2.727619e-21   1.490116e-09   2.879043e-22   32
  1.057375e-01   2.768865e-21   0.000000e+00   2.330808e-22   72
  1.075451e-01   2.365982e-21   0.000000e+00   2.282500e-22   48
  1.110721e-01   1.548221e-21   0.000000e+00   3.190295e-22   12
  1.127942e-01   1.655922e-21   0.000000e+00   1.255264e-22   48
  1.144905e-01   1.757417e-21   0.000000e+00   1.087319e-22   48
  1.161620e-01   1.544046e-21   1.404895e-09   1.283331e-22   48
  1.178097e-01   1.244218e-21   1.589457e-09   2.014105e-22   30
  1.194348e-01   1.472396e-21   1.404895e-09   1.720770e-22   24
  1.210380e-01   1.241221e-21   2.961779e-09   9.271902e-23   72
  1.241824e-01   8.261124e-22   0.000000e+00   8.948740e-23   24
  1.257251e-01   9.531804e-22   0.000000e+00   6.336917e-23   96
  1.272490e-01   1.051604e-21   0.000000e+00   7.873620e-23   48
  1.287550e-01   7.188114e-22   2.433349e-09   7.050291e-23   24
  1.302436e-01   8.587855e-22   2.433349e-09   8.402893e-23   24
  1.317153e-01   8.036273e-22   0.000000e+00   5.266767e-23   72
  1.331707e-01   9.791419e-22   0.000000e+00   6.420459e-23   48
  1.360350e-01   6.811553e-22   1.490116e-09   8.864388e-23   8
  1.374447e-01   6.272730e-22   1.766064e-09   6.852958e-23   54
  1.388401e-01   5.966092e-22   0.000000e+00   4.588554e-23   84
  1.402216e-01   5.626448e-22   0.000000e+00   7.501103e-23   48
  1.415897e-01   6.303566e-22   1.986821e-09   5.736948e-23   24
  1.429446e-01   4.792664e-22   1.873193e-09   4.927208e-23   72
  1.442869e-01   4.665233e-22   0.000000e+00   4.337919e-23   96
  1.469345e-01   4.596184e-22   0.000000e+00   2.957689e-23   48
  1.482407e-01   5.210978e-22   0.000000e+00   4.401030e-23   48
  1.495354e-01   3.342406e-22   1.986821e-09   6.115572e-23   24
  1.508189e-01   4.501896e-22   0.000000e+00   3.094847e-23   72
  1.533539e-01   3.631916e-22   1.873193e-09   3.839824e-23   72
  1.546058e-01   3.153981e-22   0.000000e+00   2.015647e-23   96
  1.570796e-01   2.830293e-22   0.000000e+00   4.969090e-23   6
  1.583021e-01   3.190227e-22   0.000000e+00   2.310679e-23   96
  1.595151e-01   3.392347e-22   1.986821e-09   2.117720e-23   96
  1.607190e-01   3.873846e-22   0.000000e+00   3.166990e-23   24
  1.619140e-01   2.996046e-22   2.809790e-09   2.493303e-23   48
  1.631002e-01   2.337693e-22   0.000000e+00   1.795854e-23   96
  1.642778e-01   2.495964e-22   0.000000e+00   2.124419e-23   48
  1.666081e-01   2.683414e-22   0.000000e+00   2.799634e-23   36
  1.677611e-01   2.543019e-22   3.441276e-09   2.204553e-23   48
  1.689063e-01   2.189888e-22   3.893359e-09   1.405752e-23   120
  1.700437e-01   2.222259e-22   0.000000e+00   2.630223e-23   56
  1.711736e-01   2.256387e-22   1.986821e-09   3.396430e-23   24
  1.722960e-01   2.115007e-22   0.000000e+00   1.882751e-23   96
  1.734112e-01   1.987724e-22   0.000000e+00   2.463493e-23   48
  1.756204e-01   2.336539e-22   0.000000e+00   3.223905e-23   24
  1.767146e-01   1.722313e-22   0.000000e+00   1.216996e-23   102
  1.778021e-01   1.994634e-22   0.000000e+00   2.102022e-23   48
  1.788829e-01   1.816028e-22   0.000000e+00   1.341434e-23   72
  1.799573e-01   1.503715e-22   0.000000e+00   1.926919e-23   48
  1.810253e-01   1.883584e-22   0.000000e+00   1.761342e-23   48
  1.820871e-01   1.837749e-22   4.495664e-09   1.222129e-23   120
  1.841922e-01   1.303156e-22   2.809790e-09   1.795515e-23   24
  1.852358e-01   1.417393e-22   2.649095e-09   9.084326e-24   144
  1.862735e-01   1.367473e-22   3.178914e-09   8.428386e-24   120
  1.873055e-01   1.509467e-22   2.809790e-09   1.378455e-23   48
  1.893526e-01   1.358765e-22   2.809790e-09   1.199974e-23   48
  1.903679e-01   1.141040e-22   2.809790e-09   6.991259e-24   96
  1.930487e-01   1.024973e-22   4.711199e-04   7.037571e-24   72
  1.943761e-01   1.017873e-22   3.532127e-09   5.834912e-24   108
  1.953653e-01   1.021316e-22   0.000000e+00   7.660548e-24   72
  1.963495e-01   9.179468e-23   0.000000e+00   5.987934e-24   30
  1.973288e-01   1.060099e-22   0.000000e+00   4.913233e-24   168
  1.983033e-01   7.737693e-23   0.000000e+00   8.621567e-24   48
  2.002380e-01   9.275628e-23   0.000000e+00   7.571544e-24   72
  2.011984e-01   8.544251e-23   0.000000e+00   5.361580e-24   96
  2.021542e-01   9.733365e-23   5.298191e-09   6.139965e-24   72
  2.031055e-01   8.445628e-23   0.000000e+00   4.441740e-24   72
  2.047049e-01   7.694212e-23   4.350048e-04   5.179475e-24   104
  2.059331e-01   7.740528e-23   3.746387e-09   5.964852e-24   144
  2.087224e-01   7.275913e-23   6.282881e-09   3.725792e-24   96
  2.096439e-01   7.174629e-23   0.000000e+00   5.846464e-24   96
  2.111095e-01   7.934355e-23   4.475232e-04   4.546825e-24   120
  2.123845e-01   6.991176e-23   0.000000e+00   4.138664e-24   120
  2.132902e-01   8.168530e-23   0.000000e+00   7.048304e-24   72
  2.150901e-01   7.225634e-23   0.000000e+00   6.896020e-24   48
  2.159845e-01   7.516795e-23   4.235416e-09   5.356160e-24   78
  2.171286e-01   6.310252e-23   4.007142e-04   2.981571e-24   168
  2.195255e-01   6.294467e-23   3.746387e-09   3.857599e-24   144
  2.204018e-01   5.242773e-23   3.746387e-09   2.949919e-24   144
  2.229436e-01   5.223027e-23   2.307791e-04   3.463847e-24   156
  2.238729e-01   5.707361e-23   4.866699e-09   6.753108e-24   48
  2.247323e-01   5.208030e-23   3.178914e-09   2.796316e-24   120
  2.255884e-01   4.798276e-23   0.000000e+00   4.617809e-24   48
  2.271022e-01   4.582975e-23   3.532495e-04   2.453871e-24   216
  2.289809e-01   4.528663e-23   0.000000e+00   3.278929e-24   48
  2.298212e-01   4.654458e-23   2.809790e-09   3.320780e-24   96
  2.310160e-01   4.180135e-23   4.128272e-04   2.087942e-24   168
  2.323239e-01   3.070027e-23   2.809790e-09   2.850446e-24   48
  2.331522e-01   4.436387e-23   0.000000e+00   2.410377e-24   96
  2.339775e-01   4.860002e-23   0.000000e+00   4.288167e-24   48
  2.356194e-01   5.698328e-23   3.178914e-09   5.600269e-24   30
  2.364362e-01   3.650356e-23   2.809790e-09   2.414407e-24   96
  2.374123e-01   3.657441e-23   3.244455e-04   1.671393e-24   240
  2.386674e-01   4.219719e-23   3.500299e-04   5.779606e-24   32
  2.396752e-01   3.653945e-23   0.000000e+00   1.832021e-24   168
  2.404781e-01   3.084733e-23   0.000000e+00   1.787588e-24   120
  2.420760e-01   3.065912e-23   5.923557e-09   3.076944e-24   72
  2.428710e-01   2.866193e-23   3.746387e-09   1.587928e-24   144
  2.436634e-01   3.272455e-23   0.000000e+00   2.436429e-24   96
  2.444532e-01   2.932411e-23   0.000000e+00   1.979478e-24   96
  2.460253e-01   3.429586e-23   4.588368e-09   2.967540e-24   72
  2.468075e-01   2.774678e-23   3.973643e-09   2.242406e-24   96
  2.483647e-01   2.191664e-23   0.000000e+00   2.911096e-24   24
  2.491396e-01   2.245122e-23   0.000000e+00   1.071122e-24   192
  2.500522e-01   2.590462e-23   2.970416e-04   1.579893e-24   132
  2.514501e-01   2.223395e-23   0.000000e+00   1.456516e-24   96
  2.522156e-01   2.643779e-23   0.000000e+00   1.697231e-24   96
  2.529787e-01   2.311137e-23   3.178914e-09   1.688480e-24   120
  2.544981e-01   2.047333e-23   0.000000e+00   1.710873e-24   48
  2.557435e-01   2.538313e-23   3.599905e-04   1.188779e-24   222
  2.567603e-01   2.361955e-23   0.000000e+00   1.589407e-24   120
  2.575100e-01   2.580777e-23   4.866699e-09   3.595778e-24   24
  2.586015e-01   2.313284e-23   3.715625e-04   9.472568e-25   312
  2.609797e-01   1.660799e-23   3.483547e-04   1.106498e-24   72
  2.619630e-01   2.377761e-23   2.809790e-09   1.842103e-24   96
  2.629726e-01   1.969048e-23   3.547511e-04   1.015827e-24   192
  2.641613e-01   2.161687e-23   4.495664e-09   1.217846e-24   120
  2.648900e-01   1.815226e-23   0.000000e+00   1.075716e-24   144
  2.663415e-01   1.783896e-23   0.000000e+00   1.085230e-24   48
  2.673732e-01   1.814619e-23   3.567146e-04   6.821945e-25   336
  2.685040e-01   1.622729e-23   0.000000e+00   1.303516e-24   48
  2.699360e-01   1.763513e-23   0.000000e+00   8.508217e-25   192
  2.706492e-01   2.085098e-23   0.000000e+00   1.732681e-24   48
  2.726764e-01   1.891373e-23   2.476067e-04   1.315490e-24   56
  2.736844e-01   1.590962e-23   3.180112e-04   6.270338e-25   336
  2.748894e-01   1.873216e-23   3.532127e-09   1.238199e-24   54
  2.759390e-01   1.638323e-23   3.492904e-04   8.052310e-25   240
  2.781181e-01   1.475634e-23   3.344484e-04   6.563869e-25   228
  2.790651e-01   1.629609e-23   3.746387e-09   1.553684e-24   72
  2.799844e-01   1.250233e-23   3.244231e-04   8.304548e-25   144
  2.811298e-01   1.616532e-23   0.000000e+00   1.014882e-24   96
  2.818146e-01   1.396238e-23   4.495664e-09   5.588183e-25   240
  2.831793e-01   1.365897e-23   3.973643e-09   2.339831e-24   24
  2.840530e-01   1.259673e-23   3.064151e-04   5.586523e-25   336
  2.852142e-01   1.269407e-23   0.000000e+00   1.287339e-24   72
  2.862741e-01   1.294475e-23   3.332831e-04   8.421298e-25   168
  2.872346e-01   1.621071e-23   0.000000e+00   1.091459e-24   72
  2.885737e-01   1.288430e-23   0.000000e+00   8.458735e-25   96
  2.896108e-01   1.108824e-23   3.307829e-04   5.151545e-25   216
  2.905708e-01   1.156793e-23   3.973643e-09   7.293779e-25   96
  2.918946e-01   1.016448e-23   0.000000e+00   5.177999e-25   192
  2.925542e-01   1.342154e-23   3.746387e-09   6.610324e-25   144
  2.938691e-01   8.677671e-24   0.000000e+00   7.954870e-25   48
  2.947794e-01   1.092311e-23   3.189136e-04   4.952164e-25   246
  2.960164e-01   1.166017e-23   2.940434e-04   5.785457e-25   168
  2.971308e-01   1.171221e-23   5.506041e-09   6.948879e-25   120
  2.977788e-01   1.031926e-23   0.000000e+00   5.307887e-25   240
  2.990707e-01   9.744219e-24   3.973643e-09   1.211180e-24   24
  3.001001e-01   9.613583e-24   3.147475e-04   3.271391e-25   360
  3.013820e-01   1.002642e-23   3.134082e-04   6.394720e-25   120
  3.022763e-01   8.267940e-24   0.000000e+00   4.418459e-25   144
  3.029133e-01   7.842056e-24   0.000000e+00   4.907073e-25   96
  3.048165e-01   8.247799e-24   0.000000e+00   5.400670e-25   144
  3.054482e-01   8.976062e-24   0.000000e+00   5.513874e-25   132
  3.063360e-01   9.983357e-24   3.093292e-04   5.348082e-25   176
  3.076248e-01   8.012859e-24   3.123602e-04   3.004226e-25   312
  3.092116e-01   7.175595e-24   0.000000e+00   5.393706e-25   96
  3.098343e-01   7.662450e-24   0.000000e+00   4.309774e-25   144
  3.107899e-01   7.654073e-24   3.092271e-04   3.460017e-25   312
  3.123131e-01   7.427083e-24   0.000000e+00   7.127184e-25   48
  3.129297e-01   7.527928e-24   3.973643e-09   3.831386e-25   192
  3.141593e-01   5.893807e-24   0.000000e+00   3.102634e-25   6
  3.149762e-01   7.390761e-24   2.884066e-04   3.061968e-25   288
  3.162994e-01   7.465097e-24   3.047203e-04   4.243061e-25   192
  3.172124e-01   7.561341e-24   9.345130e-09   3.718560e-25   216
  3.178195e-01   7.985603e-24   0.000000e+00   8.489121e-25   72
  3.193321e-01   8.771763e-24   3.018264e-04   4.218438e-25   192
  3.203366e-01   6.524279e-24   2.241224e-04   2.701131e-25   288
  3.214381e-01   8.080256e-24   0.000000e+00   1.082492e-24   24
  3.222890e-01   6.412567e-24   2.952626e-04   1.947628e-25   456
  3.238280e-01   7.702315e-24   5.619580e-09   7.307447e-25   48
  3.247789e-01   5.390435e-24   2.908218e-04   2.378621e-25   240
  3.258718e-01   6.018492e-24   2.939082e-04   2.715629e-25   216
  3.267908e-01   5.266439e-24   0.000000e+00   3.624521e-25   72
  3.273801e-01   5.351634e-24   1.015467e-08   2.918854e-25   168
  3.290441e-01   5.442867e-24   2.184577e-04   2.113260e-25   288
  3.299773e-01   5.659316e-24   2.890570e-04   3.362611e-25   168
  3.314762e-01   5.192049e-24   0.000000e+00   2.809738e-25   192
  3.320572e-01   4.992276e-24   3.746387e-09   2.510861e-25   144
  3.332162e-01   7.405967e-24   0.000000e+00   9.649366e-25   36
  3.341991e-01   5.162521e-24   2.639705e-04   1.844006e-25   342
  3.351389e-01   5.215284e-24   2.710657e-04   3.135148e-25   144
  3.363470e-01   5.020683e-24   2.842800e-04   1.836553e-25   384
  3.378125e-01   5.500498e-24   7.786718e-09   3.146919e-25   120
  3.385379e-01   4.630690e-24   2.534951e-04   1.894915e-25   264
  3.395201e-01   4.933449e-24   1.256576e-08   2.529263e-25   192
  3.404451e-01   4.151876e-24   2.731894e-04   2.345007e-25   152
  3.412191e-01   3.993535e-24   7.492773e-09   2.529366e-25   144
  3.428472e-01   4.132835e-24   1.768108e-04   2.249028e-25   216
  3.436008e-01   4.692526e-24   2.362665e-04   1.918652e-25   312
  3.449274e-01   4.067808e-24   2.738281e-04   2.018274e-25   240
  3.457090e-01   4.390571e-24   3.973643e-09   2.993752e-25   96
  3.471927e-01   4.395885e-24   2.617995e-04   2.184491e-25   144
  3.481071e-01   3.846301e-24   2.573258e-04   1.320396e-25   456
  3.495904e-01   4.049515e-24   0.000000e+00   2.653479e-25   120
  3.501414e-01   3.976844e-24   0.000000e+00   2.136725e-25   144
  3.512407e-01   4.316182e-24   0.000000e+00   1.033522e-24   24
  3.519456e-01   3.967353e-24   2.473498e-04   1.565299e-25   336
  3.531645e-01   3.872688e-24   2.727931e-04   2.398011e-25   198
  3.543067e-01   3.682634e-24   2.652756e-04   1.223601e-25   432
  3.556041e-01   4.516197e-24   0.000000e+00   3.405736e-25   48
  3.562810e-01   3.617086e-24   2.341925e-04   1.292192e-25   384
  3.574963e-01   3.419459e-24   2.696052e-04   1.771594e-25   144
  3.585975e-01   3.699499e-24   2.676825e-04   1.883192e-25   264
  3.599147e-01   3.926706e-24   0.000000e+00   4.542649e-25   48
  3.607984e-01   3.733398e-24   2.545223e-04   1.560515e-25   276
  3.616510e-01   3.202143e-24   2.307176e-04   1.651998e-25   192
  3.627906e-01   3.172466e-24   2.592759e-04   9.868859e-26   552
  3.641741e-01   3.398231e-24   8.991328e-09   1.915179e-25   120
  3.649965e-01   2.834169e-24   2.624511e-04   1.462222e-25   216
  3.657587e-01   3.225083e-24   4.495664e-09   2.000549e-25   120
  3.671201e-01   3.116854e-24   2.584500e-04   1.109279e-25   408
  3.683844e-01   2.118295e-24   5.619580e-09   4.852719e-25   24
  3.691684e-01   2.948296e-24   2.610810e-04   1.114381e-25   384
  3.702633e-01   3.008511e-24   2.550855e-04   1.358847e-25   240
  3.712141e-01   2.916703e-24   2.569535e-04   1.673094e-25   168
  3.725471e-01   2.400847e-24   6.357829e-09   1.205472e-25   120
  3.734064e-01   2.702870e-24   2.678605e-04   1.064683e-25   350
  3.748037e-01   2.513728e-24   4.409502e-04   8.626583e-26   384
  3.756388e-01   2.598695e-24   0.000000e+00   1.473335e-25   144
  3.771752e-01   2.792412e-24   1.059638e-08   1.099058e-25   288
  3.779773e-01   2.466323e-24   2.524053e-04   8.932358e-26   336
  3.790686e-01   2.602604e-24   2.297941e-04   1.343099e-25   168
  3.797219e-01   2.600157e-24   4.541306e-09   8.846237e-26   336
  3.810732e-01   2.506792e-24   2.385126e-04   9.414911e-26   288
  3.818848e-01   2.592228e-24   2.247398e-04   1.154079e-25   264
  3.832590e-01   2.060520e-24   0.000000e+00   7.764875e-26   240
  3.837616e-01   2.083726e-24   7.947286e-09   1.445090e-25   96
  3.855656e-01   2.199402e-24   3.056310e-04   9.071543e-26   360
  3.864075e-01   2.162058e-24   2.253025e-04   1.185971e-25   168
  3.874713e-01   2.300819e-24   2.456032e-04   7.708992e-26   456
  3.887523e-01   2.191028e-24   7.064254e-09   1.529391e-25   108
  3.894728e-01   1.933574e-24   2.464311e-04   8.556873e-26   264
  3.903716e-01   2.049335e-24   2.198567e-04   7.558286e-26   264
  3.916025e-01   2.229943e-24   2.074668e-04   9.185647e-26   312
  3.931351e-01   1.779029e-24   1.541705e-04   7.534435e-26   270
  3.937775e-01   2.019230e-24   1.957388e-04   9.624934e-26   240
  3.949323e-01   2.111492e-24   2.421536e-04   7.647854e-26   384
  3.956334e-01   2.202671e-24   0.000000e+00   1.045303e-25   192
  3.969952e-01   2.079856e-24   1.942960e-04   8.813004e-26   240
  3.977852e-01   2.005170e-24   2.397927e-04   7.791136e-26   336
  3.992708e-01   1.767899e-24   2.413972e-04   5.520824e-26   480
  4.004761e-01   2.354528e-24   0.000000e+00   1.804169e-25   72
  4.011493e-01   1.759832e-24   2.353842e-04   8.619351e-26   240
  4.020650e-01   1.711091e-24   2.212289e-04   7.552071e-26   312
  4.031147e-01   1.967205e-24   2.390954e-04   1.015833e-25   240
  4.047009e-01   1.722485e-24   1.816506e-04   5.352816e-26   408
  4.053288e-01   1.655312e-24   1.663482e-04   7.105411e-26   336
  4.065560e-01   1.790965e-24   2.112212e-04   7.076901e-26   264
  4.071591e-01   1.706054e-24   0.000000e+00   9.620165e-26   144
  4.088370e-01   1.553404e-24   2.927651e-04   5.574919e-26   464
  4.097211e-01   1.664656e-24   2.328083e-04   9.524982e-26   168
  4.105939e-01   1.474281e-24   2.120376e-04   5.485312e-26   336
  4.121713e-01   1.514686e-24   2.227870e-04   5.111017e-26   414
  4.130606e-01   1.416881e-24   2.319080e-04   6.391111e-26   216
  4.141998e-01   1.937153e-24   5.619580e-09   1.295115e-25   96
  4.146649e-01   1.468458e-24   1.685874e-08   5.643523e-26   384
  4.162944e-01   1.529703e-24   2.314600e-04   4.747929e-26   492
  4.171676e-01   1.461908e-24   2.263480e-04   5.811760e-26   240
  4.181546e-01   1.527591e-24   2.298225e-04   6.321435e-26   312
  4.195176e-01   1.090017e-24   2.297469e-04   6.105785e-26   192
  4.203810e-01   1.345061e-24   2.226525e-04   4.541433e-26   504
  4.215265e-01   1.375188e-24   1.473998e-04   5.334685e-26   408
  4.224284e-01   1.154029e-24   4.515774e-04   6.630661e-26   168
  4.235571e-01   1.420201e-24   2.145032e-04   5.713240e-26   288
  4.245041e-01   1.504246e-24   2.238525e-04   5.818596e-26   288
  4.254743e-01   1.180251e-24   2.251410e-04   4.066774e-26   432
  4.268815e-01   1.361148e-24   2.129084e-04   7.186343e-26   216
  4.276334e-01   1.261456e-24   2.124592e-04   4.512999e-26   360
  4.289721e-01   1.195762e-24   2.073582e-04   4.620225e-26   312
  4.301803e-01   1.090940e-24   0.000000e+00   6.975696e-26   48
  4.308767e-01   1.138744e-24   2.223178e-04   3.662439e-26   432
  4.321240e-01   1.196818e-24   3.708284e-04   4.297344e-26   414
  4.328606e-01   1.322032e-24   1.956255e-08   5.055437e-26   312
  4.342347e-01   1.099287e-24   3.253813e-04   3.361401e-26   528
  4.351620e-01   1.232138e-24   1.707976e-04   4.719796e-26   264
  4.362761e-01   1.265544e-24   2.025191e-04   4.682521e-26   480
  4.377318e-01   1.246335e-24   0.000000e+00   6.104572e-26   288
  4.383604e-01   1.196739e-24   2.176005e-04   5.544177e-26   168
  4.395105e-01   1.119962e-24   3.444610e-04   4.051348e-26   504
  4.408036e-01   1.272560e-24   7.492773e-09   8.622396e-26   144
  4.416171e-01   1.021672e-24   2.212265e-04   3.531112e-26   464
  4.428396e-01   1.052112e-24   3.246624e-04   3.910125e-26   432
  4.434197e-01   1.089997e-24   5.619580e-09   5.736923e-26   192
  4.449189e-01   9.594835e-25   2.406833e-04   3.760727e-26   396
  4.458042e-01   9.449826e-25   2.162000e-04   4.243513e-26   288
  4.466990e-01   9.986471e-25   2.135686e-04   3.814339e-26   336
  4.481283e-01   1.010365e-24   1.352359e-04   3.638873e-26   432
  4.490354e-01   9.758102e-25   3.505126e-04   3.815461e-26   360
  4.500539e-01   1.098737e-24   2.073334e-04   4.294196e-26   384
  4.515004e-01   8.275968e-25   1.830116e-04   5.344984e-26   198
  4.521974e-01   9.790151e-25   2.080246e-04   2.881863e-26   552
  4.534970e-01   9.142959e-25   2.912202e-04   3.450933e-26   432
  4.545821e-01   9.865367e-25   0.000000e+00   6.403784e-26   168
  4.554927e-01   9.193648e-25   3.610065e-04   3.383409e-26   480
  4.566974e-01   1.052192e-24   0.000000e+00   7.789393e-26   120
  4.572396e-01   8.861440e-25   2.948545e-04   3.726441e-26   336
  4.585628e-01   8.897297e-25   2.080152e-04   2.794378e-26   672
  4.598711e-01   9.099338e-25   3.025866e-04   2.841836e-26   528
  4.604805e-01   7.547954e-25   9.082613e-09   4.333732e-26   168
  4.618883e-01   8.984310e-25   3.375333e-04   3.465680e-26   456
  4.627474e-01   8.783156e-25   2.061344e-04   4.755621e-26   168
  4.636392e-01   8.965141e-25   2.057643e-04   2.967726e-26   504
  4.651216e-01   7.689840e-25   2.647872e-04   3.314668e-26   336
  4.660180e-01   8.557638e-25   1.908802e-04   3.787205e-26   312
  4.670124e-01   7.842464e-25   1.865029e-04   3.074227e-26   504
  4.683210e-01   7.519503e-25   1.294009e-04   2.992254e-26   432
  4.689362e-01   8.151655e-25   1.999672e-04   2.946641e-26   312
  4.702151e-01   7.087368e-25   2.049761e-04   2.863859e-26   384
  4.715504e-01   6.456819e-25   1.741510e-04   4.207146e-26   126
  4.723748e-01   7.111344e-25   3.057676e-04   2.562470e-26   492
  4.734278e-01   7.039229e-25   1.958445e-04   2.506636e-26   528
  4.747438e-01   6.928121e-25   1.989360e-04   2.480228e-26   480
  4.755596e-01   7.728859e-25   2.748289e-04   2.696063e-26   432
  4.767402e-01   7.273472e-25   2.161166e-04   2.609168e-26   440
  4.781114e-01   7.379491e-25   1.074739e-04   3.262894e-26   312
  4.786259e-01   7.524860e-25   1.610586e-04   2.730364e-26   480
  4.796813e-01   6.903278e-25   3.153497e-04   2.337774e-26   408
  4.812233e-01   8.107073e-25   1.888588e-04   3.457634e-26   360
  4.818747e-01   6.865833e-25   1.822418e-04   2.910985e-26   408
  4.830820e-01   5.910722e-25   1.854542e-04   2.135547e-26   456
  4.844414e-01   7.410881e-25   1.772485e-04   3.990507e-26   264
  4.851959e-01   6.913622e-25   1.923591e-04   2.710101e-26   384
  4.862943e-01   6.627555e-25   3.238501e-04   2.049578e-26   672
  4.875640e-01   6.462806e-25   1.937042e-04   3.536105e-26   240
  4.882967e-01   6.397392e-25   1.965613e-04   2.867536e-26   264
  4.893308e-01   5.646979e-25   2.424259e-04   1.756331e-26   624
  4.908739e-01   4.866459e-25   0.000000e+00   2.936359e-26   150
  4.914232e-01   6.181412e-25   2.716574e-04   2.072055e-26   600
  4.925819e-01   6.075463e-25   1.874909e-04   1.888563e-26   672
  4.938939e-01   5.819642e-25   1.763484e-04   2.416634e-26   336
  4.946248e-01   6.300650e-25   1.918157e-04   2.414701e-26   408
  4.957926e-01   5.696142e-25   1.913639e-04   2.290673e-26   408
  4.970915e-01   6.532568e-25   9.676385e-05   3.003898e-26   360
  4.978921e-01   5.832126e-25   3.552857e-04   2.151757e-26   456
  4.988592e-01   5.730858e-25   1.932065e-04   2.540741e-26   384
  5.000902e-01   5.154002e-25   1.783541e-04   2.491505e-26   348
  5.007554e-01   5.480903e-25   2.198754e-04   1.972291e-26   576
  5.020050e-01   5.937095e-25   1.810385e-04   2.205004e-26   504
  5.032833e-01   5.389271e-25   2.553443e-04   2.205404e-26   432
  5.043991e-01   6.054524e-25   3.473946e-04   2.120566e-26   576
  5.051948e-01   4.566646e-25   0.000000e+00   2.407311e-26   264
  5.064571e-01   5.160542e-25   2.764393e-04   1.660736e-26   768
  5.075549e-01   4.290361e-25   3.721752e-04   2.000968e-26   240
  5.084277e-01   5.717679e-25   3.282233e-04   3.995703e-26   192
  5.096990e-01   5.320782e-25   2.416124e-04   1.971688e-26   504
  5.106418e-01   5.980778e-25   3.255818e-04   2.005932e-26   590
  5.115460e-01   4.626870e-25   3.647966e-04   1.849175e-26   384
  5.126798e-01   4.724552e-25   3.048625e-04   1.938765e-26   504
  5.140486e-01   4.650983e-25   2.933830e-04   1.642176e-26   648
  5.153764e-01   4.465229e-25   7.967896e-05   1.577358e-26   504
  5.159117e-01   5.146067e-25   1.817627e-04   3.041215e-26   312
  5.168569e-01   5.011360e-25   2.618753e-04   1.675187e-26   576
  5.181545e-01   4.556307e-25   1.822405e-04   2.614812e-26   240
  5.189109e-01   4.989424e-25   1.841453e-04   1.726073e-26   552
  5.199816e-01   4.815125e-25   1.729082e-04   1.766133e-26   600
  5.215067e-01   4.346611e-25   2.111937e-04   1.488097e-26   600
  5.224237e-01   4.631047e-25   3.382099e-04   1.831439e-26   312
  5.233368e-01   4.946287e-25   2.945474e-04   1.924952e-26   480
  5.244775e-01   3.995131e-25   1.837693e-04   1.529284e-26   576
  5.254818e-01   4.694669e-25   2.959085e-04   1.746129e-26   408
  5.263729e-01   3.017199e-25   3.451909e-04   1.404771e-26   216
  5.275243e-01   5.206556e-25   2.643774e-04   1.854488e-26   516
  5.287578e-01   4.703942e-25   2.522429e-04   1.604249e-26   744
  5.300304e-01   4.818989e-25   1.684760e-04   1.873365e-26   462
  5.307494e-01   3.509735e-25   1.712315e-04   1.329325e-26   432
  5.318647e-01   3.570553e-25   1.588547e-04   1.080707e-26   648
  5.331761e-01   3.783493e-25   2.324340e-04   1.542912e-26   528
  5.342295e-01   4.311863e-25   2.799086e-04   1.603165e-26   600
  5.352820e-01   5.238309e-25   3.528915e-04   2.356808e-26   240
  5.363014e-01   3.894470e-25   2.703115e-04   1.315928e-26   720
  5.374863e-01   4.452622e-25   2.138653e-04   1.366551e-26   720
  5.387997e-01   2.727751e-25   0.000000e+00   1.502083e-26   144
  5.394909e-01   4.349069e-25   2.757364e-04   1.336647e-26   720
  5.404742e-01   4.068772e-25   1.653370e-04   1.964939e-26   384
  5.417051e-01   3.853109e-25   1.832848e-04   1.232058e-26   672
  5.428730e-01   3.564706e-25   3.209115e-04   1.588200e-26   336
  5.434308e-01   3.784594e-25   0.000000e+00   2.131854e-26   288
  5.447967e-01   3.703301e-25   2.539800e-04   1.187058e-26   776
  5.460612e-01   3.458388e-25   2.173184e-04   1.429814e-26   720
  5.471231e-01   3.584904e-25   1.750659e-04   1.496295e-26   432
  5.479725e-01   3.751041e-25   2.495786e-04   1.345692e-26   504
  5.489174e-01   3.703730e-25   1.748652e-04   1.387844e-26   528
  5.502396e-01   3.209607e-25   2.382437e-04   1.389712e-26   438
  5.513273e-01   3.518467e-25   2.772938e-04   1.173470e-26   624
  5.521470e-01   3.842456e-25   3.396475e-04   2.289045e-26   312
  5.532738e-01   4.142449e-25   1.829935e-04   1.330955e-26   696
  5.544390e-01   3.442244e-25   1.655760e-04   1.250373e-26   552
  5.556509e-01   3.511474e-25   1.281006e-04   1.416620e-26   516
  5.564006e-01   3.699265e-25   2.558713e-04   1.379106e-26   528
  5.573133e-01   2.858831e-25   1.664001e-04   1.192881e-26   528
  5.586097e-01   3.241518e-25   2.194479e-04   1.015233e-26   864
  5.594897e-01   3.618423e-25   3.005985e-04   1.913199e-26   408
  5.603706e-01   4.173272e-25   2.978186e-04   2.649096e-26   192
  5.616191e-01   3.158662e-25   2.464592e-04   1.051676e-26   720
  5.626731e-01   3.166902e-25   2.272475e-04   1.016166e-26   696
  5.639255e-01   3.116549e-25   2.454294e-04   1.047014e-26   720
  5.650713e-01   3.686296e-25   3.326501e-04   1.579376e-26   432
  5.657395e-01   2.751865e-25   1.958109e-04   1.324501e-26   264
  5.669418e-01   3.286231e-25   2.704061e-04   1.395063e-26   672
  5.680171e-01   3.001434e-25   2.768544e-04   1.065118e-26   600
  5.692933e-01   2.192817e-25   1.620980e-04   1.091298e-26   270
  5.699366e-01   2.619480e-25   2.440026e-04   1.231487e-26   528
  5.709591e-01   3.147357e-25   1.670843e-04   1.016475e-26   840
  5.723613e-01   2.950670e-25   3.194952e-04   9.788719e-27   888
  5.736568e-01   2.785666e-25   2.380474e-04   9.987233e-27   744
  5.747517e-01   3.166396e-25   1.223216e-04   1.240613e-26   456
  5.752963e-01   4.090629e-25   1.671601e-04   1.725812e-26   360
  5.762282e-01   2.472314e-25   1.448348e-04   1.131730e-26   384
  5.776580e-01   3.074505e-25   2.323137e-04   1.146664e-26   816
  5.787308e-01   2.713904e-25   3.370546e-04   9.859177e-27   824
  5.800348e-01   2.781902e-25   1.566791e-04   1.335311e-26   360
  5.807331e-01   3.096118e-25   2.311994e-04   1.340250e-26   624
  5.816941e-01   3.342807e-25   1.562320e-04   1.585152e-26   360
  5.829744e-01   2.515950e-25   2.125215e-04   1.018259e-26   876
  5.841306e-01   2.366835e-25   2.524119e-04   8.906401e-27   696
  5.852967e-01   2.282965e-25   1.629911e-04   1.053783e-26   336
  5.859080e-01   2.763668e-25   1.628079e-04   1.372056e-26   504
  5.869176e-01   2.211577e-25   1.642187e-04   8.884583e-27   672
  5.884155e-01   2.485159e-25   3.269213e-04   7.847699e-27   720
  5.894543e-01   2.427125e-25   2.469541e-04   9.020086e-27   774
  5.906010e-01   2.317669e-25   1.413501e-04   1.381135e-26   384
  5.912015e-01   2.539531e-25   2.720183e-04   1.169273e-26   528
  5.921335e-01   2.375240e-25   2.592486e-04   8.340326e-27   744
  5.936327e-01   2.584516e-25   2.138251e-04   9.017013e-27   768
  5.946281e-01   1.915825e-25   2.400348e-04   8.164948e-27   552
  5.958700e-01   2.241744e-25   2.616108e-04   8.879394e-27   696
  5.967938e-01   2.575774e-25   3.179026e-04   1.329649e-26   408
  5.975272e-01   2.479222e-25   1.373364e-04   1.111697e-26   504
  5.986899e-01   2.470866e-25   2.467198e-04   7.220193e-27   888
  5.998339e-01   2.052530e-25   2.564132e-04   7.680967e-27   648
  6.010230e-01   2.320449e-25   2.542153e-04   8.820127e-27   648
  6.021418e-01   2.281321e-25   2.741064e-04   8.888358e-27   792
  6.033268e-01   2.056320e-25   4.010364e-04   9.692852e-27   600
  6.042000e-01   1.814601e-25   2.717856e-04   7.907739e-27   456
  6.051191e-01   2.097853e-25   1.324567e-04   8.980105e-27   648
  6.062996e-01   2.049537e-25   2.583099e-04   6.470896e-27   936
  6.075741e-01   2.567188e-25   1.586356e-04   1.261484e-26   384
  6.086836e-01   1.812361e-25   1.334798e-08   1.279119e-26   198
  6.095398e-01   1.856175e-25   4.024720e-04   5.138597e-27   1224
  6.104634e-01   2.159919e-25   2.931235e-04   1.021936e-26   420
  6.115558e-01   1.787153e-25   2.836822e-04   5.878907e-27   792
  6.126238e-01   1.987817e-25   2.345810e-04   7.945430e-27   680
  6.138428e-01   1.756444e-25   2.154033e-04   7.287328e-27   600
  6.148235e-01   1.921811e-25   3.123938e-04   6.559514e-27   840
  6.161330e-01   1.701748e-25   1.474979e-04   8.248292e-27   432
  6.166334e-01   1.889329e-25   1.382249e-04   7.578100e-27   720
  6.177213e-01   1.867298e-25   2.768404e-04   5.871170e-27   960
  6.190745e-01   1.713630e-25   2.467829e-04   7.716391e-27   528
  6.200634e-01   1.647631e-25   2.522592e-04   7.231804e-27   624
  6.212404e-01   1.952098e-25   1.982740e-04   7.078820e-27   816
  6.224086e-01   1.656648e-25   3.260658e-04   5.975859e-27   696
  6.236996e-01   1.570585e-25   2.202416e-08   1.088533e-26   240
  6.241851e-01   1.639860e-25   1.922888e-04   7.144289e-27   672
  6.252686e-01   1.674512e-25   3.436476e-04   6.164259e-27   864
  6.264840e-01   1.323974e-25   2.636938e-04   5.071834e-27   816
  6.275795e-01   1.401544e-25   1.509292e-04   5.444975e-27   648
  6.287594e-01   1.742256e-25   1.542771e-04   5.927794e-27   843
  6.297611e-01   1.432542e-25   2.775825e-04   5.306928e-27   780
  6.309548e-01   1.218116e-25   1.489456e-04   1.022007e-26   216
  6.316911e-01   1.541912e-25   3.591661e-04   5.166335e-27   1056
  6.328235e-01   1.341718e-25   2.938382e-04   7.464647e-27   228
  6.338720e-01   1.489288e-25   3.658358e-04   4.852884e-27   924
  6.349484e-01   1.472771e-25   1.357046e-04   4.842617e-27   696
  6.360882e-01   1.323708e-25   2.415153e-04   5.118285e-27   996
  6.372543e-01   1.113778e-25   1.425858e-04   4.978139e-27   576
  6.384675e-01   1.189074e-25   2.200718e-04   5.883706e-27   552
  6.393519e-01   1.512583e-25   2.627580e-04   6.881215e-27   516
  6.402494e-01   1.371796e-25   3.821047e-04   5.405388e-27   744
  6.412749e-01   9.958720e-26   1.874451e-04   4.194873e-27   576
  6.421669e-01   1.181401e-25   1.929285e-04   5.026084e-27   792
  6.434346e-01   1.206492e-25   2.205530e-04   4.892777e-27   792
  6.443636e-01   1.240184e-25   2.378641e-04   5.078433e-27   720
  6.456200e-01   1.171871e-25   2.711104e-04   4.364629e-27   656
  6.467974e-01   1.096312e-25   2.960385e-04   3.972081e-27   816
  6.480043e-01   1.064558e-25   1.596190e-04   5.894067e-27   492
  6.486903e-01   1.170473e-25   2.296231e-04   5.387960e-27   552
  6.499778e-01   9.452840e-26   3.992867e-04   4.966512e-27   780
  6.508139e-01   1.219128e-25   2.452771e-04   5.471550e-27   528
  6.517148e-01   9.074583e-26   2.863130e-04   3.644762e-27   600
  6.530425e-01   1.170695e-25   2.379487e-04   4.319398e-27   900
  6.539577e-01   1.025192e-25   1.317325e-04   4.341794e-27   696
  6.552168e-01   9.544319e-26   3.330907e-04   3.736391e-27   696
  6.564349e-01   8.799176e-26   1.351317e-04   3.745021e-27   552
  6.574592e-01   9.677057e-26   1.571457e-04   4.497232e-27   708
  6.585322e-01   8.930101e-26   2.594565e-04   3.596291e-27   876
  6.596487e-01   9.930181e-26   1.377663e-04   7.799262e-27   216
  6.603980e-01   1.035449e-25   3.768094e-04   3.485233e-27   1032
  6.615201e-01   8.056296e-26   4.195357e-04   3.702974e-27   600
  6.626848e-01   7.218029e-26   2.001869e-04   3.397775e-27   600
  6.635732e-01   8.197450e-26   3.535112e-04   3.233669e-27   528
  6.646233e-01   8.553901e-26   1.940622e-04   3.418791e-27   732
  6.657296e-01   8.451519e-26   1.432973e-04   4.807037e-27   336
  6.670031e-01   8.358593e-26   2.042271e-04   3.491062e-27   912
  6.679548e-01   7.124813e-26   2.049821e-04   3.125831e-27   624
  6.689946e-01   8.038662e-26   1.727341e-04   2.917906e-27   768
  6.702082e-01   7.898918e-26   3.116463e-04   2.718580e-27   792
  6.713995e-01   7.269593e-26   1.545014e-04   2.907839e-27   660
  6.722471e-01   7.506417e-26   2.276826e-04   3.840512e-27   504
  6.731238e-01   6.325556e-26   3.719898e-04   2.786467e-27   480
  6.744376e-01   5.659977e-26   3.440421e-04   1.844719e-27   912
  6.754664e-01   6.926902e-26   3.831443e-04   3.583534e-27   432
  6.764380e-01   6.958942e-26   2.275021e-04   3.030030e-27   564
  6.773006e-01   7.137343e-26   2.177508e-04   2.520989e-27   600
  6.785149e-01   7.407660e-26   3.035240e-04   2.453273e-27   876
  6.794272e-01   7.331862e-26   1.364735e-04   4.259932e-27   264
  6.806846e-01   6.795131e-26   2.648123e-04   3.352186e-27   560
  6.816953e-01   6.081637e-26   1.799457e-04   2.189467e-27   840
  6.829222e-01   5.336559e-26   2.774244e-04   1.755834e-27   1008
  6.840568e-01   4.926431e-26   1.241010e-04   2.171389e-27   456
  6.850930e-01   6.615505e-26   1.607553e-04   2.912408e-27   576
  6.860509e-01   6.354892e-26   2.470177e-04   2.875428e-27   612
  6.873140e-01   5.958487e-26   2.206269e-04   2.335033e-27   780
  6.883444e-01   5.734515e-26   2.528284e-04   2.379900e-27   648
  6.893992e-01   6.622357e-26   1.178213e-04   4.347870e-27   312
  6.900734e-01   4.890915e-26   2.993645e-04   2.148820e-27   528
  6.912414e-01   4.710296e-26   3.909551e-04   1.594219e-27   720
  6.923583e-01   4.877144e-26   3.921794e-04   2.397030e-27   576
  6.937124e-01   5.024949e-26   3.383053e-04   2.488868e-27   444
  6.945549e-01   5.356797e-26   3.317685e-04   1.811554e-27   996
  6.955874e-01   4.500614e-26   2.771265e-04   2.308196e-27   432
  6.965633e-01   6.085366e-26   3.033990e-04   3.235922e-27   504
  6.974062e-01   3.689964e-26   1.367883e-04   1.567971e-27   504
  6.986065e-01   4.737507e-26   2.692009e-04   1.499412e-27   876
  6.996926e-01   4.452825e-26   3.098246e-04   1.871005e-27   504
  7.008236e-01   3.779802e-26   1.975899e-04   1.541940e-27   696
  7.017583e-01   4.397067e-26   1.689187e-04   1.834801e-27   492
  7.030300e-01   4.090611e-26   2.418152e-04   1.816677e-27   432
  7.039719e-01   4.530950e-26   2.264335e-04   1.624649e-27   768
  7.050885e-01   4.588270e-26   2.820533e-04   1.987698e-27   648
  7.061547e-01   3.693424e-26   1.840095e-04   1.716515e-27   456
  7.073798e-01   4.249886e-26   2.530430e-04   1.610793e-27   552
  7.082306e-01   3.899298e-26   1.734358e-04   1.525381e-27   648
  7.094016e-01   3.450797e-26   2.826907e-04   1.222555e-27   840
  7.105454e-01   3.432588e-26   1.348092e-04   1.356587e-27   432
  7.116906e-01   3.777785e-26   1.651183e-04   1.627435e-27   600
  7.124870e-01   4.215946e-26   1.759227e-04   2.063945e-27   432
  7.138248e-01   4.481042e-26   1.751482e-04   1.833243e-27   560
  7.147308e-01   3.309890e-26   2.772412e-04   1.173306e-27   840
  7.158652e-01   3.867121e-26   1.642140e-04   1.907327e-27   504
  7.167662e-01   3.090275e-26   3.351509e-04   1.170306e-27   696
  7.180362e-01   4.297964e-26   1.830475e-04   2.110555e-27   384
  7.190254e-01   2.962608e-26   2.681431e-04   1.093826e-27   576
  7.202219e-01   3.082902e-26   1.654845e-04   1.550329e-27   360
  7.211864e-01   3.613418e-26   2.464465e-04   1.514053e-27   828
  7.222268e-01   2.847553e-26   2.195064e-04   1.393842e-27   372
  7.231800e-01   3.096860e-26   3.352284e-04   1.196828e-27   576
  7.244428e-01   3.600930e-26   1.403933e-04   1.343699e-27   636
  7.253425e-01   3.136014e-26   2.706420e-04   1.211044e-27   648
  7.265596e-01   2.772107e-26   2.200024e-04   1.190095e-27   576
  7.274333e-01   2.852031e-26   3.548870e-04   1.183913e-27   528
  7.285953e-01   2.771456e-26   1.517289e-04   1.446994e-27   360
  7.295571e-01   2.404853e-26   3.490332e-04   8.548746e-28   672
  7.308130e-01   3.430452e-26   1.787806e-04   1.325815e-27   804
  7.318582e-01   3.057215e-26   1.972163e-04   1.465417e-27   408
  7.330145e-01   2.790907e-26   1.219011e-04   1.452756e-27   384
  7.337931e-01   2.255264e-26   2.789567e-04   1.132213e-27   480
  7.348913e-01   2.418683e-26   1.802469e-04   1.147313e-27   432
  7.359446e-01   3.324521e-26   3.321566e-04   1.162080e-27   648
  7.371913e-01   2.756989e-26   2.061016e-04   1.206313e-27   624
  7.381033e-01   2.389146e-26   1.874668e-04   9.692266e-28   456
  7.393486e-01   2.291744e-26   2.560963e-04   9.558315e-28   588
  7.401831e-01   2.224696e-26   1.633884e-04   8.194734e-28   600
  7.414016e-01   2.456691e-26   2.548458e-04   9.352404e-28   708
  7.423640e-01   2.876646e-26   1.605479e-04   1.663080e-27   360
  7.434275e-01   2.713213e-26   1.845541e-04   1.320248e-27   552
  7.444470e-01   1.833269e-26   1.294691e-04   1.138487e-27   288
  7.454820e-01   2.268530e-26   2.434372e-04   1.036034e-27   528
  7.464545e-01   2.711433e-26   1.642340e-04   1.437231e-27   456
  7.475410e-01   2.313541e-26   2.912225e-04   9.722877e-28   608
  7.486338e-01   2.021666e-26   1.408967e-04   8.761662e-28   504
  7.498278e-01   1.825593e-26   3.024972e-04   8.504849e-28   540
  7.507642e-01   2.584715e-26   3.247222e-04   1.295436e-27   360
  7.517735e-01   2.800041e-26   1.470509e-04   1.271534e-27   540
  7.526661e-01   2.019502e-26   1.262606e-04   8.986894e-28   576
  7.539642e-01   1.906642e-26   2.927555e-04   7.532276e-28   588
  7.551985e-01   2.001759e-26   4.039143e-04   9.247739e-28   672
  7.562588e-01   2.116470e-26   3.087151e-04   9.133733e-28   552
  7.571135e-01   1.795280e-26   3.088712e-04   1.510160e-27   144
  7.582042e-01   1.978547e-26   2.624178e-04   8.657556e-28   600
  7.592383e-01   1.641185e-26   3.288668e-04   7.627558e-28   504
  7.603860e-01   1.943425e-26   3.378126e-04   1.304780e-27   336
  7.615932e-01   1.780867e-26   3.797028e-04   7.357109e-28   600
  7.626744e-01   1.620000e-26   2.450478e-04   6.499604e-28   636
  7.638413e-01   1.959984e-26   1.970206e-04   1.115381e-27   384
  7.646595e-01   2.065266e-26   2.748205e-04   1.021700e-27   504
  7.658387e-01   1.836213e-26   1.153383e-04   1.191325e-27   240
  7.667694e-01   1.952220e-26   2.709461e-04   8.422407e-28   744
  7.678860e-01   1.558615e-26   1.850150e-04   6.407377e-28   648
  7.688783e-01   2.442606e-26   1.228185e-04   2.159272e-27   120
  7.700414e-01   1.607706e-26   1.929319e-04   6.672579e-28   564
  7.709202e-01   1.889367e-26   3.030111e-04   1.104769e-27   432
  7.720932e-01   1.449234e-26   2.351965e-04   5.936669e-28   480
  7.729764e-01   1.112399e-26   1.731106e-04   5.091106e-28   456
  7.740189e-01   1.700666e-26   2.864725e-04   7.163056e-28   444
  7.752020e-01   1.325044e-26   4.383180e-04   5.727340e-28   528
  7.762412e-01   2.026123e-26   3.255297e-04   1.396664e-27   264
  7.772498e-01   1.491838e-26   3.336195e-04   9.478898e-28   444
  7.786065e-01   1.609204e-26   3.654311e-04   6.442516e-28   696
  7.797327e-01   1.795419e-26   1.954448e-04   1.092558e-27   384
  7.805563e-01   1.360790e-26   2.469609e-04   6.450248e-28   432
  7.818373e-01   1.598308e-26   1.706384e-04   8.646746e-28   488
  7.826690e-01   1.622636e-26   2.571733e-04   6.900595e-28   480
  7.838749e-01   1.491840e-26   2.868014e-04   7.987114e-28   480
  7.848089e-01   1.096894e-26   1.203331e-04   5.313770e-28   240
  7.858692e-01   1.612365e-26   2.810886e-04   1.043097e-27   600
  7.868694e-01   1.066817e-26   2.449399e-04   7.789339e-28   288
  7.879343e-01   1.294493e-26   2.356143e-04   5.803487e-28   480
  7.890129e-01   1.098925e-26   4.191157e-04   6.133690e-28   504
  7.900748e-01   1.326856e-26   1.798267e-04   8.445278e-28   216
  7.914291e-01   1.344339e-26   2.944050e-04   5.839724e-28   504
  7.924838e-01   1.187352e-26   2.367912e-04   6.839683e-28   456
  7.936384e-01   1.356663e-26   1.358038e-04   6.291942e-28   384
  7.944031e-01   1.407781e-26   2.756326e-04   6.962573e-28   480
  7.954897e-01   1.033494e-26   2.420363e-04   5.284854e-28   504
  7.964966e-01   1.207119e-26   1.535327e-04   6.855445e-28   312
  7.975815e-01   1.095567e-26   2.474127e-04   5.570721e-28   492
  7.985417e-01   1.333228e-26   2.318919e-04   8.779544e-28   312
  7.997779e-01   1.006765e-26   3.766899e-04   4.811026e-28   576
  8.008661e-01   1.165177e-26   3.477153e-04   6.544043e-28   336
  8.017699e-01   8.433687e-27   2.677247e-04   5.853540e-28   240
  8.030228e-01   1.131215e-26   3.549351e-04   5.471481e-28   468
  8.041047e-01   1.189492e-26   2.222407e-04   9.070209e-28   192
  8.052370e-01   9.441719e-27   2.229031e-04   5.525218e-28   324
  8.060669e-01   1.043931e-26   1.617794e-04   5.131021e-28   600
  8.071978e-01   1.188545e-26   2.624704e-04   6.652613e-28   456
  8.080377e-01   1.008538e-26   1.180592e-04   7.355248e-28   336
  8.094297e-01   1.207136e-26   3.535027e-04   5.742565e-28   612
  8.104424e-01   7.210217e-27   2.966749e-04   6.463079e-28   144
  8.114002e-01   1.091779e-26   3.462957e-04   5.216566e-28   552
  8.127025e-01   6.627607e-27   1.363755e-04   3.744789e-28   264
  8.134384e-01   1.029066e-26   3.157441e-04   6.205303e-28   336
  8.145992e-01   7.948191e-27   2.086329e-04   4.742859e-28   384
  8.156059e-01   9.448012e-27   1.174397e-04   8.118140e-28   216
  8.167203e-01   7.681200e-27   2.489964e-04   5.246652e-28   344
  8.177364e-01   7.544366e-27   3.715143e-04   4.558328e-28   408
  8.189746e-01   7.646914e-27   2.854845e-04   5.565284e-28   264
  8.200718e-01   9.563443e-27   3.979796e-04   5.255337e-28   612
  8.211681e-01   1.070875e-26   2.048307e-04   6.454245e-28   408
  8.222956e-01   8.805476e-27   2.051251e-04   5.837367e-28   444
  8.231239e-01   1.481965e-26   1.147249e-04   1.146109e-27   120
  8.242338e-01   9.232710e-27   3.169640e-04   5.542496e-28   336
  8.250576e-01   7.725629e-27   1.101437e-04   5.442872e-28   288
  8.261708e-01   8.707672e-27   3.427692e-04   4.131539e-28   552
  8.277012e-01   1.053551e-26   1.835347e-08   1.291839e-27   72
  8.284882e-01   7.293352e-27   3.404572e-04   4.723196e-28   504
  8.294074e-01   3.928351e-27   1.095558e-04   3.476099e-28   216
  8.305983e-01   5.480571e-27   1.956043e-04   3.430550e-28   312
  8.316675e-01   6.741480e-27   2.227263e-04   4.708854e-28   336
  8.326865e-01   6.155054e-27   3.087236e-04   4.269017e-28   204
  8.337014e-01   8.788669e-27   3.587838e-04   4.847661e-28   504
  8.347777e-01   8.447717e-27   3.416652e-04   5.077273e-28   396
  8.358127e-01   8.373953e-27   3.133249e-04   6.629008e-28   312
  8.370674e-01   1.094248e-26   1.914750e-04   7.281298e-28   216
  8.379516e-01   7.575813e-27   1.039172e-04   5.465030e-28   168
  8.390260e-01   6.430283e-27   2.623966e-04   2.752356e-28   588
  8.402521e-01   5.346459e-27   3.561727e-04   6.529636e-28   240
  8.412047e-01   5.835686e-27   3.145601e-04   6.096470e-28   264
  8.423219e-01   5.780397e-27   3.890183e-04   4.451226e-28   288
  8.433131e-01   5.700744e-27   1.942596e-04   3.984312e-28   288
  8.445693e-01   4.856785e-27   1.824406e-04   3.940705e-28   288
  8.454153e-01   4.165595e-27   2.113423e-04   2.899211e-28   192
  8.464795e-01   4.355246e-27   2.248894e-04   3.769895e-28   264
  8.474933e-01   1.102398e-26   3.699119e-04   6.177397e-28   372
  8.485844e-01   8.165369e-27   3.995208e-04   5.014092e-28   360
  8.499161e-01   8.931069e-27   1.690810e-04   9.936159e-28   144
  8.506044e-01   4.535830e-27   2.348461e-04   3.505110e-28   296
  8.516909e-01   5.960447e-27   2.530345e-04   4.778900e-28   288
  8.529347e-01   4.618019e-27   3.781537e-04   2.375382e-28   480
  8.540076e-01   5.101454e-27   3.142096e-04   7.222380e-28   192
  8.550509e-01   6.184415e-27   3.370327e-04   5.225457e-28   192
  8.559992e-01   5.250764e-27   2.147949e-04   5.476516e-28   288
  8.573180e-01   2.561895e-27   1.869760e-04   2.338709e-28   108
  8.579823e-01   6.533777e-27   1.797545e-04   5.460898e-28   240
  8.591554e-01   3.784125e-27   3.353363e-04   3.316317e-28   384
  8.603605e-01   5.653569e-27   4.090723e-04   5.777058e-28   108
  8.614261e-01   7.709015e-27   2.398466e-04   4.929050e-28   348
  8.625466e-01   5.318341e-27   2.503134e-04   4.310428e-28   312
  8.635474e-01   4.816739e-27   2.432319e-04   8.821325e-28   96
  8.644677e-01   4.352641e-27   3.238194e-04   2.910527e-28   384
  8.654984e-01   5.368100e-27   2.227222e-04   6.436190e-28   144
  8.665066e-01   4.693322e-27   3.422225e-04   3.045907e-28   408
  8.677598e-01   2.921860e-27   1.526554e-04   2.965868e-28   144
  8.689437e-01   4.849677e-27   2.934816e-04   5.619473e-28   192
  8.696459e-01   5.436806e-27   3.303190e-04   4.849563e-28   144
  8.707904e-01   2.592377e-27   2.685615e-04   2.301512e-28   144
  8.718702e-01   4.414035e-27   3.282257e-04   2.983610e-28   336
  8.731927e-01   2.472856e-27   2.428454e-04   2.215958e-28   240
  8.740312e-01   3.645202e-27   1.102739e-04   5.413248e-28   96
  8.752007e-01   5.608076e-27   3.233803e-04   4.675667e-28   372
  8.763838e-01   5.930792e-27   3.846540e-04   1.033668e-27   132
  8.774230e-01   2.817399e-27   2.380193e-04   2.295680e-28   264
  8.783527e-01   4.777603e-27   1.827880e-04   5.815331e-28   168
  8.793449e-01   4.535054e-27   2.922429e-04   4.175455e-28   216
  8.802213e-01   3.560712e-27   1.787978e-04   4.634051e-28   216
  8.814979e-01   1.548441e-27   3.280196e-04   1.481295e-28   96
  8.826561e-01   4.802156e-27   2.140028e-04   6.150817e-28   120
  8.837183e-01   3.178650e-27   2.720578e-04   2.999617e-28   216
  8.845934e-01   2.861618e-27   1.188902e-04   2.644796e-28   200
  8.857519e-01   2.860425e-27   3.077557e-04   2.216535e-28   288
  8.872378e-01   1.795040e-27   8.097649e-05   1.780623e-28   144
  8.878635e-01   3.185091e-27   2.519939e-04   3.732526e-28   168
  8.891412e-01   5.153804e-27   2.835956e-04   1.063028e-27   159
  8.901386e-01   2.498163e-27   2.975600e-04   2.657619e-28   174
  8.911039e-01   2.413542e-27   2.698170e-04   1.781596e-28   144
  8.923678e-01   3.015549e-27   1.557998e-04   2.741929e-28   222
  8.932131e-01   2.556628e-27   1.572158e-04   3.071458e-28   168
  8.946732e-01   8.167824e-27   3.448346e-04   3.572540e-27   30
  8.952763e-01   1.119324e-27   3.044637e-04   1.112241e-28   72
  8.964123e-01   2.307346e-27   2.717302e-04   2.672883e-28   258
  8.976612e-01   1.866464e-27   1.701916e-04   1.108282e-28   264
  8.982857e-01   1.483970e-27   0.000000e+00   2.633815e-28   72
  8.995871e-01   1.296710e-27   3.373270e-04   1.323012e-28   174
  9.007654e-01   1.683109e-27   3.591909e-04   1.478243e-28   168
  9.017127e-01   6.510766e-28   1.123916e-08   6.801863e-29   48
  9.027297e-01   1.175743e-27   2.028435e-04   1.089337e-28   150
  9.039088e-01   2.333641e-27   3.731453e-04   1.684297e-28   168
  9.050911e-01   1.209557e-27   2.273028e-04   7.173551e-29   144
  9.061784e-01   2.607017e-27   2.123525e-04   3.650195e-28   102
  9.069882e-01   9.414819e-28   3.143182e-04   1.046380e-28   96
  9.082731e-01   9.095446e-28   3.119397e-04   7.040812e-29   120
  9.092246e-01   5.624794e-28   3.345635e-04   3.221297e-29   168
  9.102538e-01   2.748975e-27   2.470487e-04   2.563446e-28   126
  9.111308e-01   1.266691e-27   1.863241e-04   1.228321e-28   168
  9.123389e-01   1.005560e-27   2.987709e-04   1.033999e-28   72
  9.133947e-01   8.900171e-28   3.741278e-04   4.675421e-29   168
  9.143196e-01   1.647726e-27   1.025668e-04   2.962789e-28   78
  9.155870e-01   7.656624e-28   1.684070e-04   5.548362e-29   60
  9.166075e-01   2.750557e-27   2.731835e-04   2.678426e-28   96
  9.176659e-01   1.146593e-27   3.314854e-04   8.659001e-29   168
  9.186605e-01   1.210084e-27   2.097511e-04   1.619145e-28   86
  9.197042e-01   5.875639e-28   1.874678e-04   5.490722e-29   120
  9.212002e-01   6.464586e-28   1.336894e-04   4.006192e-29   168
  9.220069e-01   5.289528e-28   0.000000e+00   4.775894e-29   48
  9.230934e-01   1.434442e-27   2.435676e-04   1.937345e-28   120
  9.237177e-01   9.352519e-28   1.776924e-04   9.277083e-29   126
  9.252418e-01   1.059319e-27   3.125113e-04   1.192907e-28   96
  9.262310e-01   9.281862e-28   9.011285e-05   7.355460e-29   96
  9.270111e-01   7.632658e-28   0.000000e+00   6.895886e-29   72
  9.286731e-01   1.090985e-27   1.123916e-08   1.096532e-28   24
  9.297104e-01   1.035048e-27   1.854501e-04   1.108450e-28   120
  9.305196e-01   7.579107e-28   2.705147e-04   5.997903e-29   126
  9.314194e-01   5.278873e-28   2.255107e-04   6.621036e-29   96
  9.324708e-01   4.789229e-28   3.897482e-04   3.535205e-29   72
  9.336415e-01   5.334906e-28   1.685792e-04   3.172222e-29   144
  9.346046e-01   6.592565e-28   9.723254e-05   5.044987e-29   72
  9.355666e-01   7.802360e-28   1.942081e-04   9.936229e-29   54
  9.364132e-01   8.639047e-28   1.711436e-04   1.007047e-28   108
  9.381728e-01   8.771666e-28   1.677650e-04   1.044404e-28   72
  9.387206e-01   7.679543e-28   9.680617e-05   6.160431e-29   72
  9.400202e-01   3.627243e-28   1.946680e-08   5.796936e-29   24
  9.412498e-01   3.031005e-28   2.047976e-04   2.905380e-29   48
  9.419964e-01   6.004257e-28   1.560029e-04   8.267959e-29   102
  9.431203e-01   5.439747e-28   3.528137e-04   4.834969e-29   168
  9.445889e-01   3.336255e-28   1.924163e-04   2.755091e-29   72
  9.451330e-01   3.662836e-28   0.000000e+00   4.122187e-29   48
  9.462744e-01   6.837635e-28   3.309678e-04   5.747026e-29   120
  9.477807e-01   5.394288e-28   2.033864e-04   3.671233e-29   96
  9.492033e-01   8.104356e-28   2.202416e-08   1.227007e-28   30
  9.508942e-01   8.009886e-28   9.555995e-05   6.795832e-29   72
  9.516372e-01   6.120630e-28   1.123916e-08   1.021769e-28   24
  9.525916e-01   1.843527e-28   1.416435e-04   1.841952e-29   56
  9.536606e-01   2.002963e-28   2.021324e-04   1.764633e-29   96
  9.549399e-01   4.878029e-28   2.232036e-04   4.905004e-29   144
  9.559263e-01   3.733411e-28   1.267263e-04   5.453631e-29   54
  9.573592e-01   3.210081e-28   1.898493e-04   2.345916e-29   108
  9.588012e-01   6.069169e-28   1.005243e-04   6.043717e-29   48
  9.601739e-01   3.403543e-28   3.785063e-04   3.514685e-29   72
  9.634680e-01   4.781684e-28   2.500803e-04   4.585664e-29   78
  9.643808e-01   1.821200e-28   1.884669e-04   1.264276e-29   72
  9.654462e-01   2.022943e-28   1.882329e-04   1.379445e-29   72
  9.665603e-01   2.967910e-28   4.542266e-04   3.013713e-29   96
  9.674408e-01   2.997802e-28   1.878449e-04   2.257214e-29   72
  9.685029e-01   3.448630e-28   0.000000e+00   4.237198e-29   24
  9.695638e-01   2.844043e-28   3.748416e-04   2.069368e-29   72
  9.719599e-01   5.707403e-28   2.380359e-04   8.551577e-29   30
  9.724755e-01   3.674893e-28   0.000000e+00   2.698971e-29   24
  9.752466e-01   1.559027e-28   1.976584e-04   1.344797e-29   48
  9.761159e-01   2.435276e-28   4.253608e-04   2.112870e-29   120
  9.772870e-01   1.598144e-28   1.859776e-04   1.222361e-29   72
  9.784697e-01   1.482718e-28   1.857528e-04   1.449261e-29   36
  9.792826e-01   2.578072e-28   3.671339e-04   2.165619e-29   78
  9.815513e-01   3.105666e-28   1.963888e-04   2.916354e-29   48
  9.844928e-01   4.319197e-28   1.589457e-08   7.692978e-29   24
  9.865884e-01   8.878548e-29   1.367612e-04   7.709463e-30   56
  9.876436e-01   1.551386e-28   2.104496e-04   1.650195e-29   102
  9.889860e-01   1.561594e-28   1.498555e-08   9.438029e-30   72
  9.897653e-01   1.614821e-28   0.000000e+00   1.904401e-29   24
  9.911277e-01   1.767517e-28   1.944913e-04   1.780572e-29   48
  9.936528e-01   3.115695e-28   0.000000e+00   3.956363e-29   24
  9.967520e-01   8.275377e-29   0.000000e+00   2.126825e-29   6
  9.977185e-01   1.041084e-28   0.000000e+00   1.530724e-29   24
  9.983623e-01   8.081922e-29   1.820511e-04   6.092284e-30   72
  9.995384e-01   1.097445e-28   3.396336e-04   9.159352e-30   84
  1.000805e+00   2.163444e-28   0.000000e+00   3.260265e-29   24
  1.001190e+00   1.695504e-28   1.589457e-08   2.761560e-29   24
  1.003114e+00   1.768917e-28   1.123916e-08   3.298355e-29   24
  1.005800e+00   9.810614e-29   0.000000e+00   1.610604e-29   6
  1.009244e+00   7.783852e-29   1.910001e-04   6.442596e-30   48
  1.010072e+00   1.007388e-28   3.598129e-04   7.448225e-30   72
  1.011152e+00   1.171372e-28   1.906396e-04   9.136470e-30   48
  1.012867e+00   1.839733e-28   0.000000e+00   2.440956e-29   24
  1.015148e+00   1.357809e-28   1.123916e-08   4.273496e-29   6
  1.020262e+00   5.961004e-29   0.000000e+00   7.501957e-30   8
  1.020640e+00   6.088884e-29   1.123916e-08   4.217814e-30   48
  1.021546e+00   8.833091e-29   1.848806e-04   7.416814e-30   60
  1.022904e+00   1.127430e-28   0.000000e+00   1.164378e-29   24
  1.024787e+00   1.840431e-28   0.000000e+00   2.546491e-29   6
  1.031723e+00   3.681991e-29   0.000000e+00   4.848446e-30   24
  1.032283e+00   6.171655e-29   1.867372e-04   4.409976e-30   48
  1.033217e+00   5.456857e-29   0.000000e+00   4.535385e-30   24
  1.034708e+00   1.468876e-28   1.123916e-08   2.580259e-29   6
  1.043181e+00   3.379119e-29   1.742080e-04   2.618871e-30   36
  1.043797e+00   6.695320e-29   0.000000e+00   5.072360e-30   24
  1.044904e+00   8.406762e-29   0.000000e+00   1.165897e-29   6
  1.054545e+00   3.193781e-29   1.583190e-04   3.146037e-30   32
  1.055367e+00   4.237685e-29   1.123916e-08   2.587837e-30   6
  1.065728e+00   2.637554e-29   0.000000e+00   3.757397e-30   12
  1.066089e+00   3.608627e-29   0.000000e+00   1.852935e-30   6
  1.077063e+00   3.245572e-29   1.589457e-08   3.709768e-30   6
