# power spectrum of B
# redshift z=1.000000
# k              Pk             sigma(k)       sigma(Pk)      count
  1.963495e-02   2.365032e-16   0.000000e+00   2.881474e-17   6
  2.776802e-02   2.194402e-16   0.000000e+00   2.946599e-17   12
  3.400874e-02   1.584561e-16   3.725290e-10   5.613390e-17   8
  3.926991e-02   1.735604e-16   0.000000e+00   4.006473e-17   6
  4.390509e-02   2.796460e-16   0.000000e+00   3.969577e-17   24
  4.809562e-02   1.471746e-16   7.024475e-10   1.392264e-17   24
  5.553604e-02   1.338482e-16   0.000000e+00   1.799207e-17   12
  5.890486e-02   1.747409e-16   7.947286e-10   3.020626e-17   30
  6.209118e-02   1.667540e-16   0.000000e+00   1.773164e-17   24
  6.512178e-02   2.558333e-16   1.216675e-09   3.892763e-17   24
  6.801748e-02   1.627917e-16   7.450581e-10   3.890796e-17   8
  7.079483e-02   1.030178e-16   9.934107e-10   1.447675e-17   24
  7.346727e-02   1.629350e-16   0.000000e+00   1.517620e-17   48
  7.853982e-02   1.256294e-16   0.000000e+00   1.581350e-17   6
  8.095699e-02   1.329370e-16   1.404895e-09   1.372299e-17   48
  8.330406e-02   1.544563e-16   0.000000e+00   1.170959e-17   36
  8.558678e-02   8.066699e-17   9.934107e-10   1.345743e-17   24
  8.781018e-02   1.303725e-16   0.000000e+00   2.098399e-17   24
  8.997866e-02   9.751270e-17   0.000000e+00   8.347877e-18   48
  9.209610e-02   7.637887e-17   1.404895e-09   8.737397e-18   24
  9.619124e-02   7.907996e-17   1.404895e-09   1.189822e-17   24
  9.817477e-02   8.989922e-17   0.000000e+00   1.089772e-17   30
  1.001190e-01   9.814458e-17   0.000000e+00   7.496287e-18   72
  1.020262e-01   1.320983e-16   1.490116e-09   1.490019e-17   32
  1.057375e-01   9.940437e-17   0.000000e+00   7.092901e-18   72
  1.075451e-01   8.124267e-17   0.000000e+00   8.574074e-18   48
  1.110721e-01   3.156694e-17   0.000000e+00   4.535065e-18   12
  1.127942e-01   7.130619e-17   0.000000e+00   5.482637e-18   48
  1.144905e-01   6.758070e-17   0.000000e+00   6.901864e-18   48
  1.161620e-01   5.772294e-17   1.404895e-09   4.781603e-18   48
  1.178097e-01   6.324525e-17   1.589457e-09   5.768568e-18   30
  1.194348e-01   5.856371e-17   1.404895e-09   1.206285e-17   24
  1.210380e-01   6.740609e-17   2.961779e-09   6.786993e-18   72
  1.241824e-01   7.260030e-17   0.000000e+00   1.020708e-17   24
  1.257251e-01   6.343151e-17   0.000000e+00   4.016073e-18   96
  1.272490e-01   6.249306e-17   0.000000e+00   5.751106e-18   48
  1.287550e-01   7.029263e-17   2.433349e-09   5.530114e-18   24
  1.302436e-01   5.883046e-17   2.433349e-09   8.963834e-18   24
  1.317153e-01   6.350748e-17   0.000000e+00   6.001926e-18   72
  1.331707e-01   6.020999e-17   0.000000e+00   5.337404e-18   48
  1.360350e-01   5.829844e-17   1.490116e-09   6.128062e-18   8
  1.374447e-01   4.620081e-17   1.766064e-09   5.490714e-18   54
  1.388401e-01   4.652242e-17   0.000000e+00   3.608131e-18   84
  1.402216e-01   5.098312e-17   0.000000e+00   3.321881e-18   48
  1.415897e-01   7.118911e-17   1.986821e-09   7.917436e-18   24
  1.429446e-01   5.482804e-17   1.873193e-09   3.932641e-18   72
  1.442869e-01   4.550063e-17   0.000000e+00   3.350719e-18   96
  1.469345e-01   2.723602e-17   0.000000e+00   2.915875e-18   48
  1.482407e-01   3.995040e-17   0.000000e+00   3.417655e-18   48
  1.495354e-01   3.136531e-17   1.986821e-09   3.782760e-18   24
  1.508189e-01   4.158893e-17   0.000000e+00   3.088390e-18   72
  1.533539e-01   3.717582e-17   1.873193e-09   3.304010e-18   72
  1.546058e-01   3.562213e-17   0.000000e+00   2.493732e-18   96
  1.570796e-01   3.932015e-17   0.000000e+00   3.256025e-18   6
  1.583021e-01   3.816846e-17   0.000000e+00   2.990691e-18   96
  1.595151e-01   3.070867e-17   1.986821e-09   2.221566e-18   96
  1.607190e-01   3.024565e-17   0.000000e+00   5.035987e-18   24
  1.619140e-01   2.935282e-17   2.809790e-09   2.905113e-18   48
  1.631002e-01   2.636660e-17   0.000000e+00   1.900055e-18   96
  1.642778e-01   3.091618e-17   0.000000e+00   2.577625e-18   48
  1.666081e-01   2.722402e-17   0.000000e+00   4.470609e-18   36
  1.677611e-01   3.511474e-17   3.441276e-09   3.610217e-18   48
  1.689063e-01   3.309907e-17   3.893359e-09   2.196140e-18   120
  1.700437e-01   2.420132e-17   0.000000e+00   2.281850e-18   56
  1.711736e-01   3.094722e-17   1.986821e-09   2.303951e-18   24
  1.722960e-01   2.679092e-17   0.000000e+00   2.391662e-18   96
  1.734112e-01   2.432848e-17   0.000000e+00   3.041527e-18   48
  1.756204e-01   4.336430e-17   0.000000e+00   7.206877e-18   24
  1.767146e-01   2.650258e-17   0.000000e+00   1.900816e-18   102
  1.778021e-01   2.200178e-17   0.000000e+00   2.082819e-18   48
  1.788829e-01   2.407501e-17   0.000000e+00   2.293053e-18   72
  1.799573e-01   2.583121e-17   0.000000e+00   3.709799e-18   48
  1.810253e-01   2.493614e-17   0.000000e+00   2.364380e-18   48
  1.820871e-01   2.290659e-17   4.495664e-09   1.706857e-18   120
  1.841922e-01   1.385605e-17   2.809790e-09   1.895964e-18   24
  1.852358e-01   2.248960e-17   2.649095e-09   1.379510e-18   144
  1.862735e-01   2.115157e-17   3.178914e-09   1.380202e-18   120
  1.873055e-01   2.220892e-17   2.809790e-09   2.081433e-18   48
  1.893526e-01   2.337066e-17   2.809790e-09   1.964377e-18   48
  1.903679e-01   2.278639e-17   2.809790e-09   1.636925e-18   96
  1.930487e-01   1.763702e-17   4.711199e-04   1.625685e-18   72
  1.943761e-01   1.918986e-17   3.532127e-09   1.393300e-18   108
  1.953653e-01   1.916119e-17   0.000000e+00   1.727960e-18   72
  1.963495e-01   1.818542e-17   0.000000e+00   2.842290e-18   30
  1.973288e-01   1.863025e-17   0.000000e+00   9.622632e-19   168
  1.983033e-01   2.037436e-17   0.000000e+00   2.760279e-18   48
  2.002380e-01   2.141069e-17   0.000000e+00   1.502455e-18   72
  2.011984e-01   1.803432e-17   0.000000e+00   1.448971e-18   96
  2.021542e-01   2.047601e-17   5.298191e-09   1.567011e-18   72
  2.031055e-01   1.939449e-17   0.000000e+00   1.679343e-18   72
  2.047049e-01   2.026403e-17   4.350048e-04   1.407694e-18   104
  2.059331e-01   1.889868e-17   3.746387e-09   1.234787e-18   144
  2.087224e-01   1.824459e-17   6.282881e-09   1.300989e-18   96
  2.096439e-01   1.589110e-17   0.000000e+00   1.183071e-18   96
  2.111095e-01   1.668255e-17   4.475232e-04   1.048559e-18   120
  2.123845e-01   1.736577e-17   0.000000e+00   1.113468e-18   120
  2.132902e-01   1.538354e-17   0.000000e+00   1.340430e-18   72
  2.150901e-01   2.028768e-17   0.000000e+00   1.748642e-18   48
  2.159845e-01   1.531551e-17   4.235416e-09   1.286051e-18   78
  2.171286e-01   1.491721e-17   4.007142e-04   9.714274e-19   168
  2.195255e-01   1.330774e-17   3.746387e-09   7.368167e-19   144
  2.204018e-01   1.981155e-17   3.746387e-09   1.231938e-18   144
  2.229436e-01   1.331640e-17   2.307791e-04   8.508425e-19   156
  2.238729e-01   1.500570e-17   4.866699e-09   1.525970e-18   48
  2.247323e-01   1.622188e-17   3.178914e-09   1.087993e-18   120
  2.255884e-01   1.265793e-17   0.000000e+00   1.223428e-18   48
  2.271022e-01   1.332322e-17   3.532495e-04   6.111473e-19   216
  2.289809e-01   1.314293e-17   0.000000e+00   1.025660e-18   48
  2.298212e-01   1.463949e-17   2.809790e-09   1.050775e-18   96
  2.310160e-01   1.130933e-17   4.128272e-04   5.510173e-19   168
  2.323239e-01   1.313347e-17   2.809790e-09   1.485978e-18   48
  2.331522e-01   1.458241e-17   0.000000e+00   1.000713e-18   96
  2.339775e-01   9.091122e-18   0.000000e+00   8.977880e-19   48
  2.356194e-01   9.869257e-18   3.178914e-09   1.030075e-18   30
  2.364362e-01   1.329609e-17   2.809790e-09   1.095258e-18   96
  2.374123e-01   1.102899e-17   3.244455e-04   4.891760e-19   240
  2.386674e-01   1.384881e-17   3.500299e-04   2.098218e-18   32
  2.396752e-01   1.073665e-17   0.000000e+00   6.366312e-19   168
  2.404781e-01   1.176316e-17   0.000000e+00   7.054977e-19   120
  2.420760e-01   1.370651e-17   5.923557e-09   1.316642e-18   72
  2.428710e-01   1.066712e-17   3.746387e-09   7.337957e-19   144
  2.436634e-01   1.074993e-17   0.000000e+00   9.170564e-19   96
  2.444532e-01   9.181770e-18   0.000000e+00   8.863475e-19   96
  2.460253e-01   1.235793e-17   4.588368e-09   1.220154e-18   72
  2.468075e-01   9.950899e-18   3.973643e-09   7.595974e-19   96
  2.483647e-01   9.977049e-18   0.000000e+00   8.458911e-19   24
  2.491396e-01   9.766361e-18   0.000000e+00   5.134020e-19   192
  2.500522e-01   8.223368e-18   2.970416e-04   4.362051e-19   132
  2.514501e-01   1.008856e-17   0.000000e+00   7.376986e-19   96
  2.522156e-01   9.804464e-18   0.000000e+00   7.302594e-19   96
  2.529787e-01   7.596026e-18   3.178914e-09   5.313938e-19   120
  2.544981e-01   5.779549e-18   0.000000e+00   5.755875e-19   48
  2.557435e-01   1.041697e-17   3.599905e-04   5.338739e-19   222
  2.567603e-01   1.005777e-17   0.000000e+00   5.736421e-19   120
  2.575100e-01   1.006586e-17   4.866699e-09   1.837160e-18   24
  2.586015e-01   9.706557e-18   3.715625e-04   5.193434e-19   312
  2.609797e-01   8.931801e-18   3.483547e-04   8.726666e-19   72
  2.619630e-01   9.646868e-18   2.809790e-09   7.160297e-19   96
  2.629726e-01   8.131490e-18   3.547511e-04   4.847566e-19   192
  2.641613e-01   7.330048e-18   4.495664e-09   5.309752e-19   120
  2.648900e-01   9.477253e-18   0.000000e+00   4.826115e-19   144
  2.663415e-01   8.515691e-18   0.000000e+00   9.933748e-19   48
  2.673732e-01   7.755388e-18   3.567146e-04   3.419642e-19   336
  2.685040e-01   7.772916e-18   0.000000e+00   9.494842e-19   48
  2.699360e-01   7.655120e-18   0.000000e+00   4.906476e-19   192
  2.706492e-01   6.204929e-18   0.000000e+00   6.709649e-19   48
  2.726764e-01   7.062515e-18   2.476067e-04   6.276698e-19   56
  2.736844e-01   7.057305e-18   3.180112e-04   2.866601e-19   336
  2.748894e-01   6.663645e-18   3.532127e-09   5.929780e-19   54
  2.759390e-01   7.866954e-18   3.492904e-04   4.170341e-19   240
  2.781181e-01   7.464609e-18   3.344484e-04   4.424168e-19   228
  2.790651e-01   6.237363e-18   3.746387e-09   4.417906e-19   72
  2.799844e-01   8.500347e-18   3.244231e-04   5.769930e-19   144
  2.811298e-01   7.532045e-18   0.000000e+00   8.179499e-19   96
  2.818146e-01   6.940076e-18   4.495664e-09   3.291112e-19   240
  2.831793e-01   8.423061e-18   3.973643e-09   7.578726e-19   24
  2.840530e-01   6.272445e-18   3.064151e-04   2.913608e-19   336
  2.852142e-01   4.101784e-18   0.000000e+00   2.810998e-19   72
  2.862741e-01   7.767027e-18   3.332831e-04   5.438105e-19   168
  2.872346e-01   7.862756e-18   0.000000e+00   5.190488e-19   72
  2.885737e-01   7.946712e-18   0.000000e+00   5.437708e-19   96
  2.896108e-01   4.912720e-18   3.307829e-04   2.404740e-19   216
  2.905708e-01   5.190785e-18   3.973643e-09   3.010306e-19   96
  2.918946e-01   6.179569e-18   0.000000e+00   3.485155e-19   192
  2.925542e-01   6.423166e-18   3.746387e-09   3.599800e-19   144
  2.938691e-01   5.712780e-18   0.000000e+00   4.961091e-19   48
  2.947794e-01   6.005596e-18   3.189136e-04   2.832213e-19   246
  2.960164e-01   6.381167e-18   2.940434e-04   4.122727e-19   168
  2.971308e-01   5.611036e-18   5.506041e-09   5.701778e-19   120
  2.977788e-01   6.292329e-18   0.000000e+00   4.507938e-19   240
  2.990707e-01   6.099170e-18   3.973643e-09   1.171655e-18   24
  3.001001e-01   5.320173e-18   3.147475e-04   2.547929e-19   360
  3.013820e-01   7.258651e-18   3.134082e-04   4.802421e-19   120
  3.022763e-01   6.461702e-18   0.000000e+00   4.113377e-19   144
  3.029133e-01   6.072230e-18   0.000000e+00   5.050467e-19   96
  3.048165e-01   5.622294e-18   0.000000e+00   3.749199e-19   144
  3.054482e-01   5.981112e-18   0.000000e+00   3.681021e-19   132
  3.063360e-01   4.340257e-18   3.093292e-04   2.597832e-19   176
  3.076248e-01   4.625489e-18   3.123602e-04   1.983753e-19   312
  3.092116e-01   5.029835e-18   0.000000e+00   3.178026e-19   96
  3.098343e-01   3.690400e-18   0.000000e+00   1.945909e-19   144
  3.107899e-01   5.022524e-18   3.092271e-04   2.227289e-19   312
  3.123131e-01   4.362038e-18   0.000000e+00   4.189132e-19   48
  3.129297e-01   5.448499e-18   3.973643e-09   3.114600e-19   192
  3.141593e-01   1.064425e-17   0.000000e+00   1.799659e-18   6
  3.149762e-01   4.191855e-18   2.884066e-04   2.245412e-19   288
  3.162994e-01   5.462005e-18   3.047203e-04   3.453539e-19   192
  3.172124e-01   5.808884e-18   9.345130e-09   3.417575e-19   216
  3.178195e-01   5.500351e-18   0.000000e+00   4.585047e-19   72
  3.193321e-01   5.732052e-18   3.018264e-04   3.191466e-19   192
  3.203366e-01   4.403795e-18   2.241224e-04   2.407480e-19   288
  3.214381e-01   3.799923e-18   0.000000e+00   6.107915e-19   24
  3.222890e-01   3.953861e-18   2.952626e-04   1.540902e-19   456
  3.238280e-01   5.343216e-18   5.619580e-09   5.563041e-19   48
  3.247789e-01   4.267271e-18   2.908218e-04   2.292473e-19   240
  3.258718e-01   4.533554e-18   2.939082e-04   2.308102e-19   216
  3.267908e-01   4.613356e-18   0.000000e+00   3.663386e-19   72
  3.273801e-01   3.291598e-18   1.015467e-08   1.696439e-19   168
  3.290441e-01   3.674224e-18   2.184577e-04   1.668478e-19   288
  3.299773e-01   4.362276e-18   2.890570e-04   2.507974e-19   168
  3.314762e-01   3.448339e-18   0.000000e+00   1.941807e-19   192
  3.320572e-01   3.770913e-18   3.746387e-09   2.044224e-19   144
  3.332162e-01   5.644717e-18   0.000000e+00   5.380587e-19   36
  3.341991e-01   3.700066e-18   2.639705e-04   1.782018e-19   342
  3.351389e-01   3.656721e-18   2.710657e-04   2.237156e-19   144
  3.363470e-01   3.723325e-18   2.842800e-04   1.788408e-19   384
  3.378125e-01   3.023420e-18   7.786718e-09   1.888294e-19   120
  3.385379e-01   4.092638e-18   2.534951e-04   2.383912e-19   264
  3.395201e-01   3.728265e-18   1.256576e-08   2.367533e-19   192
  3.404451e-01   3.078970e-18   2.731894e-04   1.849769e-19   152
  3.412191e-01   3.965342e-18   7.492773e-09   3.571286e-19   144
  3.428472e-01   3.771616e-18   1.768108e-04   1.903513e-19   216
  3.436008e-01   3.817621e-18   2.362665e-04   1.884349e-19   312
  3.449274e-01   3.453692e-18   2.738281e-04   1.640346e-19   240
  3.457090e-01   3.007877e-18   3.973643e-09   1.866326e-19   96
  3.471927e-01   2.382379e-18   2.617995e-04   1.444536e-19   144
  3.481071e-01   3.477963e-18   2.573258e-04   1.448285e-19   456
  3.495904e-01   2.355272e-18   0.000000e+00   1.293934e-19   120
  3.501414e-01   3.198374e-18   0.000000e+00   2.620639e-19   144
  3.512407e-01   3.713227e-18   0.000000e+00   4.124650e-19   24
  3.519456e-01   2.452220e-18   2.473498e-04   1.015486e-19   336
  3.531645e-01   3.445814e-18   2.727931e-04   2.322231e-19   198
  3.543067e-01   3.083321e-18   2.652756e-04   1.603607e-19   432
  3.556041e-01   3.818423e-18   0.000000e+00   4.700205e-19   48
  3.562810e-01   3.177256e-18   2.341925e-04   1.348084e-19   384
  3.574963e-01   2.709645e-18   2.696052e-04   2.219355e-19   144
  3.585975e-01   3.847987e-18   2.676825e-04   2.104743e-19   264
  3.599147e-01   2.766529e-18   0.000000e+00   2.329477e-19   48
  3.607984e-01   3.158219e-18   2.545223e-04   1.783552e-19   276
  3.616510e-01   2.941621e-18   2.307176e-04   1.884708e-19   192
  3.627906e-01   2.875043e-18   2.592759e-04   1.111151e-19   552
  3.641741e-01   2.749585e-18   8.991328e-09   2.162092e-19   120
  3.649965e-01   2.050667e-18   2.624511e-04   9.763478e-20   216
  3.657587e-01   2.409444e-18   4.495664e-09   1.819884e-19   120
  3.671201e-01   2.838586e-18   2.584500e-04   1.540343e-19   408
  3.683844e-01   1.065832e-18   5.619580e-09   1.630825e-19   24
  3.691684e-01   2.392745e-18   2.610810e-04   9.592188e-20   384
  3.702633e-01   2.313699e-18   2.550855e-04   1.217860e-19   240
  3.712141e-01   2.553714e-18   2.569535e-04   1.650321e-19   168
  3.725471e-01   2.270826e-18   6.357829e-09   1.808091e-19   120
  3.734064e-01   2.783380e-18   2.678605e-04   1.344932e-19   350
  3.748037e-01   2.654059e-18   4.409502e-04   1.231334e-19   384
  3.756388e-01   2.988335e-18   0.000000e+00   2.853491e-19   144
  3.771752e-01   2.363923e-18   1.059638e-08   1.097458e-19   288
  3.779773e-01   2.841294e-18   2.524053e-04   1.545496e-19   336
  3.790686e-01   1.894722e-18   2.297941e-04   1.184162e-19   168
  3.797219e-01   2.393294e-18   4.541306e-09   1.218528e-19   336
  3.810732e-01   2.543261e-18   2.385126e-04   1.409724e-19   288
  3.818848e-01   2.793435e-18   2.247398e-04   1.464454e-19   264
  3.832590e-01   2.299959e-18   0.000000e+00   1.489445e-19   240
  3.837616e-01   2.235028e-18   7.947286e-09   1.927886e-19   96
  3.855656e-01   2.230888e-18   3.056310e-04   9.815000e-20   360
  3.864075e-01   2.567282e-18   2.253025e-04   1.775332e-19   168
  3.874713e-01   2.153921e-18   2.456032e-04   8.297779e-20   456
  3.887523e-01   2.039361e-18   7.064254e-09   1.529793e-19   108
  3.894728e-01   1.688220e-18   2.464311e-04   8.815900e-20   264
  3.903716e-01   2.099757e-18   2.198567e-04   1.532353e-19   264
  3.916025e-01   2.523842e-18   2.074668e-04   1.437795e-19   312
  3.931351e-01   2.020239e-18   1.541705e-04   1.041523e-19   270
  3.937775e-01   2.236214e-18   1.957388e-04   1.432857e-19   240
  3.949323e-01   2.208062e-18   2.421536e-04   1.101216e-19   384
  3.956334e-01   1.857961e-18   0.000000e+00   1.045870e-19   192
  3.969952e-01   2.383661e-18   1.942960e-04   1.344896e-19   240
  3.977852e-01   2.094136e-18   2.397927e-04   1.278556e-19   336
  3.992708e-01   2.223028e-18   2.413972e-04   1.010733e-19   480
  4.004761e-01   2.354056e-18   0.000000e+00   2.830230e-19   72
  4.011493e-01   2.384649e-18   2.353842e-04   1.885187e-19   240
  4.020650e-01   1.985729e-18   2.212289e-04   1.174453e-19   312
  4.031147e-01   1.448553e-18   2.390954e-04   6.643051e-20   240
  4.047009e-01   1.918700e-18   1.816506e-04   8.335913e-20   408
  4.053288e-01   1.753353e-18   1.663482e-04   9.252113e-20   336
  4.065560e-01   2.025638e-18   2.112212e-04   1.164208e-19   264
  4.071591e-01   1.153097e-18   0.000000e+00   7.441593e-20   144
  4.088370e-01   1.647687e-18   2.927651e-04   6.321842e-20   464
  4.097211e-01   1.835513e-18   2.328083e-04   1.270208e-19   168
  4.105939e-01   1.466523e-18   2.120376e-04   9.513736e-20   336
  4.121713e-01   1.791580e-18   2.227870e-04   7.602734e-20   414
  4.130606e-01   2.228867e-18   2.319080e-04   1.709740e-19   216
  4.141998e-01   2.933988e-18   5.619580e-09   2.284487e-19   96
  4.146649e-01   1.781983e-18   1.685874e-08   1.026096e-19   384
  4.162944e-01   1.784871e-18   2.314600e-04   7.742078e-20   492
  4.171676e-01   2.098085e-18   2.263480e-04   1.251677e-19   240
  4.181546e-01   1.922481e-18   2.298225e-04   9.987364e-20   312
  4.195176e-01   1.366011e-18   2.297469e-04   1.175584e-19   192
  4.203810e-01   1.643390e-18   2.226525e-04   7.972905e-20   504
  4.215265e-01   1.645250e-18   1.473998e-04   9.159595e-20   408
  4.224284e-01   1.395838e-18   4.515774e-04   9.115679e-20   168
  4.235571e-01   2.195524e-18   2.145032e-04   1.282150e-19   288
  4.245041e-01   1.799828e-18   2.238525e-04   1.090159e-19   288
  4.254743e-01   1.379127e-18   2.251410e-04   5.766100e-20   432
  4.268815e-01   1.420649e-18   2.129084e-04   8.664901e-20   216
  4.276334e-01   1.351845e-18   2.124592e-04   6.812546e-20   360
  4.289721e-01   1.465428e-18   2.073582e-04   6.913766e-20   312
  4.301803e-01   1.527302e-18   0.000000e+00   1.506363e-19   48
  4.308767e-01   1.497957e-18   2.223178e-04   7.266565e-20   432
  4.321240e-01   1.345072e-18   3.708284e-04   5.805760e-20   414
  4.328606e-01   1.521407e-18   1.956255e-08   8.550215e-20   312
  4.342347e-01   1.565724e-18   3.253813e-04   7.188312e-20   528
  4.351620e-01   1.629928e-18   1.707976e-04   8.620447e-20   264
  4.362761e-01   1.642081e-18   2.025191e-04   8.447525e-20   480
  4.377318e-01   1.525944e-18   0.000000e+00   1.096136e-19   288
  4.383604e-01   1.499502e-18   2.176005e-04   9.517468e-20   168
  4.395105e-01   1.922337e-18   3.444610e-04   9.542358e-20   504
  4.408036e-01   2.101001e-18   7.492773e-09   1.645995e-19   144
  4.416171e-01   1.247883e-18   2.212265e-04   4.880119e-20   464
  4.428396e-01   1.490442e-18   3.246624e-04   9.153048e-20   432
  4.434197e-01   1.302908e-18   5.619580e-09   8.770722e-20   192
  4.449189e-01   1.383344e-18   2.406833e-04   6.999961e-20   396
  4.458042e-01   1.196499e-18   2.162000e-04   7.711648e-20   288
  4.466990e-01   1.177435e-18   2.135686e-04   6.972830e-20   336
  4.481283e-01   1.372204e-18   1.352359e-04   7.072410e-20   432
  4.490354e-01   1.166261e-18   3.505126e-04   5.824498e-20   360
  4.500539e-01   1.449077e-18   2.073334e-04   6.895999e-20   384
  4.515004e-01   1.391891e-18   1.830116e-04   1.153097e-19   198
  4.521974e-01   1.219571e-18   2.080246e-04   5.733351e-20   552
  4.534970e-01   1.647024e-18   2.912202e-04   1.034512e-19   432
  4.545821e-01   1.197697e-18   0.000000e+00   1.113779e-19   168
  4.554927e-01   1.514304e-18   3.610065e-04   7.437695e-20   480
  4.566974e-01   1.026829e-18   0.000000e+00   7.908134e-20   120
  4.572396e-01   1.473545e-18   2.948545e-04   1.019041e-19   336
  4.585628e-01   1.153644e-18   2.080152e-04   4.658012e-20   672
  4.598711e-01   1.458721e-18   3.025866e-04   6.620388e-20   528
  4.604805e-01   8.673623e-19   9.082613e-09   5.350382e-20   168
  4.618883e-01   1.228072e-18   3.375333e-04   6.880049e-20   456
  4.627474e-01   1.341129e-18   2.061344e-04   1.007539e-19   168
  4.636392e-01   1.098120e-18   2.057643e-04   4.450660e-20   504
  4.651216e-01   8.760277e-19   2.647872e-04   4.497501e-20   336
  4.660180e-01   1.224702e-18   1.908802e-04   8.963681e-20   312
  4.670124e-01   1.139635e-18   1.865029e-04   5.713751e-20   504
  4.683210e-01   9.794610e-19   1.294009e-04   4.329893e-20   432
  4.689362e-01   1.048369e-18   1.999672e-04   5.679897e-20   312
  4.702151e-01   9.364853e-19   2.049761e-04   4.561639e-20   384
  4.715504e-01   1.663973e-18   1.741510e-04   1.984817e-19   126
  4.723748e-01   1.338671e-18   3.057676e-04   7.433042e-20   492
  4.734278e-01   1.226505e-18   1.958445e-04   6.857140e-20   528
  4.747438e-01   1.006393e-18   1.989360e-04   4.817344e-20   480
  4.755596e-01   1.383281e-18   2.748289e-04   7.660800e-20   432
  4.767402e-01   1.093235e-18   2.161166e-04   5.897973e-20   440
  4.781114e-01   1.287088e-18   1.074739e-04   8.123579e-20   312
  4.786259e-01   9.120447e-19   1.610586e-04   4.520942e-20   480
  4.796813e-01   1.192123e-18   3.153497e-04   7.278828e-20   408
  4.812233e-01   1.385129e-18   1.888588e-04   9.652257e-20   360
  4.818747e-01   1.019915e-18   1.822418e-04   5.762497e-20   408
  4.830820e-01   8.879667e-19   1.854542e-04   4.145063e-20   456
  4.844414e-01   9.233633e-19   1.772485e-04   5.242231e-20   264
  4.851959e-01   1.098008e-18   1.923591e-04   5.762652e-20   384
  4.862943e-01   9.649971e-19   3.238501e-04   4.194270e-20   672
  4.875640e-01   1.310715e-18   1.937042e-04   1.038693e-19   240
  4.882967e-01   9.032858e-19   1.965613e-04   5.072074e-20   264
  4.893308e-01   7.086984e-19   2.424259e-04   2.987149e-20   624
  4.908739e-01   8.973267e-19   0.000000e+00   9.322708e-20   150
  4.914232e-01   1.196217e-18   2.716574e-04   5.738928e-20   600
  4.925819e-01   1.097431e-18   1.874909e-04   5.205184e-20   672
  4.938939e-01   9.360786e-19   1.763484e-04   5.317260e-20   336
  4.946248e-01   1.253897e-18   1.918157e-04   8.310578e-20   408
  4.957926e-01   9.444983e-19   1.913639e-04   5.872593e-20   408
  4.970915e-01   8.750980e-19   9.676385e-05   4.824801e-20   360
  4.978921e-01   1.086462e-18   3.552857e-04   7.286187e-20   456
  4.988592e-01   9.077407e-19   1.932065e-04   6.178356e-20   384
  5.000902e-01   7.593778e-19   1.783541e-04   4.497149e-20   348
  5.007554e-01   1.152613e-18   2.198754e-04   6.545895e-20   576
  5.020050e-01   7.956247e-19   1.810385e-04   4.309480e-20   504
  5.032833e-01   8.114870e-19   2.553443e-04   3.845194e-20   432
  5.043991e-01   8.508631e-19   3.473946e-04   3.820513e-20   576
  5.051948e-01   6.977175e-19   0.000000e+00   4.680125e-20   264
  5.064571e-01   8.253254e-19   2.764393e-04   3.443850e-20   768
  5.075549e-01   4.948913e-19   3.721752e-04   2.468075e-20   240
  5.084277e-01   8.565577e-19   3.282233e-04   7.954315e-20   192
  5.096990e-01   6.807309e-19   2.416124e-04   3.034897e-20   504
  5.106418e-01   1.071011e-18   3.255818e-04   6.695779e-20   590
  5.115460e-01   1.246203e-18   3.647966e-04   9.631910e-20   384
  5.126798e-01   9.156714e-19   3.048625e-04   5.920885e-20   504
  5.140486e-01   1.005258e-18   2.933830e-04   5.907281e-20   648
  5.153764e-01   7.642161e-19   7.967896e-05   5.088037e-20   504
  5.159117e-01   8.442533e-19   1.817627e-04   5.666774e-20   312
  5.168569e-01   1.008290e-18   2.618753e-04   5.426846e-20   576
  5.181545e-01   1.123524e-18   1.822405e-04   1.011360e-19   240
  5.189109e-01   6.745363e-19   1.841453e-04   2.707161e-20   552
  5.199816e-01   8.639570e-19   1.729082e-04   4.537241e-20   600
  5.215067e-01   7.626043e-19   2.111937e-04   3.706344e-20   600
  5.224237e-01   6.184370e-19   3.382099e-04   3.731500e-20   312
  5.233368e-01   9.246272e-19   2.945474e-04   5.249357e-20   480
  5.244775e-01   6.672539e-19   1.837693e-04   3.763015e-20   576
  5.254818e-01   7.961057e-19   2.959085e-04   5.143079e-20   408
  5.263729e-01   3.633921e-19   3.451909e-04   1.885785e-20   216
  5.275243e-01   7.097432e-19   2.643774e-04   3.143384e-20   516
  5.287578e-01   6.802790e-19   2.522429e-04   2.785347e-20   744
  5.300304e-01   7.623715e-19   1.684760e-04   4.392061e-20   462
  5.307494e-01   6.914242e-19   1.712315e-04   4.949293e-20   432
  5.318647e-01   8.676441e-19   1.588547e-04   5.383128e-20   648
  5.331761e-01   7.447113e-19   2.324340e-04   4.961552e-20   528
  5.342295e-01   8.244494e-19   2.799086e-04   4.607528e-20   600
  5.352820e-01   1.307873e-18   3.528915e-04   1.152114e-19   240
  5.363014e-01   7.228379e-19   2.703115e-04   3.944958e-20   720
  5.374863e-01   7.044466e-19   2.138653e-04   3.347414e-20   720
  5.387997e-01   3.987214e-19   0.000000e+00   2.695867e-20   144
  5.394909e-01   7.581837e-19   2.757364e-04   3.584270e-20   720
  5.404742e-01   8.188042e-19   1.653370e-04   5.620989e-20   384
  5.417051e-01   5.250899e-19   1.832848e-04   2.186226e-20   672
  5.428730e-01   8.583844e-19   3.209115e-04   6.448771e-20   336
  5.434308e-01   7.640440e-19   0.000000e+00   6.223399e-20   288
  5.447967e-01   5.977714e-19   2.539800e-04   2.923166e-20   776
  5.460612e-01   5.479461e-19   2.173184e-04   2.545653e-20   720
  5.471231e-01   4.887045e-19   1.750659e-04   2.530528e-20   432
  5.479725e-01   6.686366e-19   2.495786e-04   3.985679e-20   504
  5.489174e-01   6.148081e-19   1.748652e-04   3.349516e-20   528
  5.502396e-01   7.907873e-19   2.382437e-04   7.170253e-20   438
  5.513273e-01   7.503188e-19   2.772938e-04   4.682230e-20   624
  5.521470e-01   6.980535e-19   3.396475e-04   4.977522e-20   312
  5.532738e-01   8.402651e-19   1.829935e-04   4.271518e-20   696
  5.544390e-01   7.190986e-19   1.655760e-04   4.844366e-20   552
  5.556509e-01   7.520420e-19   1.281006e-04   4.979385e-20   516
  5.564006e-01   7.442776e-19   2.558713e-04   3.945573e-20   528
  5.573133e-01   3.782753e-19   1.664001e-04   1.498472e-20   528
  5.586097e-01   6.508287e-19   2.194479e-04   3.658152e-20   864
  5.594897e-01   6.471712e-19   3.005985e-04   3.961848e-20   408
  5.603706e-01   9.448942e-19   2.978186e-04   7.130145e-20   192
  5.616191e-01   4.791582e-19   2.464592e-04   2.113541e-20   720
  5.626731e-01   5.796224e-19   2.272475e-04   3.030087e-20   696
  5.639255e-01   5.524270e-19   2.454294e-04   2.739521e-20   720
  5.650713e-01   6.094174e-19   3.326501e-04   3.704437e-20   432
  5.657395e-01   4.553158e-19   1.958109e-04   3.135587e-20   264
  5.669418e-01   6.062878e-19   2.704061e-04   2.885491e-20   672
  5.680171e-01   5.787509e-19   2.768544e-04   3.244935e-20   600
  5.692933e-01   4.155080e-19   1.620980e-04   5.976238e-20   270
  5.699366e-01   5.915568e-19   2.440026e-04   4.583778e-20   528
  5.709591e-01   7.174639e-19   1.670843e-04   4.248428e-20   840
  5.723613e-01   6.730089e-19   3.194952e-04   3.650819e-20   888
  5.736568e-01   5.704162e-19   2.380474e-04   3.996887e-20   744
  5.747517e-01   6.721725e-19   1.223216e-04   4.768390e-20   456
  5.752963e-01   1.045625e-18   1.671601e-04   7.731798e-20   360
  5.762282e-01   6.284212e-19   1.448348e-04   6.183500e-20   384
  5.776580e-01   6.339041e-19   2.323137e-04   3.569472e-20   816
  5.787308e-01   5.594378e-19   3.370546e-04   2.765925e-20   824
  5.800348e-01   4.974561e-19   1.566791e-04   3.484686e-20   360
  5.807331e-01   5.631464e-19   2.311994e-04   3.279764e-20   624
  5.816941e-01   6.684972e-19   1.562320e-04   5.263435e-20   360
  5.829744e-01   4.791383e-19   2.125215e-04   2.380269e-20   876
  5.841306e-01   5.206082e-19   2.524119e-04   3.016667e-20   696
  5.852967e-01   3.832585e-19   1.629911e-04   2.112661e-20   336
  5.859080e-01   5.726918e-19   1.628079e-04   3.896205e-20   504
  5.869176e-01   4.519089e-19   1.642187e-04   2.720237e-20   672
  5.884155e-01   3.990693e-19   3.269213e-04   1.812121e-20   720
  5.894543e-01   5.919107e-19   2.469541e-04   3.592436e-20   774
  5.906010e-01   8.218672e-19   1.413501e-04   6.537368e-20   384
  5.912015e-01   5.844561e-19   2.720183e-04   3.871942e-20   528
  5.921335e-01   7.018450e-19   2.592486e-04   4.367082e-20   744
  5.936327e-01   7.047612e-19   2.138251e-04   4.126006e-20   768
  5.946281e-01   6.187990e-19   2.400348e-04   5.015769e-20   552
  5.958700e-01   5.028032e-19   2.616108e-04   2.792586e-20   696
  5.967938e-01   7.473960e-19   3.179026e-04   5.682490e-20   408
  5.975272e-01   5.983263e-19   1.373364e-04   4.161012e-20   504
  5.986899e-01   4.824912e-19   2.467198e-04   2.188823e-20   888
  5.998339e-01   4.746980e-19   2.564132e-04   2.893095e-20   648
  6.010230e-01   5.353590e-19   2.542153e-04   3.350956e-20   648
  6.021418e-01   5.546702e-19   2.741064e-04   2.963857e-20   792
  6.033268e-01   4.302510e-19   4.010364e-04   2.386947e-20   600
  6.042000e-01   3.192123e-19   2.717856e-04   2.022424e-20   456
  6.051191e-01   4.321689e-19   1.324567e-04   2.450081e-20   648
  6.062996e-01   4.171713e-19   2.583099e-04   2.029085e-20   936
  6.075741e-01   5.615490e-19   1.586356e-04   3.294477e-20   384
  6.086836e-01   6.453295e-19   1.334798e-08   8.295324e-20   198
  6.095398e-01   5.431490e-19   4.024720e-04   2.801379e-20   1224
  6.104634e-01   7.346289e-19   2.931235e-04   5.402460e-20   420
  6.115558e-01   6.874950e-19   2.836822e-04   5.474307e-20   792
  6.126238e-01   6.401193e-19   2.345810e-04   4.317560e-20   680
  6.138428e-01   5.164926e-19   2.154033e-04   3.510725e-20   600
  6.148235e-01   5.154320e-19   3.123938e-04   2.807979e-20   840
  6.161330e-01   3.891093e-19   1.474979e-04   2.274228e-20   432
  6.166334e-01   6.746958e-19   1.382249e-04   4.746363e-20   720
  6.177213e-01   4.525579e-19   2.768404e-04   2.216996e-20   960
  6.190745e-01   4.896168e-19   2.467829e-04   4.021695e-20   528
  6.200634e-01   5.762164e-19   2.522592e-04   3.796981e-20   624
  6.212404e-01   5.262377e-19   1.982740e-04   2.960290e-20   816
  6.224086e-01   4.461422e-19   3.260658e-04   2.854211e-20   696
  6.236996e-01   3.176292e-19   2.202416e-08   2.472844e-20   240
  6.241851e-01   4.622718e-19   1.922888e-04   3.215723e-20   672
  6.252686e-01   4.172697e-19   3.436476e-04   2.061513e-20   864
  6.264840e-01   3.140850e-19   2.636938e-04   1.600774e-20   816
  6.275795e-01   3.780037e-19   1.509292e-04   2.258631e-20   648
  6.287594e-01   5.795337e-19   1.542771e-04   3.964049e-20   843
  6.297611e-01   4.722175e-19   2.775825e-04   3.536882e-20   780
  6.309548e-01   6.873206e-19   1.489456e-04   1.016088e-19   216
  6.316911e-01   4.828432e-19   3.591661e-04   3.019032e-20   1056
  6.328235e-01   3.223046e-19   2.938382e-04   4.362882e-20   228
  6.338720e-01   5.256278e-19   3.658358e-04   3.358970e-20   924
  6.349484e-01   4.047106e-19   1.357046e-04   1.966686e-20   696
  6.360882e-01   4.509132e-19   2.415153e-04   3.058859e-20   996
  6.372543e-01   3.022248e-19   1.425858e-04   2.554730e-20   576
  6.384675e-01   4.153678e-19   2.200718e-04   3.567700e-20   552
  6.393519e-01   5.158951e-19   2.627580e-04   3.408756e-20   516
  6.402494e-01   4.366101e-19   3.821047e-04   2.789325e-20   744
  6.412749e-01   2.327691e-19   1.874451e-04   1.392110e-20   576
  6.421669e-01   3.065272e-19   1.929285e-04   1.658583e-20   792
  6.434346e-01   3.438587e-19   2.205530e-04   1.799207e-20   792
  6.443636e-01   3.270461e-19   2.378641e-04   1.929946e-20   720
  6.456200e-01   2.873963e-19   2.711104e-04   1.640643e-20   656
  6.467974e-01   3.108583e-19   2.960385e-04   2.038104e-20   816
  6.480043e-01   3.149547e-19   1.596190e-04   2.336589e-20   492
  6.486903e-01   3.105940e-19   2.296231e-04   1.863625e-20   552
  6.499778e-01   2.600947e-19   3.992867e-04   1.427616e-20   780
  6.508139e-01   2.516593e-19   2.452771e-04   1.330768e-20   528
  6.517148e-01   2.277415e-19   2.863130e-04   1.375563e-20   600
  6.530425e-01   2.925774e-19   2.379487e-04   1.276402e-20   900
  6.539577e-01   2.494607e-19   1.317325e-04   1.360143e-20   696
  6.552168e-01   2.472131e-19   3.330907e-04   1.187186e-20   696
  6.564349e-01   1.828276e-19   1.351317e-04   8.186398e-21   552
  6.574592e-01   2.491060e-19   1.571457e-04   1.416774e-20   708
  6.585322e-01   2.395302e-19   2.594565e-04   1.187728e-20   876
  6.596487e-01   2.341538e-19   1.377663e-04   1.953989e-20   216
  6.603980e-01   2.483980e-19   3.768094e-04   9.309953e-21   1032
  6.615201e-01   2.002151e-19   4.195357e-04   9.989812e-21   600
  6.626848e-01   1.610382e-19   2.001869e-04   9.083008e-21   600
  6.635732e-01   2.537868e-19   3.535112e-04   1.282556e-20   528
  6.646233e-01   2.134945e-19   1.940622e-04   1.046797e-20   732
  6.657296e-01   2.210417e-19   1.432973e-04   1.233522e-20   336
  6.670031e-01   2.065167e-19   2.042271e-04   9.723179e-21   912
  6.679548e-01   1.503233e-19   2.049821e-04   7.047641e-21   624
  6.689946e-01   2.012417e-19   1.727341e-04   8.445985e-21   768
  6.702082e-01   1.749890e-19   3.116463e-04   6.733521e-21   792
  6.713995e-01   2.028354e-19   1.545014e-04   1.042601e-20   660
  6.722471e-01   2.049961e-19   2.276826e-04   1.133865e-20   504
  6.731238e-01   1.531503e-19   3.719898e-04   8.073088e-21   480
  6.744376e-01   1.426483e-19   3.440421e-04   5.673951e-21   912
  6.754664e-01   1.624130e-19   3.831443e-04   9.638783e-21   432
  6.764380e-01   1.836841e-19   2.275021e-04   1.018219e-20   564
  6.773006e-01   1.603583e-19   2.177508e-04   6.167019e-21   600
  6.785149e-01   1.843140e-19   3.035240e-04   7.161737e-21   876
  6.794272e-01   1.443170e-19   1.364735e-04   1.066711e-20   264
  6.806846e-01   1.397358e-19   2.648123e-04   6.612141e-21   560
  6.816953e-01   1.621983e-19   1.799457e-04   6.558879e-21   840
  6.829222e-01   1.271701e-19   2.774244e-04   4.862737e-21   1008
  6.840568e-01   1.074022e-19   1.241010e-04   4.289731e-21   456
  6.850930e-01   1.609403e-19   1.607553e-04   8.374897e-21   576
  6.860509e-01   1.570029e-19   2.470177e-04   6.663958e-21   612
  6.873140e-01   1.458507e-19   2.206269e-04   5.222359e-21   780
  6.883444e-01   1.313526e-19   2.528284e-04   6.300564e-21   648
  6.893992e-01   1.567672e-19   1.178213e-04   1.002816e-20   312
  6.900734e-01   1.252577e-19   2.993645e-04   5.856160e-21   528
  6.912414e-01   1.043568e-19   3.909551e-04   3.271341e-21   720
  6.923583e-01   1.407383e-19   3.921794e-04   7.793232e-21   576
  6.937124e-01   1.304310e-19   3.383053e-04   6.739185e-21   444
  6.945549e-01   1.311912e-19   3.317685e-04   4.275800e-21   996
  6.955874e-01   1.230168e-19   2.771265e-04   7.341406e-21   432
  6.965633e-01   1.281451e-19   3.033990e-04   6.493438e-21   504
  6.974062e-01   8.877137e-20   1.367883e-04   3.455665e-21   504
  6.986065e-01   1.282730e-19   2.692009e-04   4.635129e-21   876
  6.996926e-01   1.163969e-19   3.098246e-04   5.549992e-21   504
  7.008236e-01   1.117748e-19   1.975899e-04   4.576085e-21   696
  7.017583e-01   9.165194e-20   1.689187e-04   3.942248e-21   492
  7.030300e-01   1.033340e-19   2.418152e-04   5.606319e-21   432
  7.039719e-01   1.247348e-19   2.264335e-04   4.596332e-21   768
  7.050885e-01   1.130324e-19   2.820533e-04   4.280691e-21   648
  7.061547e-01   1.076603e-19   1.840095e-04   5.130417e-21   456
  7.073798e-01   1.123316e-19   2.530430e-04   4.367170e-21   552
  7.082306e-01   1.010521e-19   1.734358e-04   4.426242e-21   648
  7.094016e-01   9.277685e-20   2.826907e-04   3.418436e-21   840
  7.105454e-01   9.878389e-20   1.348092e-04   3.832415e-21   432
  7.116906e-01   9.203364e-20   1.651183e-04   3.552649e-21   600
  7.124870e-01   1.069459e-19   1.759227e-04   5.253210e-21   432
  7.138248e-01   1.021806e-19   1.751482e-04   4.456489e-21   560
  7.147308e-01   8.670905e-20   2.772412e-04   2.899012e-21   840
  7.158652e-01   9.092812e-20   1.642140e-04   4.416902e-21   504
  7.167662e-01   8.580139e-20   3.351509e-04   3.054306e-21   696
  7.180362e-01   1.124954e-19   1.830475e-04   5.778799e-21   384
  7.190254e-01   8.126803e-20   2.681431e-04   2.977465e-21   576
  7.202219e-01   9.432768e-20   1.654845e-04   4.789808e-21   360
  7.211864e-01   9.193460e-20   2.464465e-04   3.317605e-21   828
  7.222268e-01   8.482023e-20   2.195064e-04   4.588222e-21   372
  7.231800e-01   9.173463e-20   3.352284e-04   3.635158e-21   576
  7.244428e-01   9.644542e-20   1.403933e-04   3.144320e-21   636
  7.253425e-01   8.444948e-20   2.706420e-04   2.864878e-21   648
  7.265596e-01   7.074068e-20   2.200024e-04   2.712189e-21   576
  7.274333e-01   6.943152e-20   3.548870e-04   2.340482e-21   528
  7.285953e-01   8.364854e-20   1.517289e-04   4.097680e-21   360
  7.295571e-01   7.597969e-20   3.490332e-04   2.496880e-21   672
  7.308130e-01   8.634039e-20   1.787806e-04   2.811441e-21   804
  7.318582e-01   8.066040e-20   1.972163e-04   3.775576e-21   408
  7.330145e-01   9.215586e-20   1.219011e-04   4.602708e-21   384
  7.337931e-01   6.250778e-20   2.789567e-04   2.497793e-21   480
  7.348913e-01   8.220204e-20   1.802469e-04   4.043076e-21   432
  7.359446e-01   7.630720e-20   3.321566e-04   2.818375e-21   648
  7.371913e-01   7.539877e-20   2.061016e-04   2.683364e-21   624
  7.381033e-01   7.798567e-20   1.874668e-04   3.428643e-21   456
  7.393486e-01   6.170632e-20   2.560963e-04   2.487481e-21   588
  7.401831e-01   7.518558e-20   1.633884e-04   2.693083e-21   600
  7.414016e-01   6.630977e-20   2.548458e-04   2.043271e-21   708
  7.423640e-01   7.562798e-20   1.605479e-04   3.529142e-21   360
  7.434275e-01   7.787871e-20   1.845541e-04   3.018837e-21   552
  7.444470e-01   6.346944e-20   1.294691e-04   3.458723e-21   288
  7.454820e-01   6.996341e-20   2.434372e-04   2.909820e-21   528
  7.464545e-01   7.166470e-20   1.642340e-04   3.081020e-21   456
  7.475410e-01   7.025093e-20   2.912225e-04   2.963798e-21   608
  7.486338e-01   5.864427e-20   1.408967e-04   2.193284e-21   504
  7.498278e-01   6.064150e-20   3.024972e-04   2.648551e-21   540
  7.507642e-01   7.071942e-20   3.247222e-04   3.474090e-21   360
  7.517735e-01   6.676354e-20   1.470509e-04   2.372332e-21   540
  7.526661e-01   6.380684e-20   1.262606e-04   2.345933e-21   576
  7.539642e-01   6.014883e-20   2.927555e-04   2.305189e-21   588
  7.551985e-01   6.270765e-20   4.039143e-04   2.243898e-21   672
  7.562588e-01   7.006681e-20   3.087151e-04   2.817883e-21   552
  7.571135e-01   6.295011e-20   3.088712e-04   5.124712e-21   144
  7.582042e-01   6.663252e-20   2.624178e-04   2.676049e-21   600
  7.592383e-01   5.357370e-20   3.288668e-04   1.901324e-21   504
  7.603860e-01   5.370471e-20   3.378126e-04   2.683209e-21   336
  7.615932e-01   6.135835e-20   3.797028e-04   2.291097e-21   600
  7.626744e-01   5.491643e-20   2.450478e-04   1.927957e-21   636
  7.638413e-01   5.861274e-20   1.970206e-04   3.003551e-21   384
  7.646595e-01   6.149241e-20   2.748205e-04   2.706628e-21   504
  7.658387e-01   5.154984e-20   1.153383e-04   2.541738e-21   240
  7.667694e-01   5.922852e-20   2.709461e-04   2.062109e-21   744
  7.678860e-01   4.993931e-20   1.850150e-04   1.764594e-21   648
  7.688783e-01   7.949339e-20   1.228185e-04   6.598608e-21   120
  7.700414e-01   5.517593e-20   1.929319e-04   2.001125e-21   564
  7.709202e-01   5.700920e-20   3.030111e-04   2.452879e-21   432
  7.720932e-01   5.470075e-20   2.351965e-04   2.254554e-21   480
  7.729764e-01   4.599315e-20   1.731106e-04   1.846761e-21   456
  7.740189e-01   5.550353e-20   2.864725e-04   2.359458e-21   444
  7.752020e-01   4.844394e-20   4.383180e-04   1.732278e-21   528
  7.762412e-01   5.349414e-20   3.255297e-04   2.891584e-21   264
  7.772498e-01   5.493497e-20   3.336195e-04   2.601792e-21   444
  7.786065e-01   5.970209e-20   3.654311e-04   1.932956e-21   696
  7.797327e-01   6.064625e-20   1.954448e-04   2.770057e-21   384
  7.805563e-01   4.622517e-20   2.469609e-04   2.150189e-21   432
  7.818373e-01   5.246912e-20   1.706384e-04   2.195377e-21   488
  7.826690e-01   5.381255e-20   2.571733e-04   2.255262e-21   480
  7.838749e-01   4.443866e-20   2.868014e-04   1.667705e-21   480
  7.848089e-01   4.512139e-20   1.203331e-04   2.322660e-21   240
  7.858692e-01   5.326830e-20   2.810886e-04   1.852081e-21   600
  7.868694e-01   4.212914e-20   2.449399e-04   2.048554e-21   288
  7.879343e-01   5.071163e-20   2.356143e-04   2.328908e-21   480
  7.890129e-01   4.387617e-20   4.191157e-04   1.977971e-21   504
  7.900748e-01   5.341760e-20   1.798267e-04   3.015971e-21   216
  7.914291e-01   4.895554e-20   2.944050e-04   1.776427e-21   504
  7.924838e-01   4.444525e-20   2.367912e-04   1.701503e-21   456
  7.936384e-01   5.078402e-20   1.358038e-04   2.350137e-21   384
  7.944031e-01   4.602898e-20   2.756326e-04   1.767053e-21   480
  7.954897e-01   4.744192e-20   2.420363e-04   1.971524e-21   504
  7.964966e-01   4.804498e-20   1.535327e-04   2.325987e-21   312
  7.975815e-01   5.334567e-20   2.474127e-04   2.302208e-21   492
  7.985417e-01   4.960728e-20   2.318919e-04   2.898101e-21   312
  7.997779e-01   4.264914e-20   3.766899e-04   1.550048e-21   576
  8.008661e-01   4.737347e-20   3.477153e-04   2.181805e-21   336
  8.017699e-01   4.152147e-20   2.677247e-04   2.465941e-21   240
  8.030228e-01   4.254549e-20   3.549351e-04   1.713218e-21   468
  8.041047e-01   5.113254e-20   2.222407e-04   2.885548e-21   192
  8.052370e-01   4.449024e-20   2.229031e-04   1.988677e-21   324
  8.060669e-01   4.403015e-20   1.617794e-04   1.683480e-21   600
  8.071978e-01   4.708191e-20   2.624704e-04   1.908115e-21   456
  8.080377e-01   3.904742e-20   1.180592e-04   2.099281e-21   336
  8.094297e-01   4.976942e-20   3.535027e-04   1.984188e-21   612
  8.104424e-01   3.472202e-20   2.966749e-04   2.534738e-21   144
  8.114002e-01   4.258684e-20   3.462957e-04   1.583004e-21   552
  8.127025e-01   3.948198e-20   1.363755e-04   2.112314e-21   264
  8.134384e-01   4.181092e-20   3.157441e-04   2.287751e-21   336
  8.145992e-01   4.126974e-20   2.086329e-04   2.102924e-21   384
  8.156059e-01   5.019839e-20   1.174397e-04   2.549206e-21   216
  8.167203e-01   3.553856e-20   2.489964e-04   1.744953e-21   344
  8.177364e-01   4.362754e-20   3.715143e-04   2.121016e-21   408
  8.189746e-01   4.341276e-20   2.854845e-04   2.493917e-21   264
  8.200718e-01   4.280398e-20   3.979796e-04   1.691932e-21   612
  8.211681e-01   4.520447e-20   2.048307e-04   2.091282e-21   408
  8.222956e-01   4.136741e-20   2.051251e-04   1.755860e-21   444
  8.231239e-01   5.204127e-20   1.147249e-04   2.985758e-21   120
  8.242338e-01   4.910612e-20   3.169640e-04   2.556273e-21   336
  8.250576e-01   3.569648e-20   1.101437e-04   1.842694e-21   288
  8.261708e-01   4.051887e-20   3.427692e-04   1.539630e-21   552
  8.277012e-01   4.628229e-20   1.835347e-08   4.700362e-21   72
  8.284882e-01   3.445938e-20   3.404572e-04   1.389103e-21   504
  8.294074e-01   3.508749e-20   1.095558e-04   2.419339e-21   216
  8.305983e-01   3.377976e-20   1.956043e-04   1.596398e-21   312
  8.316675e-01   3.575571e-20   2.227263e-04   1.560970e-21   336
  8.326865e-01   3.262983e-20   3.087236e-04   1.783866e-21   204
  8.337014e-01   3.816159e-20   3.587838e-04   1.746717e-21   504
  8.347777e-01   4.102937e-20   3.416652e-04   1.884241e-21   396
  8.358127e-01   3.598139e-20   3.133249e-04   1.991394e-21   312
  8.370674e-01   4.542665e-20   1.914750e-04   2.985025e-21   216
  8.379516e-01   4.429342e-20   1.039172e-04   2.916780e-21   168
  8.390260e-01   3.678071e-20   2.623966e-04   1.442745e-21   588
  8.402521e-01   3.474638e-20   3.561727e-04   2.796063e-21   240
  8.412047e-01   3.478383e-20   3.145601e-04   2.095630e-21   264
  8.423219e-01   3.927664e-20   3.890183e-04   2.026461e-21   288
  8.433131e-01   3.462092e-20   1.942596e-04   2.011422e-21   288
  8.445693e-01   3.223846e-20   1.824406e-04   1.593385e-21   288
  8.454153e-01   3.334866e-20   2.113423e-04   1.831376e-21   192
  8.464795e-01   3.183636e-20   2.248894e-04   1.736375e-21   264
  8.474933e-01   4.512503e-20   3.699119e-04   2.126593e-21   372
  8.485844e-01   3.742307e-20   3.995208e-04   2.227079e-21   360
  8.499161e-01   4.093580e-20   1.690810e-04   2.996468e-21   144
  8.506044e-01   2.899361e-20   2.348461e-04   1.566166e-21   296
  8.516909e-01   3.577949e-20   2.530345e-04   1.934129e-21   288
  8.529347e-01   3.408636e-20   3.781537e-04   1.492359e-21   480
  8.540076e-01   3.284566e-20   3.142096e-04   2.584091e-21   192
  8.550509e-01   4.401546e-20   3.370327e-04   4.063962e-21   192
  8.559992e-01   3.299174e-20   2.147949e-04   1.747878e-21   288
  8.573180e-01   2.762888e-20   1.869760e-04   2.367222e-21   108
  8.579823e-01   3.876978e-20   1.797545e-04   2.392956e-21   240
  8.591554e-01   2.895680e-20   3.353363e-04   1.376984e-21   384
  8.603605e-01   3.558568e-20   4.090723e-04   2.717716e-21   108
  8.614261e-01   3.965334e-20   2.398466e-04   1.809765e-21   348
  8.625466e-01   3.729869e-20   2.503134e-04   2.384428e-21   312
  8.635474e-01   2.520363e-20   2.432319e-04   2.165476e-21   96
  8.644677e-01   2.997833e-20   3.238194e-04   1.351471e-21   384
  8.654984e-01   3.270181e-20   2.227222e-04   3.157884e-21   144
  8.665066e-01   3.369947e-20   3.422225e-04   1.530030e-21   408
  8.677598e-01   2.726194e-20   1.526554e-04   2.003500e-21   144
  8.689437e-01   3.544654e-20   2.934816e-04   3.141447e-21   192
  8.696459e-01   3.518757e-20   3.303190e-04   2.340913e-21   144
  8.707904e-01   3.193642e-20   2.685615e-04   2.109014e-21   144
  8.718702e-01   3.034879e-20   3.282257e-04   1.723253e-21   336
  8.731927e-01   2.587645e-20   2.428454e-04   1.519587e-21   240
  8.740312e-01   3.289943e-20   1.102739e-04   2.879870e-21   96
  8.752007e-01   3.483180e-20   3.233803e-04   1.874401e-21   372
  8.763838e-01   2.861463e-20   3.846540e-04   2.106028e-21   132
  8.774230e-01   2.904625e-20   2.380193e-04   1.526479e-21   264
  8.783527e-01   3.672759e-20   1.827880e-04   3.031199e-21   168
  8.793449e-01   3.344873e-20   2.922429e-04   1.957007e-21   216
  8.802213e-01   2.729498e-20   1.787978e-04   1.651517e-21   216
  8.814979e-01   2.202133e-20   3.280196e-04   1.981824e-21   96
  8.826561e-01   3.265385e-20   2.140028e-04   2.442644e-21   120
  8.837183e-01   2.736701e-20   2.720578e-04   1.526324e-21   216
  8.845934e-01   2.361674e-20   1.188902e-04   1.319171e-21   200
  8.857519e-01   2.859507e-20   3.077557e-04   1.570111e-21   288
  8.872378e-01   1.929996e-20   8.097649e-05   1.179716e-21   144
  8.878635e-01   3.054398e-20   2.519939e-04   2.072511e-21   168
  8.891412e-01   4.087599e-20   2.835956e-04   3.612437e-21   159
  8.901386e-01   2.913572e-20   2.975600e-04   2.333621e-21   174
  8.911039e-01   2.767015e-20   2.698170e-04   1.671873e-21   144
  8.923678e-01   2.624393e-20   1.557998e-04   1.334485e-21   222
  8.932131e-01   2.616383e-20   1.572158e-04   1.679885e-21   168
  8.946732e-01   3.937297e-20   3.448346e-04   3.950463e-21   30
  8.952763e-01   1.816563e-20   3.044637e-04   1.583181e-21   72
  8.964123e-01   3.105569e-20   2.717302e-04   2.534768e-21   258
  8.976612e-01   2.643714e-20   1.701916e-04   1.638830e-21   264
  8.982857e-01   2.824939e-20   0.000000e+00   2.798658e-21   72
  8.995871e-01   2.269031e-20   3.373270e-04   1.397525e-21   174
  9.007654e-01   2.718684e-20   3.591909e-04   1.671981e-21   168
  9.017127e-01   1.903719e-20   1.123916e-08   2.011946e-21   48
  9.027297e-01   2.522370e-20   2.028435e-04   1.839604e-21   150
  9.039088e-01   2.989806e-20   3.731453e-04   1.896820e-21   168
  9.050911e-01   2.526902e-20   2.273028e-04   1.443629e-21   144
  9.061784e-01   2.513989e-20   2.123525e-04   2.259380e-21   102
  9.069882e-01   2.261163e-20   3.143182e-04   1.884397e-21   96
  9.082731e-01   1.689139e-20   3.119397e-04   9.420512e-22   120
  9.092246e-01   1.782976e-20   3.345635e-04   9.411158e-22   168
  9.102538e-01   2.560421e-20   2.470487e-04   1.664940e-21   126
  9.111308e-01   2.163170e-20   1.863241e-04   1.306945e-21   168
  9.123389e-01   2.162958e-20   2.987709e-04   1.410441e-21   72
  9.133947e-01   2.183318e-20   3.741278e-04   1.167248e-21   168
  9.143196e-01   2.634407e-20   1.025668e-04   2.769057e-21   78
  9.155870e-01   2.301934e-20   1.684070e-04   2.183670e-21   60
  9.166075e-01   3.666812e-20   2.731835e-04   3.893956e-21   96
  9.176659e-01   2.381942e-20   3.314854e-04   1.360621e-21   168
  9.186605e-01   2.399093e-20   2.097511e-04   2.357849e-21   86
  9.197042e-01   1.874107e-20   1.874678e-04   1.140060e-21   120
  9.212002e-01   2.136278e-20   1.336894e-04   1.082586e-21   168
  9.220069e-01   1.593771e-20   0.000000e+00   1.400708e-21   48
  9.230934e-01   2.674988e-20   2.435676e-04   1.996173e-21   120
  9.237177e-01   2.033330e-20   1.776924e-04   1.627023e-21   126
  9.252418e-01   1.748129e-20   3.125113e-04   1.102002e-21   96
  9.262310e-01   1.661467e-20   9.011285e-05   1.343913e-21   96
  9.270111e-01   2.029899e-20   0.000000e+00   1.691013e-21   72
  9.286731e-01   1.445972e-20   1.123916e-08   1.938841e-21   24
  9.297104e-01   2.214314e-20   1.854501e-04   1.254695e-21   120
  9.305196e-01   2.445164e-20   2.705147e-04   1.646314e-21   126
  9.314194e-01   1.823554e-20   2.255107e-04   1.217412e-21   96
  9.324708e-01   1.969852e-20   3.897482e-04   1.329626e-21   72
  9.336415e-01   2.120032e-20   1.685792e-04   1.206646e-21   144
  9.346046e-01   1.867663e-20   9.723254e-05   1.579040e-21   72
  9.355666e-01   1.970196e-20   1.942081e-04   2.226379e-21   54
  9.364132e-01   2.409783e-20   1.711436e-04   2.109690e-21   108
  9.381728e-01   2.056864e-20   1.677650e-04   1.426955e-21   72
  9.387206e-01   1.861673e-20   9.680617e-05   1.379780e-21   72
  9.400202e-01   1.953161e-20   1.946680e-08   1.739440e-21   24
  9.412498e-01   1.682658e-20   2.047976e-04   1.338258e-21   48
  9.419964e-01   1.842243e-20   1.560029e-04   1.300679e-21   102
  9.431203e-01   2.098714e-20   3.528137e-04   1.279748e-21   168
  9.445889e-01   1.721898e-20   1.924163e-04   1.656836e-21   72
  9.451330e-01   1.163697e-20   0.000000e+00   1.146748e-21   48
  9.462744e-01   2.125572e-20   3.309678e-04   1.798459e-21   120
  9.477807e-01   1.555844e-20   2.033864e-04   1.013588e-21   96
  9.492033e-01   2.651839e-20   2.202416e-08   4.736485e-21   30
  9.508942e-01   2.924459e-20   9.555995e-05   1.951813e-21   72
  9.516372e-01   1.633673e-20   1.123916e-08   2.898337e-21   24
  9.525916e-01   1.935236e-20   1.416435e-04   1.810034e-21   56
  9.536606e-01   1.835565e-20   2.021324e-04   1.742235e-21   96
  9.549399e-01   1.997497e-20   2.232036e-04   1.241823e-21   144
  9.559263e-01   1.683219e-20   1.267263e-04   1.480073e-21   54
  9.573592e-01   2.064234e-20   1.898493e-04   1.716609e-21   108
  9.588012e-01   2.505088e-20   1.005243e-04   2.939363e-21   48
  9.601739e-01   1.764051e-20   3.785063e-04   1.315015e-21   72
  9.634680e-01   1.926622e-20   2.500803e-04   1.779566e-21   78
  9.643808e-01   1.871662e-20   1.884669e-04   1.372630e-21   72
  9.654462e-01   1.761215e-20   1.882329e-04   1.495977e-21   72
  9.665603e-01   1.779628e-20   4.542266e-04   1.301414e-21   96
  9.674408e-01   2.059759e-20   1.878449e-04   1.408929e-21   72
  9.685029e-01   1.484087e-20   0.000000e+00   2.006617e-21   24
  9.695638e-01   1.849583e-20   3.748416e-04   1.725657e-21   72
  9.719599e-01   2.039707e-20   2.380359e-04   2.736582e-21   30
  9.724755e-01   2.377456e-20   0.000000e+00   2.519123e-21   24
  9.752466e-01   1.654605e-20   1.976584e-04   1.540658e-21   48
  9.761159e-01   1.690476e-20   4.253608e-04   1.099276e-21   120
  9.772870e-01   1.602915e-20   1.859776e-04   1.353869e-21   72
  9.784697e-01   2.192733e-20   1.857528e-04   2.463636e-21   36
  9.792826e-01   1.904556e-20   3.671339e-04   1.623460e-21   78
  9.815513e-01   2.146623e-20   1.963888e-04   2.242318e-21   48
  9.844928e-01   1.544449e-20   1.589457e-08   2.370750e-21   24
  9.865884e-01   2.189591e-20   1.367612e-04   2.552287e-21   56
  9.876436e-01   2.123967e-20   2.104496e-04   1.429152e-21   102
  9.889860e-01   2.012632e-20   1.498555e-08   1.668927e-21   72
  9.897653e-01   1.580625e-20   0.000000e+00   2.500888e-21   24
  9.911277e-01   2.011700e-20   1.944913e-04   1.339546e-21   48
  9.936528e-01   2.300080e-20   0.000000e+00   3.731518e-21   24
  9.967520e-01   4.119453e-20   0.000000e+00   4.461860e-21   6
  9.977185e-01   1.787616e-20   0.000000e+00   2.794402e-21   24
  9.983623e-01   1.518282e-20   1.820511e-04   1.201376e-21   72
  9.995384e-01   1.708106e-20   3.396336e-04   1.178876e-21   84
  1.000805e+00   2.384325e-20   0.000000e+00   3.058692e-21   24
  1.001190e+00   2.729283e-20   1.589457e-08   4.834033e-21   24
  1.003114e+00   1.516701e-20   1.123916e-08   2.525404e-21   24
  1.005800e+00   1.232219e-20   0.000000e+00   2.920056e-21   6
  1.009244e+00   1.322105e-20   1.910001e-04   1.059059e-21   48
  1.010072e+00   2.143946e-20   3.598129e-04   1.539101e-21   72
  1.011152e+00   1.992868e-20   1.906396e-04   1.540177e-21   48
  1.012867e+00   2.369135e-20   0.000000e+00   3.317174e-21   24
  1.015148e+00   2.499770e-20   1.123916e-08   6.569645e-21   6
  1.020262e+00   8.268042e-21   0.000000e+00   1.886427e-21   8
  1.020640e+00   1.447537e-20   1.123916e-08   9.062561e-22   48
  1.021546e+00   1.629233e-20   1.848806e-04   1.047053e-21   60
  1.022904e+00   2.712719e-20   0.000000e+00   4.425892e-21   24
  1.024787e+00   2.246448e-20   0.000000e+00   3.366294e-21   6
  1.031723e+00   1.585267e-20   0.000000e+00   1.756060e-21   24
  1.032283e+00   1.387817e-20   1.867372e-04   1.025922e-21   48
  1.033217e+00   1.839458e-20   0.000000e+00   3.067334e-21   24
  1.034708e+00   2.303058e-20   1.123916e-08   4.807007e-21   6
  1.043181e+00   1.522852e-20   1.742080e-04   1.616062e-21   36
  1.043797e+00   1.380942e-20   0.000000e+00   2.170530e-21   24
  1.044904e+00   2.354111e-20   0.000000e+00   8.288924e-21   6
  1.054545e+00   1.667685e-20   1.583190e-04   1.620149e-21   32
  1.055367e+00   2.353256e-20   1.123916e-08   7.662280e-21   6
  1.065728e+00   2.142295e-20   0.000000e+00   3.475349e-21   12
  1.066089e+00   3.340968e-20   0.000000e+00   1.827991e-21   6
  1.077063e+00   2.386881e-20   1.589457e-08   8.402369e-21   6
