# power spectrum of chi
# redshift z=10.000000
# k              Pk             sigma(k)       sigma(Pk)      count
  1.963495e-02   8.502569e-20   0.000000e+00   2.913222e-20   6
  2.776802e-02   1.345904e-19   0.000000e+00   3.644377e-20   12
  3.400874e-02   8.050100e-20   3.725290e-10   1.578166e-20   8
  3.926991e-02   6.146558e-20   0.000000e+00   2.016141e-20   6
  4.390509e-02   7.920106e-20   0.000000e+00   1.965742e-20   24
  4.809562e-02   6.719788e-20   7.024475e-10   1.094809e-20   24
  5.553604e-02   3.303021e-20   0.000000e+00   1.223210e-20   12
  5.890486e-02   3.812829e-20   7.947286e-10   5.838276e-21   30
  6.209118e-02   2.328542e-20   0.000000e+00   3.499870e-21   24
  6.512178e-02   1.592533e-20   1.216675e-09   4.263521e-21   24
  6.801748e-02   3.692990e-20   7.450581e-10   8.501382e-21   8
  7.079483e-02   1.710256e-20   9.934107e-10   3.637888e-21   24
  7.346727e-02   1.319689e-20   0.000000e+00   1.981430e-21   48
  7.853982e-02   1.225134e-20   0.000000e+00   1.065618e-21   6
  8.095699e-02   1.220062e-20   1.404895e-09   1.336559e-21   48
  8.330406e-02   8.199491e-21   0.000000e+00   1.625451e-21   36
  8.558678e-02   7.074231e-21   9.934107e-10   1.439005e-21   24
  8.781018e-02   7.485813e-21   0.000000e+00   1.296350e-21   24
  8.997866e-02   6.598521e-21   0.000000e+00   1.174729e-21   48
  9.209610e-02   1.465432e-20   1.404895e-09   2.937056e-21   24
  9.619124e-02   9.303810e-21   1.404895e-09   1.664300e-21   24
  9.817477e-02   4.484080e-21   0.000000e+00   1.236983e-21   30
  1.001190e-01   4.911405e-21   0.000000e+00   4.030155e-22   72
  1.020262e-01   3.733786e-21   1.490116e-09   6.798492e-22   32
  1.057375e-01   5.774443e-21   0.000000e+00   5.940250e-22   72
  1.075451e-01   3.437377e-21   0.000000e+00   4.593926e-22   48
  1.110721e-01   4.366349e-21   0.000000e+00   4.274287e-22   12
  1.127942e-01   3.660208e-21   0.000000e+00   4.032541e-22   48
  1.144905e-01   3.387107e-21   0.000000e+00   4.617132e-22   48
  1.161620e-01   1.903989e-21   1.404895e-09   2.463563e-22   48
  1.178097e-01   2.229815e-21   1.589457e-09   3.750472e-22   30
  1.194348e-01   1.116947e-21   1.404895e-09   1.732071e-22   24
  1.210380e-01   3.003473e-21   2.961779e-09   4.296840e-22   72
  1.241824e-01   1.944704e-21   0.000000e+00   2.756583e-22   24
  1.257251e-01   1.621477e-21   0.000000e+00   1.624545e-22   96
  1.272490e-01   2.519760e-21   0.000000e+00   2.852975e-22   48
  1.287550e-01   2.338825e-21   2.433349e-09   4.195442e-22   24
  1.302436e-01   1.877097e-21   2.433349e-09   2.513301e-22   24
  1.317153e-01   1.540269e-21   0.000000e+00   1.880014e-22   72
  1.331707e-01   1.333368e-21   0.000000e+00   1.607067e-22   48
  1.360350e-01   1.449602e-21   1.490116e-09   6.219473e-22   8
  1.374447e-01   1.354952e-21   1.766064e-09   1.956446e-22   54
  1.388401e-01   1.961112e-21   0.000000e+00   2.440164e-22   84
  1.402216e-01   1.054928e-21   0.000000e+00   1.735767e-22   48
  1.415897e-01   1.060822e-21   1.986821e-09   1.618418e-22   24
  1.429446e-01   1.012981e-21   1.873193e-09   1.193183e-22   72
  1.442869e-01   1.306231e-21   0.000000e+00   1.131798e-22   96
  1.469345e-01   9.320235e-22   0.000000e+00   1.252005e-22   48
  1.482407e-01   9.077182e-22   0.000000e+00   1.145530e-22   48
  1.495354e-01   1.257845e-21   1.986821e-09   3.287124e-22   24
  1.508189e-01   1.230620e-21   0.000000e+00   1.426137e-22   72
  1.533539e-01   9.000027e-22   1.873193e-09   9.626265e-23   72
  1.546058e-01   9.268723e-22   0.000000e+00   9.174578e-23   96
  1.570796e-01   2.682362e-22   0.000000e+00   8.389201e-23   6
  1.583021e-01   7.752951e-22   0.000000e+00   8.289961e-23   96
  1.595151e-01   8.226354e-22   1.986821e-09   8.355784e-23   96
  1.607190e-01   1.347974e-21   0.000000e+00   1.979077e-22   24
  1.619140e-01   8.116954e-22   2.809790e-09   1.215008e-22   48
  1.631002e-01   6.965614e-22   0.000000e+00   8.046099e-23   96
  1.642778e-01   8.010354e-22   0.000000e+00   1.178125e-22   48
  1.666081e-01   7.143669e-22   0.000000e+00   1.191907e-22   36
  1.677611e-01   7.076678e-22   3.441276e-09   1.181641e-22   48
  1.689063e-01   5.040091e-22   3.893359e-09   4.294480e-23   120
  1.700437e-01   7.920493e-22   0.000000e+00   1.498225e-22   56
  1.711736e-01   5.754526e-22   1.986821e-09   7.357128e-23   24
  1.722960e-01   5.411134e-22   0.000000e+00   5.718878e-23   96
  1.734112e-01   5.718220e-22   0.000000e+00   7.406635e-23   48
  1.756204e-01   3.075620e-22   0.000000e+00   4.763708e-23   24
  1.767146e-01   4.654521e-22   0.000000e+00   4.719187e-23   102
  1.778021e-01   3.517152e-22   0.000000e+00   3.887218e-23   48
  1.788829e-01   4.508095e-22   0.000000e+00   5.426796e-23   72
  1.799573e-01   5.858934e-22   0.000000e+00   9.715409e-23   48
  1.810253e-01   3.552575e-22   0.000000e+00   2.985021e-23   48
  1.820871e-01   3.260722e-22   4.495664e-09   2.782071e-23   120
  1.841922e-01   2.882063e-22   2.809790e-09   5.349341e-23   24
  1.852358e-01   4.035465e-22   2.649095e-09   2.862767e-23   144
  1.862735e-01   3.538357e-22   3.178914e-09   3.136319e-23   120
  1.873055e-01   3.594614e-22   2.809790e-09   4.344735e-23   48
  1.893526e-01   3.659968e-22   2.809790e-09   6.394509e-23   48
  1.903679e-01   3.047642e-22   2.809790e-09   3.175808e-23   96
  1.930487e-01   2.954516e-22   4.711199e-04   3.209265e-23   72
  1.943761e-01   2.468847e-22   3.532127e-09   2.538125e-23   108
  1.953653e-01   2.966469e-22   0.000000e+00   3.219322e-23   72
  1.963495e-01   2.912227e-22   0.000000e+00   7.191760e-23   30
  1.973288e-01   3.163079e-22   0.000000e+00   2.289546e-23   168
  1.983033e-01   3.086507e-22   0.000000e+00   4.864066e-23   48
  2.002380e-01   2.389436e-22   0.000000e+00   2.642807e-23   72
  2.011984e-01   2.466480e-22   0.000000e+00   2.353444e-23   96
  2.021542e-01   2.405482e-22   5.298191e-09   2.714128e-23   72
  2.031055e-01   2.322131e-22   0.000000e+00   2.546946e-23   72
  2.047049e-01   2.455382e-22   4.350048e-04   2.735625e-23   104
  2.059331e-01   2.099948e-22   3.746387e-09   1.754163e-23   144
  2.087224e-01   2.125680e-22   6.282881e-09   2.232753e-23   96
  2.096439e-01   2.219615e-22   0.000000e+00   1.793439e-23   96
  2.111095e-01   1.876006e-22   4.475232e-04   1.525755e-23   120
  2.123845e-01   1.731687e-22   0.000000e+00   1.462038e-23   120
  2.132902e-01   1.668770e-22   0.000000e+00   2.098624e-23   72
  2.150901e-01   2.460234e-22   0.000000e+00   3.669634e-23   48
  2.159845e-01   1.771144e-22   4.235416e-09   1.785781e-23   78
  2.171286e-01   1.948223e-22   4.007142e-04   1.275130e-23   168
  2.195255e-01   1.781884e-22   3.746387e-09   1.957320e-23   144
  2.204018e-01   1.546773e-22   3.746387e-09   1.234521e-23   144
  2.229436e-01   1.593845e-22   2.307791e-04   1.219215e-23   156
  2.238729e-01   1.203417e-22   4.866699e-09   1.622839e-23   48
  2.247323e-01   1.255249e-22   3.178914e-09   1.310639e-23   120
  2.255884e-01   1.509215e-22   0.000000e+00   2.012473e-23   48
  2.271022e-01   1.561415e-22   3.532495e-04   1.154527e-23   216
  2.289809e-01   1.864621e-22   0.000000e+00   3.502675e-23   48
  2.298212e-01   1.207248e-22   2.809790e-09   1.138511e-23   96
  2.310160e-01   1.350520e-22   4.128272e-04   1.069686e-23   168
  2.323239e-01   1.440496e-22   2.809790e-09   1.870465e-23   48
  2.331522e-01   1.356299e-22   0.000000e+00   1.029784e-23   96
  2.339775e-01   8.392329e-23   0.000000e+00   1.299171e-23   48
  2.356194e-01   1.102103e-22   3.178914e-09   1.644028e-23   30
  2.364362e-01   1.210120e-22   2.809790e-09   1.241886e-23   96
  2.374123e-01   1.164255e-22   3.244455e-04   6.927388e-24   240
  2.386674e-01   1.081922e-22   3.500299e-04   1.264359e-23   32
  2.396752e-01   9.116271e-23   0.000000e+00   7.411920e-24   168
  2.404781e-01   7.890007e-23   0.000000e+00   6.269975e-24   120
  2.420760e-01   8.799635e-23   5.923557e-09   7.757574e-24   72
  2.428710e-01   7.768531e-23   3.746387e-09   5.914370e-24   144
  2.436634e-01   8.866417e-23   0.000000e+00   1.011719e-23   96
  2.444532e-01   1.098236e-22   0.000000e+00   1.012469e-23   96
  2.460253e-01   1.093268e-22   4.588368e-09   1.296498e-23   72
  2.468075e-01   7.893720e-23   3.973643e-09   8.193312e-24   96
  2.483647e-01   1.366156e-22   0.000000e+00   3.359126e-23   24
  2.491396e-01   8.494346e-23   0.000000e+00   6.370177e-24   192
  2.500522e-01   7.635699e-23   2.970416e-04   7.648989e-24   132
  2.514501e-01   7.309520e-23   0.000000e+00   6.921334e-24   96
  2.522156e-01   6.181547e-23   0.000000e+00   6.823820e-24   96
  2.529787e-01   8.276912e-23   3.178914e-09   6.658662e-24   120
  2.544981e-01   7.922813e-23   0.000000e+00   1.261493e-23   48
  2.557435e-01   7.738669e-23   3.599905e-04   4.277783e-24   222
  2.567603e-01   6.517480e-23   0.000000e+00   5.583821e-24   120
  2.575100e-01   4.022275e-23   4.866699e-09   6.537938e-24   24
  2.586015e-01   7.313707e-23   3.715625e-04   4.998493e-24   312
  2.609797e-01   8.361847e-23   3.483547e-04   1.019545e-23   72
  2.619630e-01   6.555426e-23   2.809790e-09   8.476865e-24   96
  2.629726e-01   5.882564e-23   3.547511e-04   3.777768e-24   192
  2.641613e-01   5.520436e-23   4.495664e-09   5.136823e-24   120
  2.648900e-01   8.603396e-23   0.000000e+00   7.088766e-24   144
  2.663415e-01   5.025004e-23   0.000000e+00   5.306188e-24   48
  2.673732e-01   5.823947e-23   3.567146e-04   3.238831e-24   336
  2.685040e-01   4.686908e-23   0.000000e+00   6.691913e-24   48
  2.699360e-01   5.032070e-23   0.000000e+00   4.018147e-24   192
  2.706492e-01   4.505966e-23   0.000000e+00   7.776874e-24   48
  2.726764e-01   4.258089e-23   2.476067e-04   5.555320e-24   56
  2.736844e-01   4.863070e-23   3.180112e-04   2.729605e-24   336
  2.748894e-01   4.924637e-23   3.532127e-09   5.433769e-24   54
  2.759390e-01   5.484026e-23   3.492904e-04   3.282034e-24   240
  2.781181e-01   5.010187e-23   3.344484e-04   2.952304e-24   228
  2.790651e-01   4.327367e-23   3.746387e-09   4.833248e-24   72
  2.799844e-01   4.696155e-23   3.244231e-04   4.566719e-24   144
  2.811298e-01   4.878698e-23   0.000000e+00   4.736967e-24   96
  2.818146e-01   4.462439e-23   4.495664e-09   2.625339e-24   240
  2.831793e-01   4.201075e-23   3.973643e-09   6.697186e-24   24
  2.840530e-01   4.592472e-23   3.064151e-04   2.629331e-24   336
  2.852142e-01   3.934221e-23   0.000000e+00   4.406159e-24   72
  2.862741e-01   3.628546e-23   3.332831e-04   2.877264e-24   168
  2.872346e-01   4.513320e-23   0.000000e+00   4.260991e-24   72
  2.885737e-01   3.816723e-23   0.000000e+00   3.946639e-24   96
  2.896108e-01   3.320769e-23   3.307829e-04   2.318290e-24   216
  2.905708e-01   4.890945e-23   3.973643e-09   5.188010e-24   96
  2.918946e-01   3.623203e-23   0.000000e+00   2.991020e-24   192
  2.925542e-01   3.522482e-23   3.746387e-09   2.813359e-24   144
  2.938691e-01   2.481806e-23   0.000000e+00   2.575387e-24   48
  2.947794e-01   3.660246e-23   3.189136e-04   2.269406e-24   246
  2.960164e-01   2.817238e-23   2.940434e-04   1.909893e-24   168
  2.971308e-01   3.552756e-23   5.506041e-09   4.220140e-24   120
  2.977788e-01   3.472077e-23   0.000000e+00   2.616839e-24   240
  2.990707e-01   2.786153e-23   3.973643e-09   4.220984e-24   24
  3.001001e-01   2.596122e-23   3.147475e-04   1.403939e-24   360
  3.013820e-01   3.123927e-23   3.134082e-04   2.866685e-24   120
  3.022763e-01   3.454011e-23   0.000000e+00   4.057008e-24   144
  3.029133e-01   3.641908e-23   0.000000e+00   3.440655e-24   96
  3.048165e-01   3.084620e-23   0.000000e+00   2.394745e-24   144
  3.054482e-01   2.892567e-23   0.000000e+00   1.884768e-24   132
  3.063360e-01   2.876866e-23   3.093292e-04   1.753016e-24   176
  3.076248e-01   3.036967e-23   3.123602e-04   1.709870e-24   312
  3.092116e-01   2.419295e-23   0.000000e+00   2.097152e-24   96
  3.098343e-01   2.797259e-23   0.000000e+00   1.960631e-24   144
  3.107899e-01   2.514116e-23   3.092271e-04   1.302661e-24   312
  3.123131e-01   2.546687e-23   0.000000e+00   2.703445e-24   48
  3.129297e-01   2.532748e-23   3.973643e-09   1.898937e-24   192
  3.141593e-01   4.274004e-23   0.000000e+00   5.339174e-24   6
  3.149762e-01   2.016490e-23   2.884066e-04   1.404222e-24   288
  3.162994e-01   2.131722e-23   3.047203e-04   1.717733e-24   192
  3.172124e-01   2.235842e-23   9.345130e-09   1.622559e-24   216
  3.178195e-01   2.686720e-23   0.000000e+00   3.591187e-24   72
  3.193321e-01   2.142690e-23   3.018264e-04   1.367312e-24   192
  3.203366e-01   2.203836e-23   2.241224e-04   1.307465e-24   288
  3.214381e-01   2.006995e-23   0.000000e+00   2.271894e-24   24
  3.222890e-01   2.004615e-23   2.952626e-04   1.031694e-24   456
  3.238280e-01   3.310220e-23   5.619580e-09   5.443260e-24   48
  3.247789e-01   2.020444e-23   2.908218e-04   1.349989e-24   240
  3.258718e-01   1.942521e-23   2.939082e-04   1.542451e-24   216
  3.267908e-01   2.523374e-23   0.000000e+00   3.937411e-24   72
  3.273801e-01   1.886354e-23   1.015467e-08   1.277871e-24   168
  3.290441e-01   1.832736e-23   2.184577e-04   1.148566e-24   288
  3.299773e-01   1.940471e-23   2.890570e-04   1.655089e-24   168
  3.314762e-01   1.475923e-23   0.000000e+00   1.051910e-24   192
  3.320572e-01   1.488299e-23   3.746387e-09   1.208447e-24   144
  3.332162e-01   2.388158e-23   0.000000e+00   2.109538e-24   36
  3.341991e-01   1.443994e-23   2.639705e-04   7.587540e-25   342
  3.351389e-01   1.791455e-23   2.710657e-04   1.245777e-24   144
  3.363470e-01   1.403232e-23   2.842800e-04   8.575068e-25   384
  3.378125e-01   1.532777e-23   7.786718e-09   1.345898e-24   120
  3.385379e-01   1.780241e-23   2.534951e-04   1.165667e-24   264
  3.395201e-01   1.501779e-23   1.256576e-08   1.127374e-24   192
  3.404451e-01   1.373018e-23   2.731894e-04   1.118009e-24   152
  3.412191e-01   1.446786e-23   7.492773e-09   1.095925e-24   144
  3.428472e-01   1.416938e-23   1.768108e-04   1.026244e-24   216
  3.436008e-01   1.413757e-23   2.362665e-04   8.371769e-25   312
  3.449274e-01   1.537700e-23   2.738281e-04   8.988234e-25   240
  3.457090e-01   1.364160e-23   3.973643e-09   1.256548e-24   96
  3.471927e-01   1.387396e-23   2.617995e-04   1.090225e-24   144
  3.481071e-01   1.056818e-23   2.573258e-04   4.875525e-25   456
  3.495904e-01   1.241442e-23   0.000000e+00   1.472391e-24   120
  3.501414e-01   1.550382e-23   0.000000e+00   1.149452e-24   144
  3.512407e-01   1.492737e-23   0.000000e+00   2.698199e-24   24
  3.519456e-01   1.184269e-23   2.473498e-04   6.728923e-25   336
  3.531645e-01   1.094949e-23   2.727931e-04   9.050457e-25   198
  3.543067e-01   1.148732e-23   2.652756e-04   5.341597e-25   432
  3.556041e-01   1.506771e-23   0.000000e+00   2.380885e-24   48
  3.562810e-01   1.088684e-23   2.341925e-04   5.539414e-25   384
  3.574963e-01   9.490649e-24   2.696052e-04   8.140137e-25   144
  3.585975e-01   1.177836e-23   2.676825e-04   7.354980e-25   264
  3.599147e-01   9.023895e-24   0.000000e+00   1.162891e-24   48
  3.607984e-01   1.123962e-23   2.545223e-04   6.752714e-25   276
  3.616510e-01   1.114028e-23   2.307176e-04   8.772528e-25   192
  3.627906e-01   1.012685e-23   2.592759e-04   4.200109e-25   552
  3.641741e-01   1.117900e-23   8.991328e-09   1.022820e-24   120
  3.649965e-01   7.999665e-24   2.624511e-04   5.666488e-25   216
  3.657587e-01   1.098138e-23   4.495664e-09   1.056878e-24   120
  3.671201e-01   9.152903e-24   2.584500e-04   4.151169e-25   408
  3.683844e-01   6.919104e-24   5.619580e-09   1.219591e-24   24
  3.691684e-01   9.723030e-24   2.610810e-04   5.319640e-25   384
  3.702633e-01   7.544678e-24   2.550855e-04   5.765452e-25   240
  3.712141e-01   7.847692e-24   2.569535e-04   6.036078e-25   168
  3.725471e-01   6.548491e-24   6.357829e-09   5.694464e-25   120
  3.734064e-01   7.806807e-24   2.678605e-04   4.161260e-25   350
  3.748037e-01   8.864090e-24   4.409502e-04   4.564540e-25   384
  3.756388e-01   8.386475e-24   0.000000e+00   7.204870e-25   144
  3.771752e-01   8.219746e-24   1.059638e-08   6.087479e-25   288
  3.779773e-01   7.836193e-24   2.524053e-04   4.495512e-25   336
  3.790686e-01   8.513205e-24   2.297941e-04   6.509097e-25   168
  3.797219e-01   8.393477e-24   4.541306e-09   5.164858e-25   336
  3.810732e-01   6.677948e-24   2.385126e-04   4.098485e-25   288
  3.818848e-01   8.390985e-24   2.247398e-04   6.230429e-25   264
  3.832590e-01   6.776346e-24   0.000000e+00   4.449374e-25   240
  3.837616e-01   8.427892e-24   7.947286e-09   8.516662e-25   96
  3.855656e-01   7.077458e-24   3.056310e-04   3.617480e-25   360
  3.864075e-01   8.026816e-24   2.253025e-04   6.609273e-25   168
  3.874713e-01   6.804003e-24   2.456032e-04   3.580159e-25   456
  3.887523e-01   7.491111e-24   7.064254e-09   7.106514e-25   108
  3.894728e-01   5.552523e-24   2.464311e-04   3.609527e-25   264
  3.903716e-01   5.557238e-24   2.198567e-04   3.284209e-25   264
  3.916025e-01   7.345036e-24   2.074668e-04   5.341374e-25   312
  3.931351e-01   6.208582e-24   1.541705e-04   4.476411e-25   270
  3.937775e-01   7.038695e-24   1.957388e-04   4.679712e-25   240
  3.949323e-01   5.059958e-24   2.421536e-04   2.718871e-25   384
  3.956334e-01   4.850249e-24   0.000000e+00   3.502092e-25   192
  3.969952e-01   5.274962e-24   1.942960e-04   3.661065e-25   240
  3.977852e-01   5.465039e-24   2.397927e-04   3.503741e-25   336
  3.992708e-01   5.630326e-24   2.413972e-04   2.504140e-25   480
  4.004761e-01   6.069138e-24   0.000000e+00   6.980763e-25   72
  4.011493e-01   4.998713e-24   2.353842e-04   3.472649e-25   240
  4.020650e-01   4.961998e-24   2.212289e-04   3.423093e-25   312
  4.031147e-01   4.070011e-24   2.390954e-04   2.404689e-25   240
  4.047009e-01   5.467418e-24   1.816506e-04   2.819959e-25   408
  4.053288e-01   5.086129e-24   1.663482e-04   2.690593e-25   336
  4.065560e-01   5.171172e-24   2.112212e-04   3.157559e-25   264
  4.071591e-01   4.627502e-24   0.000000e+00   3.474213e-25   144
  4.088370e-01   4.423517e-24   2.927651e-04   2.139266e-25   464
  4.097211e-01   3.842176e-24   2.328083e-04   3.846365e-25   168
  4.105939e-01   4.481372e-24   2.120376e-04   2.317516e-25   336
  4.121713e-01   4.569174e-24   2.227870e-04   2.359488e-25   414
  4.130606e-01   4.622115e-24   2.319080e-04   3.416844e-25   216
  4.141998e-01   7.433716e-24   5.619580e-09   7.771375e-25   96
  4.146649e-01   3.821224e-24   1.685874e-08   1.767958e-25   384
  4.162944e-01   4.278820e-24   2.314600e-04   1.963595e-25   492
  4.171676e-01   4.632711e-24   2.263480e-04   3.195042e-25   240
  4.181546e-01   4.253103e-24   2.298225e-04   2.538561e-25   312
  4.195176e-01   3.267658e-24   2.297469e-04   2.569355e-25   192
  4.203810e-01   3.346419e-24   2.226525e-04   1.568218e-25   504
  4.215265e-01   4.109727e-24   1.473998e-04   2.310151e-25   408
  4.224284e-01   3.503417e-24   4.515774e-04   2.513068e-25   168
  4.235571e-01   4.325946e-24   2.145032e-04   2.387788e-25   288
  4.245041e-01   3.516281e-24   2.238525e-04   1.967606e-25   288
  4.254743e-01   3.537688e-24   2.251410e-04   2.006388e-25   432
  4.268815e-01   3.595754e-24   2.129084e-04   2.593619e-25   216
  4.276334e-01   2.936364e-24   2.124592e-04   1.802102e-25   360
  4.289721e-01   3.367709e-24   2.073582e-04   2.248186e-25   312
  4.301803e-01   3.021296e-24   0.000000e+00   3.391277e-25   48
  4.308767e-01   3.607643e-24   2.223178e-04   1.833882e-25   432
  4.321240e-01   3.103387e-24   3.708284e-04   1.590715e-25   414
  4.328606e-01   3.333499e-24   1.956255e-08   1.840335e-25   312
  4.342347e-01   3.435933e-24   3.253813e-04   1.863241e-25   528
  4.351620e-01   3.543511e-24   1.707976e-04   2.214877e-25   264
  4.362761e-01   3.048642e-24   2.025191e-04   1.485298e-25   480
  4.377318e-01   2.786826e-24   0.000000e+00   1.741416e-25   288
  4.383604e-01   3.193381e-24   2.176005e-04   2.204451e-25   168
  4.395105e-01   3.646713e-24   3.444610e-04   1.728596e-25   504
  4.408036e-01   3.323406e-24   7.492773e-09   2.690549e-25   144
  4.416171e-01   2.924586e-24   2.212265e-04   1.369987e-25   464
  4.428396e-01   2.709384e-24   3.246624e-04   1.485391e-25   432
  4.434197e-01   2.366427e-24   5.619580e-09   1.520154e-25   192
  4.449189e-01   2.619279e-24   2.406833e-04   1.477830e-25   396
  4.458042e-01   2.380143e-24   2.162000e-04   1.508925e-25   288
  4.466990e-01   2.284642e-24   2.135686e-04   1.323134e-25   336
  4.481283e-01   2.407611e-24   1.352359e-04   1.484848e-25   432
  4.490354e-01   2.534467e-24   3.505126e-04   1.220873e-25   360
  4.500539e-01   2.630918e-24   2.073334e-04   1.590869e-25   384
  4.515004e-01   2.535538e-24   1.830116e-04   1.657722e-25   198
  4.521974e-01   2.457080e-24   2.080246e-04   9.710057e-26   552
  4.534970e-01   2.545751e-24   2.912202e-04   1.332521e-25   432
  4.545821e-01   2.321928e-24   0.000000e+00   1.429904e-25   168
  4.554927e-01   2.436105e-24   3.610065e-04   1.169333e-25   480
  4.566974e-01   2.037865e-24   0.000000e+00   3.268597e-25   120
  4.572396e-01   2.186933e-24   2.948545e-04   1.276878e-25   336
  4.585628e-01   2.138445e-24   2.080152e-04   8.595826e-26   672
  4.598711e-01   2.488253e-24   3.025866e-04   1.260820e-25   528
  4.604805e-01   1.633526e-24   9.082613e-09   1.223946e-25   168
  4.618883e-01   2.183315e-24   3.375333e-04   1.215775e-25   456
  4.627474e-01   2.560454e-24   2.061344e-04   2.695475e-25   168
  4.636392e-01   2.130653e-24   2.057643e-04   9.629014e-26   504
  4.651216e-01   1.679797e-24   2.647872e-04   1.056767e-25   336
  4.660180e-01   2.135059e-24   1.908802e-04   1.751031e-25   312
  4.670124e-01   2.040264e-24   1.865029e-04   9.668717e-26   504
  4.683210e-01   2.116255e-24   1.294009e-04   1.132957e-25   432
  4.689362e-01   1.829842e-24   1.999672e-04   1.134045e-25   312
  4.702151e-01   1.681047e-24   2.049761e-04   9.041828e-26   384
  4.715504e-01   1.559903e-24   1.741510e-04   1.404505e-25   126
  4.723748e-01   2.009585e-24   3.057676e-04   1.067592e-25   492
  4.734278e-01   1.796897e-24   1.958445e-04   9.647331e-26   528
  4.747438e-01   1.627474e-24   1.989360e-04   8.011419e-26   480
  4.755596e-01   1.856692e-24   2.748289e-04   1.053449e-25   432
  4.767402e-01   1.724677e-24   2.161166e-04   8.797647e-26   440
  4.781114e-01   1.540756e-24   1.074739e-04   8.762616e-26   312
  4.786259e-01   1.481811e-24   1.610586e-04   7.668819e-26   480
  4.796813e-01   1.580755e-24   3.153497e-04   8.414972e-26   408
  4.812233e-01   1.637636e-24   1.888588e-04   9.639990e-26   360
  4.818747e-01   1.596099e-24   1.822418e-04   9.890874e-26   408
  4.830820e-01   1.381306e-24   1.854542e-04   7.881801e-26   456
  4.844414e-01   1.597542e-24   1.772485e-04   1.130134e-25   264
  4.851959e-01   1.544071e-24   1.923591e-04   8.146223e-26   384
  4.862943e-01   1.409423e-24   3.238501e-04   6.289228e-26   672
  4.875640e-01   1.485328e-24   1.937042e-04   1.342163e-25   240
  4.882967e-01   1.448562e-24   1.965613e-04   1.025215e-25   264
  4.893308e-01   1.165922e-24   2.424259e-04   5.773233e-26   624
  4.908739e-01   1.156419e-24   0.000000e+00   8.982942e-26   150
  4.914232e-01   1.500796e-24   2.716574e-04   6.875944e-26   600
  4.925819e-01   1.530514e-24   1.874909e-04   6.219264e-26   672
  4.938939e-01   1.179221e-24   1.763484e-04   7.353932e-26   336
  4.946248e-01   1.465903e-24   1.918157e-04   8.113542e-26   408
  4.957926e-01   1.240804e-24   1.913639e-04   6.442941e-26   408
  4.970915e-01   1.499972e-24   9.676385e-05   8.897260e-26   360
  4.978921e-01   1.229608e-24   3.552857e-04   6.447168e-26   456
  4.988592e-01   1.269411e-24   1.932065e-04   6.898933e-26   384
  5.000902e-01   1.023214e-24   1.783541e-04   6.460533e-26   348
  5.007554e-01   1.372697e-24   2.198754e-04   7.373539e-26   576
  5.020050e-01   1.147476e-24   1.810385e-04   5.700928e-26   504
  5.032833e-01   1.219098e-24   2.553443e-04   7.059805e-26   432
  5.043991e-01   1.283168e-24   3.473946e-04   7.092789e-26   576
  5.051948e-01   1.174589e-24   0.000000e+00   9.016124e-26   264
  5.064571e-01   1.130821e-24   2.764393e-04   4.717858e-26   768
  5.075549e-01   8.047523e-25   3.721752e-04   5.380773e-26   240
  5.084277e-01   1.316436e-24   3.282233e-04   1.164987e-25   192
  5.096990e-01   1.079319e-24   2.416124e-04   5.124582e-26   504
  5.106418e-01   1.078529e-24   3.255818e-04   5.305150e-26   590
  5.115460e-01   1.123821e-24   3.647966e-04   6.407503e-26   384
  5.126798e-01   1.148141e-24   3.048625e-04   6.152152e-26   504
  5.140486e-01   1.013132e-24   2.933830e-04   4.243817e-26   648
  5.153764e-01   9.066131e-25   7.967896e-05   4.768399e-26   504
  5.159117e-01   1.110251e-24   1.817627e-04   8.361992e-26   312
  5.168569e-01   1.000196e-24   2.618753e-04   5.188106e-26   576
  5.181545e-01   9.692888e-25   1.822405e-04   6.757178e-26   240
  5.189109e-01   9.807318e-25   1.841453e-04   4.317893e-26   552
  5.199816e-01   8.528230e-25   1.729082e-04   3.674042e-26   600
  5.215067e-01   8.853801e-25   2.111937e-04   4.059865e-26   600
  5.224237e-01   7.069384e-25   3.382099e-04   5.885368e-26   312
  5.233368e-01   1.015986e-24   2.945474e-04   5.836707e-26   480
  5.244775e-01   8.034190e-25   1.837693e-04   3.752021e-26   576
  5.254818e-01   8.965186e-25   2.959085e-04   4.785790e-26   408
  5.263729e-01   5.974686e-25   3.451909e-04   3.614853e-26   216
  5.275243e-01   9.480566e-25   2.643774e-04   4.529128e-26   516
  5.287578e-01   8.255625e-25   2.522429e-04   3.438445e-26   744
  5.300304e-01   8.820351e-25   1.684760e-04   4.661470e-26   462
  5.307494e-01   7.119519e-25   1.712315e-04   3.876525e-26   432
  5.318647e-01   7.553763e-25   1.588547e-04   3.848871e-26   648
  5.331761e-01   7.766728e-25   2.324340e-04   4.345210e-26   528
  5.342295e-01   8.149927e-25   2.799086e-04   3.506346e-26   600
  5.352820e-01   8.816890e-25   3.528915e-04   6.725011e-26   240
  5.363014e-01   7.643209e-25   2.703115e-04   3.515584e-26   720
  5.374863e-01   7.459653e-25   2.138653e-04   2.991678e-26   720
  5.387997e-01   4.655392e-25   0.000000e+00   3.745242e-26   144
  5.394909e-01   7.944727e-25   2.757364e-04   3.517674e-26   720
  5.404742e-01   8.185420e-25   1.653370e-04   5.835769e-26   384
  5.417051e-01   6.852286e-25   1.832848e-04   2.816749e-26   672
  5.428730e-01   8.041418e-25   3.209115e-04   4.849109e-26   336
  5.434308e-01   7.269814e-25   0.000000e+00   5.661992e-26   288
  5.447967e-01   6.141080e-25   2.539800e-04   2.505090e-26   776
  5.460612e-01   6.669036e-25   2.173184e-04   3.400391e-26   720
  5.471231e-01   5.846735e-25   1.750659e-04   3.070898e-26   432
  5.479725e-01   6.590622e-25   2.495786e-04   3.331294e-26   504
  5.489174e-01   6.855034e-25   1.748652e-04   3.865340e-26   528
  5.502396e-01   5.320117e-25   2.382437e-04   2.845415e-26   438
  5.513273e-01   6.519614e-25   2.772938e-04   2.599450e-26   624
  5.521470e-01   7.528268e-25   3.396475e-04   5.559243e-26   312
  5.532738e-01   7.603560e-25   1.829935e-04   2.985017e-26   696
  5.544390e-01   6.632053e-25   1.655760e-04   3.578609e-26   552
  5.556509e-01   5.698787e-25   1.281006e-04   2.567583e-26   516
  5.564006e-01   6.247856e-25   2.558713e-04   3.130224e-26   528
  5.573133e-01   5.056017e-25   1.664001e-04   2.565521e-26   528
  5.586097e-01   5.619135e-25   2.194479e-04   2.434553e-26   864
  5.594897e-01   6.698953e-25   3.005985e-04   4.395243e-26   408
  5.603706e-01   6.564314e-25   2.978186e-04   5.479593e-26   192
  5.616191e-01   4.967651e-25   2.464592e-04   2.329767e-26   720
  5.626731e-01   5.078562e-25   2.272475e-04   2.241733e-26   696
  5.639255e-01   4.934124e-25   2.454294e-04   2.146254e-26   720
  5.650713e-01   6.071000e-25   3.326501e-04   3.214303e-26   432
  5.657395e-01   4.260713e-25   1.958109e-04   3.030540e-26   264
  5.669418e-01   5.247774e-25   2.704061e-04   2.665474e-26   672
  5.680171e-01   5.653814e-25   2.768544e-04   3.212975e-26   600
  5.692933e-01   3.971920e-25   1.620980e-04   2.614701e-26   270
  5.699366e-01   4.472569e-25   2.440026e-04   2.618931e-26   528
  5.709591e-01   5.072264e-25   1.670843e-04   2.071246e-26   840
  5.723613e-01   5.055222e-25   3.194952e-04   2.184963e-26   888
  5.736568e-01   4.484454e-25   2.380474e-04   2.170593e-26   744
  5.747517e-01   5.450692e-25   1.223216e-04   3.189180e-26   456
  5.752963e-01   6.757880e-25   1.671601e-04   3.982650e-26   360
  5.762282e-01   4.069389e-25   1.448348e-04   2.866232e-26   384
  5.776580e-01   4.403593e-25   2.323137e-04   1.795944e-26   816
  5.787308e-01   4.562359e-25   3.370546e-04   1.982432e-26   824
  5.800348e-01   4.786462e-25   1.566791e-04   3.328860e-26   360
  5.807331e-01   4.975648e-25   2.311994e-04   2.604982e-26   624
  5.816941e-01   5.299313e-25   1.562320e-04   3.321020e-26   360
  5.829744e-01   3.965194e-25   2.125215e-04   1.927283e-26   876
  5.841306e-01   3.795577e-25   2.524119e-04   1.731170e-26   696
  5.852967e-01   3.381726e-25   1.629911e-04   2.083905e-26   336
  5.859080e-01   3.859245e-25   1.628079e-04   2.067426e-26   504
  5.869176e-01   3.581811e-25   1.642187e-04   1.839912e-26   672
  5.884155e-01   3.856625e-25   3.269213e-04   1.822960e-26   720
  5.894543e-01   3.685205e-25   2.469541e-04   1.437962e-26   774
  5.906010e-01   4.938285e-25   1.413501e-04   3.722565e-26   384
  5.912015e-01   4.240852e-25   2.720183e-04   2.520232e-26   528
  5.921335e-01   3.772977e-25   2.592486e-04   1.638215e-26   744
  5.936327e-01   4.346366e-25   2.138251e-04   1.880411e-26   768
  5.946281e-01   3.292023e-25   2.400348e-04   2.037362e-26   552
  5.958700e-01   3.425215e-25   2.616108e-04   1.638229e-26   696
  5.967938e-01   3.973552e-25   3.179026e-04   2.861499e-26   408
  5.975272e-01   3.601865e-25   1.373364e-04   1.867693e-26   504
  5.986899e-01   3.687335e-25   2.467198e-04   1.533627e-26   888
  5.998339e-01   2.973178e-25   2.564132e-04   1.381801e-26   648
  6.010230e-01   3.484771e-25   2.542153e-04   1.770139e-26   648
  6.021418e-01   3.246794e-25   2.741064e-04   1.509829e-26   792
  6.033268e-01   3.042896e-25   4.010364e-04   2.019852e-26   600
  6.042000e-01   2.766356e-25   2.717856e-04   1.677101e-26   456
  6.051191e-01   3.249846e-25   1.324567e-04   1.767729e-26   648
  6.062996e-01   3.190548e-25   2.583099e-04   1.435332e-26   936
  6.075741e-01   3.258609e-25   1.586356e-04   1.913884e-26   384
  6.086836e-01   2.636382e-25   1.334798e-08   2.682763e-26   198
  6.095398e-01   3.057264e-25   4.024720e-04   1.265940e-26   1224
  6.104634e-01   3.983716e-25   2.931235e-04   2.466005e-26   420
  6.115558e-01   3.163363e-25   2.836822e-04   1.379223e-26   792
  6.126238e-01   3.270751e-25   2.345810e-04   1.634110e-26   680
  6.138428e-01   2.874899e-25   2.154033e-04   1.684210e-26   600
  6.148235e-01   2.824898e-25   3.123938e-04   1.270385e-26   840
  6.161330e-01   2.727882e-25   1.474979e-04   1.858781e-26   432
  6.166334e-01   2.972565e-25   1.382249e-04   1.451206e-26   720
  6.177213e-01   2.768143e-25   2.768404e-04   1.063457e-26   960
  6.190745e-01   2.786790e-25   2.467829e-04   1.779172e-26   528
  6.200634e-01   2.668465e-25   2.522592e-04   1.607777e-26   624
  6.212404e-01   3.054969e-25   1.982740e-04   1.519234e-26   816
  6.224086e-01   2.701964e-25   3.260658e-04   1.253194e-26   696
  6.236996e-01   2.406117e-25   2.202416e-08   2.298056e-26   240
  6.241851e-01   2.501893e-25   1.922888e-04   1.202009e-26   672
  6.252686e-01   2.378773e-25   3.436476e-04   1.113731e-26   864
  6.264840e-01   2.092825e-25   2.636938e-04   1.138797e-26   816
  6.275795e-01   2.255655e-25   1.509292e-04   1.163183e-26   648
  6.287594e-01   2.684579e-25   1.542771e-04   1.171628e-26   843
  6.297611e-01   2.224479e-25   2.775825e-04   1.001456e-26   780
  6.309548e-01   1.714480e-25   1.489456e-04   1.799223e-26   216
  6.316911e-01   2.278616e-25   3.591661e-04   9.307541e-27   1056
  6.328235e-01   1.610860e-25   2.938382e-04   1.191376e-26   228
  6.338720e-01   2.175708e-25   3.658358e-04   9.877471e-27   924
  6.349484e-01   2.391576e-25   1.357046e-04   1.126313e-26   696
  6.360882e-01   2.049471e-25   2.415153e-04   1.088131e-26   996
  6.372543e-01   1.520234e-25   1.425858e-04   6.878430e-27   576
  6.384675e-01   1.611026e-25   2.200718e-04   9.302018e-27   552
  6.393519e-01   2.391916e-25   2.627580e-04   1.428999e-26   516
  6.402494e-01   2.063367e-25   3.821047e-04   1.010453e-26   744
  6.412749e-01   1.492683e-25   1.874451e-04   6.747513e-27   576
  6.421669e-01   1.705224e-25   1.929285e-04   8.290776e-27   792
  6.434346e-01   1.685573e-25   2.205530e-04   8.703076e-27   792
  6.443636e-01   1.843834e-25   2.378641e-04   9.683266e-27   720
  6.456200e-01   1.771459e-25   2.711104e-04   9.824247e-27   656
  6.467974e-01   1.646301e-25   2.960385e-04   9.524784e-27   816
  6.480043e-01   1.413976e-25   1.596190e-04   7.670581e-27   492
  6.486903e-01   1.650255e-25   2.296231e-04   9.329632e-27   552
  6.499778e-01   1.267818e-25   3.992867e-04   6.727549e-27   780
  6.508139e-01   1.646476e-25   2.452771e-04   9.485741e-27   528
  6.517148e-01   1.277739e-25   2.863130e-04   6.852871e-27   600
  6.530425e-01   1.566025e-25   2.379487e-04   5.903616e-27   900
  6.539577e-01   1.470330e-25   1.317325e-04   7.420877e-27   696
  6.552168e-01   1.213423e-25   3.330907e-04   5.964248e-27   696
  6.564349e-01   1.266145e-25   1.351317e-04   5.912945e-27   552
  6.574592e-01   1.281556e-25   1.571457e-04   7.075972e-27   708
  6.585322e-01   1.276991e-25   2.594565e-04   7.231449e-27   876
  6.596487e-01   1.446495e-25   1.377663e-04   1.293380e-26   216
  6.603980e-01   1.369203e-25   3.768094e-04   5.750981e-27   1032
  6.615201e-01   1.136088e-25   4.195357e-04   6.858859e-27   600
  6.626848e-01   8.731228e-26   2.001869e-04   5.180129e-27   600
  6.635732e-01   1.220988e-25   3.535112e-04   6.275181e-27   528
  6.646233e-01   1.116695e-25   1.940622e-04   5.720828e-27   732
  6.657296e-01   1.120662e-25   1.432973e-04   1.020853e-26   336
  6.670031e-01   1.010314e-25   2.042271e-04   4.758997e-27   912
  6.679548e-01   9.348511e-26   2.049821e-04   5.540695e-27   624
  6.689946e-01   1.005059e-25   1.727341e-04   4.449595e-27   768
  6.702082e-01   1.061835e-25   3.116463e-04   4.722307e-27   792
  6.713995e-01   1.048709e-25   1.545014e-04   5.866278e-27   660
  6.722471e-01   9.634539e-26   2.276826e-04   5.926987e-27   504
  6.731238e-01   7.754724e-26   3.719898e-04   3.788790e-27   480
  6.744376e-01   7.369614e-26   3.440421e-04   3.474390e-27   912
  6.754664e-01   9.978239e-26   3.831443e-04   6.023079e-27   432
  6.764380e-01   9.012546e-26   2.275021e-04   4.830305e-27   564
  6.773006e-01   8.549978e-26   2.177508e-04   3.825075e-27   600
  6.785149e-01   1.021668e-25   3.035240e-04   4.710373e-27   876
  6.794272e-01   1.062432e-25   1.364735e-04   8.115576e-27   264
  6.806846e-01   9.002166e-26   2.648123e-04   4.885972e-27   560
  6.816953e-01   7.493827e-26   1.799457e-04   3.248531e-27   840
  6.829222e-01   6.532634e-26   2.774244e-04   2.545502e-27   1008
  6.840568e-01   6.096276e-26   1.241010e-04   3.636014e-27   456
  6.850930e-01   7.871613e-26   1.607553e-04   3.735382e-27   576
  6.860509e-01   7.518985e-26   2.470177e-04   3.593336e-27   612
  6.873140e-01   7.052322e-26   2.206269e-04   3.252376e-27   780
  6.883444e-01   6.984483e-26   2.528284e-04   3.291874e-27   648
  6.893992e-01   7.974264e-26   1.178213e-04   5.561055e-27   312
  6.900734e-01   5.479576e-26   2.993645e-04   2.698073e-27   528
  6.912414e-01   5.681683e-26   3.909551e-04   2.285888e-27   720
  6.923583e-01   6.532536e-26   3.921794e-04   3.406804e-27   576
  6.937124e-01   6.356691e-26   3.383053e-04   3.439103e-27   444
  6.945549e-01   6.123153e-26   3.317685e-04   2.541185e-27   996
  6.955874e-01   5.348897e-26   2.771265e-04   3.120368e-27   432
  6.965633e-01   7.458660e-26   3.033990e-04   5.158782e-27   504
  6.974062e-01   4.392298e-26   1.367883e-04   1.999631e-27   504
  6.986065e-01   5.969624e-26   2.692009e-04   2.433282e-27   876
  6.996926e-01   5.133577e-26   3.098246e-04   2.379998e-27   504
  7.008236e-01   5.111394e-26   1.975899e-04   2.376140e-27   696
  7.017583e-01   5.836463e-26   1.689187e-04   3.211700e-27   492
  7.030300e-01   4.875939e-26   2.418152e-04   2.818236e-27   432
  7.039719e-01   5.491133e-26   2.264335e-04   2.761219e-27   768
  7.050885e-01   5.542994e-26   2.820533e-04   2.784269e-27   648
  7.061547e-01   4.792460e-26   1.840095e-04   2.650661e-27   456
  7.073798e-01   4.792087e-26   2.530430e-04   2.525623e-27   552
  7.082306e-01   4.669176e-26   1.734358e-04   2.138892e-27   648
  7.094016e-01   4.200069e-26   2.826907e-04   1.793111e-27   840
  7.105454e-01   4.052454e-26   1.348092e-04   1.818919e-27   432
  7.116906e-01   4.393457e-26   1.651183e-04   2.193790e-27   600
  7.124870e-01   4.886462e-26   1.759227e-04   2.828371e-27   432
  7.138248e-01   5.228765e-26   1.751482e-04   2.818610e-27   560
  7.147308e-01   3.680608e-26   2.772412e-04   1.527194e-27   840
  7.158652e-01   4.608025e-26   1.642140e-04   2.701686e-27   504
  7.167662e-01   3.760704e-26   3.351509e-04   1.764000e-27   696
  7.180362e-01   5.137004e-26   1.830475e-04   3.393961e-27   384
  7.190254e-01   3.547457e-26   2.681431e-04   1.497304e-27   576
  7.202219e-01   3.319155e-26   1.654845e-04   1.942019e-27   360
  7.211864e-01   4.255520e-26   2.464465e-04   1.946751e-27   828
  7.222268e-01   3.176191e-26   2.195064e-04   1.870089e-27   372
  7.231800e-01   3.220028e-26   3.352284e-04   1.305658e-27   576
  7.244428e-01   4.340201e-26   1.403933e-04   2.108140e-27   636
  7.253425e-01   3.747682e-26   2.706420e-04   1.707021e-27   648
  7.265596e-01   3.020602e-26   2.200024e-04   1.618789e-27   576
  7.274333e-01   3.175507e-26   3.548870e-04   1.549038e-27   528
  7.285953e-01   3.157440e-26   1.517289e-04   1.961060e-27   360
  7.295571e-01   2.824028e-26   3.490332e-04   1.200236e-27   672
  7.308130e-01   3.821344e-26   1.787806e-04   1.505286e-27   804
  7.318582e-01   3.299572e-26   1.972163e-04   1.870308e-27   408
  7.330145e-01   3.037076e-26   1.219011e-04   1.692237e-27   384
  7.337931e-01   2.547975e-26   2.789567e-04   1.428787e-27   480
  7.348913e-01   2.593485e-26   1.802469e-04   1.427763e-27   432
  7.359446e-01   3.399664e-26   3.321566e-04   1.463893e-27   648
  7.371913e-01   3.302984e-26   2.061016e-04   1.634920e-27   624
  7.381033e-01   2.800010e-26   1.874668e-04   1.396975e-27   456
  7.393486e-01   2.448218e-26   2.560963e-04   1.233542e-27   588
  7.401831e-01   2.457671e-26   1.633884e-04   1.083909e-27   600
  7.414016e-01   2.661021e-26   2.548458e-04   1.168858e-27   708
  7.423640e-01   3.217348e-26   1.605479e-04   2.078741e-27   360
  7.434275e-01   2.802943e-26   1.845541e-04   1.476852e-27   552
  7.444470e-01   2.389519e-26   1.294691e-04   1.920823e-27   288
  7.454820e-01   2.478344e-26   2.434372e-04   1.403489e-27   528
  7.464545e-01   2.759889e-26   1.642340e-04   1.539194e-27   456
  7.475410e-01   2.542194e-26   2.912225e-04   1.213259e-27   608
  7.486338e-01   2.048377e-26   1.408967e-04   1.031336e-27   504
  7.498278e-01   2.117520e-26   3.024972e-04   1.062681e-27   540
  7.507642e-01   2.541899e-26   3.247222e-04   1.489160e-27   360
  7.517735e-01   2.781101e-26   1.470509e-04   1.600304e-27   540
  7.526661e-01   2.075123e-26   1.262606e-04   1.111192e-27   576
  7.539642e-01   2.067661e-26   2.927555e-04   9.145843e-28   588
  7.551985e-01   2.017216e-26   4.039143e-04   1.052039e-27   672
  7.562588e-01   2.288913e-26   3.087151e-04   1.065582e-27   552
  7.571135e-01   1.975385e-26   3.088712e-04   1.949449e-27   144
  7.582042e-01   2.125962e-26   2.624178e-04   1.091746e-27   600
  7.592383e-01   1.669214e-26   3.288668e-04   8.857275e-28   504
  7.603860e-01   1.999976e-26   3.378126e-04   1.532146e-27   336
  7.615932e-01   1.833896e-26   3.797028e-04   8.876171e-28   600
  7.626744e-01   1.744420e-26   2.450478e-04   9.281673e-28   636
  7.638413e-01   1.940644e-26   1.970206e-04   1.232019e-27   384
  7.646595e-01   2.010565e-26   2.748205e-04   1.123330e-27   504
  7.658387e-01   1.939266e-26   1.153383e-04   1.343146e-27   240
  7.667694e-01   2.070092e-26   2.709461e-04   1.022583e-27   744
  7.678860e-01   1.651935e-26   1.850150e-04   8.737966e-28   648
  7.688783e-01   2.367555e-26   1.228185e-04   2.148012e-27   120
  7.700414e-01   1.679740e-26   1.929319e-04   7.601060e-28   564
  7.709202e-01   1.780336e-26   3.030111e-04   1.241779e-27   432
  7.720932e-01   1.537220e-26   2.351965e-04   7.616693e-28   480
  7.729764e-01   1.199547e-26   1.731106e-04   6.240355e-28   456
  7.740189e-01   1.751094e-26   2.864725e-04   9.352536e-28   444
  7.752020e-01   1.330262e-26   4.383180e-04   6.485218e-28   528
  7.762412e-01   1.806477e-26   3.255297e-04   1.278311e-27   264
  7.772498e-01   1.382827e-26   3.336195e-04   9.420363e-28   444
  7.786065e-01   1.568229e-26   3.654311e-04   6.558670e-28   696
  7.797327e-01   1.636659e-26   1.954448e-04   9.641166e-28   384
  7.805563e-01   1.334301e-26   2.469609e-04   7.206560e-28   432
  7.818373e-01   1.515543e-26   1.706384e-04   8.249416e-28   488
  7.826690e-01   1.467541e-26   2.571733e-04   6.869151e-28   480
  7.838749e-01   1.436643e-26   2.868014e-04   7.679131e-28   480
  7.848089e-01   1.217675e-26   1.203331e-04   8.682547e-28   240
  7.858692e-01   1.564201e-26   2.810886e-04   1.128738e-27   600
  7.868694e-01   9.660550e-27   2.449399e-04   7.136741e-28   288
  7.879343e-01   1.313143e-26   2.356143e-04   7.217263e-28   480
  7.890129e-01   1.122871e-26   4.191157e-04   7.055074e-28   504
  7.900748e-01   1.138888e-26   1.798267e-04   8.617934e-28   216
  7.914291e-01   1.299913e-26   2.944050e-04   6.962438e-28   504
  7.924838e-01   1.060449e-26   2.367912e-04   6.654907e-28   456
  7.936384e-01   1.277960e-26   1.358038e-04   6.593308e-28   384
  7.944031e-01   1.342662e-26   2.756326e-04   6.923332e-28   480
  7.954897e-01   1.014186e-26   2.420363e-04   5.892585e-28   504
  7.964966e-01   1.197539e-26   1.535327e-04   7.200753e-28   312
  7.975815e-01   1.072894e-26   2.474127e-04   5.889022e-28   492
  7.985417e-01   1.359133e-26   2.318919e-04   9.393209e-28   312
  7.997779e-01   9.237109e-27   3.766899e-04   4.560749e-28   576
  8.008661e-01   1.052290e-26   3.477153e-04   7.112170e-28   336
  8.017699e-01   7.907747e-27   2.677247e-04   6.437916e-28   240
  8.030228e-01   1.150675e-26   3.549351e-04   6.108595e-28   468
  8.041047e-01   1.081206e-26   2.222407e-04   8.379947e-28   192
  8.052370e-01   9.509993e-27   2.229031e-04   6.244832e-28   324
  8.060669e-01   1.018475e-26   1.617794e-04   5.034697e-28   600
  8.071978e-01   1.012328e-26   2.624704e-04   6.018383e-28   456
  8.080377e-01   9.717147e-27   1.180592e-04   7.558841e-28   336
  8.094297e-01   1.081917e-26   3.535027e-04   5.471547e-28   612
  8.104424e-01   6.561913e-27   2.966749e-04   5.394213e-28   144
  8.114002e-01   9.171818e-27   3.462957e-04   4.442078e-28   552
  8.127025e-01   5.720102e-27   1.363755e-04   3.363687e-28   264
  8.134384e-01   1.032206e-26   3.157441e-04   6.077427e-28   336
  8.145992e-01   7.125543e-27   2.086329e-04   5.263543e-28   384
  8.156059e-01   7.800823e-27   1.174397e-04   6.074364e-28   216
  8.167203e-01   7.559730e-27   2.489964e-04   4.813901e-28   344
  8.177364e-01   6.940846e-27   3.715143e-04   4.710275e-28   408
  8.189746e-01   6.642121e-27   2.854845e-04   4.466898e-28   264
  8.200718e-01   8.680120e-27   3.979796e-04   4.420621e-28   612
  8.211681e-01   8.535512e-27   2.048307e-04   6.316704e-28   408
  8.222956e-01   7.573569e-27   2.051251e-04   4.916826e-28   444
  8.231239e-01   1.180399e-26   1.147249e-04   1.378672e-27   120
  8.242338e-01   8.186902e-27   3.169640e-04   6.314721e-28   336
  8.250576e-01   6.378041e-27   1.101437e-04   4.031111e-28   288
  8.261708e-01   7.156454e-27   3.427692e-04   3.728492e-28   552
  8.277012e-01   7.895406e-27   1.835347e-08   1.062583e-27   72
  8.284882e-01   5.791501e-27   3.404572e-04   3.836550e-28   504
  8.294074e-01   4.565731e-27   1.095558e-04   3.681745e-28   216
  8.305983e-01   5.630526e-27   1.956043e-04   3.477598e-28   312
  8.316675e-01   5.659251e-27   2.227263e-04   4.040463e-28   336
  8.326865e-01   5.249876e-27   3.087236e-04   4.080618e-28   204
  8.337014e-01   7.858906e-27   3.587838e-04   4.103500e-28   504
  8.347777e-01   7.456504e-27   3.416652e-04   4.677560e-28   396
  8.358127e-01   7.771649e-27   3.133249e-04   7.000344e-28   312
  8.370674e-01   8.686691e-27   1.914750e-04   7.168890e-28   216
  8.379516e-01   6.124396e-27   1.039172e-04   5.028992e-28   168
  8.390260e-01   5.351820e-27   2.623966e-04   2.679426e-28   588
  8.402521e-01   5.413019e-27   3.561727e-04   4.497603e-28   240
  8.412047e-01   4.969824e-27   3.145601e-04   6.202191e-28   264
  8.423219e-01   5.095022e-27   3.890183e-04   3.657802e-28   288
  8.433131e-01   5.564235e-27   1.942596e-04   4.101733e-28   288
  8.445693e-01   4.058033e-27   1.824406e-04   2.745825e-28   288
  8.454153e-01   3.843294e-27   2.113423e-04   3.171225e-28   192
  8.464795e-01   3.771908e-27   2.248894e-04   2.738045e-28   264
  8.474933e-01   8.473215e-27   3.699119e-04   5.062617e-28   372
  8.485844e-01   6.290232e-27   3.995208e-04   4.399609e-28   360
  8.499161e-01   7.943186e-27   1.690810e-04   1.053467e-27   144
  8.506044e-01   4.210568e-27   2.348461e-04   2.951691e-28   296
  8.516909e-01   4.915249e-27   2.530345e-04   3.801334e-28   288
  8.529347e-01   4.391964e-27   3.781537e-04   2.307286e-28   480
  8.540076e-01   4.149218e-27   3.142096e-04   4.896052e-28   192
  8.550509e-01   4.789031e-27   3.370327e-04   4.241556e-28   192
  8.559992e-01   4.681206e-27   2.147949e-04   5.202282e-28   288
  8.573180e-01   2.020988e-27   1.869760e-04   1.553038e-28   108
  8.579823e-01   4.711251e-27   1.797545e-04   3.797599e-28   240
  8.591554e-01   3.664138e-27   3.353363e-04   2.942189e-28   384
  8.603605e-01   4.410770e-27   4.090723e-04   4.430895e-28   108
  8.614261e-01   5.907734e-27   2.398466e-04   4.143671e-28   348
  8.625466e-01   4.511896e-27   2.503134e-04   3.822964e-28   312
  8.635474e-01   4.340856e-27   2.432319e-04   7.526731e-28   96
  8.644677e-01   3.127913e-27   3.238194e-04   2.230562e-28   384
  8.654984e-01   3.872640e-27   2.227222e-04   3.928830e-28   144
  8.665066e-01   4.321422e-27   3.422225e-04   2.721278e-28   408
  8.677598e-01   2.646234e-27   1.526554e-04   2.153893e-28   144
  8.689437e-01   3.281480e-27   2.934816e-04   3.141069e-28   192
  8.696459e-01   4.131902e-27   3.303190e-04   3.908421e-28   144
  8.707904e-01   2.995749e-27   2.685615e-04   2.858849e-28   144
  8.718702e-01   3.678016e-27   3.282257e-04   2.682363e-28   336
  8.731927e-01   2.388963e-27   2.428454e-04   2.186751e-28   240
  8.740312e-01   2.923198e-27   1.102739e-04   3.165804e-28   96
  8.752007e-01   4.937901e-27   3.233803e-04   3.987026e-28   372
  8.763838e-01   5.458097e-27   3.846540e-04   9.698562e-28   132
  8.774230e-01   2.507138e-27   2.380193e-04   2.065067e-28   264
  8.783527e-01   3.982283e-27   1.827880e-04   5.640909e-28   168
  8.793449e-01   3.657304e-27   2.922429e-04   3.391680e-28   216
  8.802213e-01   2.699692e-27   1.787978e-04   3.289433e-28   216
  8.814979e-01   1.855504e-27   3.280196e-04   1.617138e-28   96
  8.826561e-01   3.780471e-27   2.140028e-04   4.882509e-28   120
  8.837183e-01   2.471176e-27   2.720578e-04   2.065341e-28   216
  8.845934e-01   2.273593e-27   1.188902e-04   1.948335e-28   200
  8.857519e-01   2.535225e-27   3.077557e-04   1.683521e-28   288
  8.872378e-01   2.134668e-27   8.097649e-05   2.070685e-28   144
  8.878635e-01   2.150323e-27   2.519939e-04   2.426282e-28   168
  8.891412e-01   4.794523e-27   2.835956e-04   8.098214e-28   159
  8.901386e-01   2.553853e-27   2.975600e-04   2.133559e-28   174
  8.911039e-01   2.526632e-27   2.698170e-04   2.156824e-28   144
  8.923678e-01   3.025425e-27   1.557998e-04   2.680257e-28   222
  8.932131e-01   2.095547e-27   1.572158e-04   2.559961e-28   168
  8.946732e-01   7.253554e-27   3.448346e-04   2.670888e-27   30
  8.952763e-01   1.660431e-27   3.044637e-04   1.732281e-28   72
  8.964123e-01   2.097297e-27   2.717302e-04   1.628442e-28   258
  8.976612e-01   1.823215e-27   1.701916e-04   1.018597e-28   264
  8.982857e-01   1.771087e-27   0.000000e+00   2.353667e-28   72
  8.995871e-01   1.529543e-27   3.373270e-04   1.427221e-28   174
  9.007654e-01   1.648088e-27   3.591909e-04   1.635122e-28   168
  9.017127e-01   8.466445e-28   1.123916e-08   1.166750e-28   48
  9.027297e-01   1.666280e-27   2.028435e-04   1.443457e-28   150
  9.039088e-01   2.417759e-27   3.731453e-04   1.796742e-28   168
  9.050911e-01   1.490768e-27   2.273028e-04   1.552739e-28   144
  9.061784e-01   2.096362e-27   2.123525e-04   2.493238e-28   102
  9.069882e-01   1.366907e-27   3.143182e-04   1.775196e-28   96
  9.082731e-01   1.237045e-27   3.119397e-04   1.182638e-28   120
  9.092246e-01   9.351351e-28   3.345635e-04   7.554400e-29   168
  9.102538e-01   2.356013e-27   2.470487e-04   2.273511e-28   126
  9.111308e-01   1.630652e-27   1.863241e-04   1.466101e-28   168
  9.123389e-01   8.810728e-28   2.987709e-04   9.162285e-29   72
  9.133947e-01   1.257119e-27   3.741278e-04   8.208363e-29   168
  9.143196e-01   1.955433e-27   1.025668e-04   4.229531e-28   78
  9.155870e-01   7.861212e-28   1.684070e-04   9.409164e-29   60
  9.166075e-01   2.905552e-27   2.731835e-04   4.023455e-28   96
  9.176659e-01   1.745723e-27   3.314854e-04   1.514654e-28   168
  9.186605e-01   1.146417e-27   2.097511e-04   1.240066e-28   86
  9.197042e-01   1.055461e-27   1.874678e-04   9.717963e-29   120
  9.212002e-01   7.429724e-28   1.336894e-04   5.679881e-29   168
  9.220069e-01   7.514350e-28   0.000000e+00   1.350626e-28   48
  9.230934e-01   1.803817e-27   2.435676e-04   2.088622e-28   120
  9.237177e-01   1.218709e-27   1.776924e-04   1.631528e-28   126
  9.252418e-01   1.304255e-27   3.125113e-04   1.198581e-28   96
  9.262310e-01   1.033126e-27   9.011285e-05   9.396969e-29   96
  9.270111e-01   1.096359e-27   0.000000e+00   1.260610e-28   72
  9.286731e-01   1.149493e-27   1.123916e-08   2.417341e-28   24
  9.297104e-01   1.262414e-27   1.854501e-04   1.477970e-28   120
  9.305196e-01   1.378142e-27   2.705147e-04   1.495385e-28   126
  9.314194e-01   7.006287e-28   2.255107e-04   6.469562e-29   96
  9.324708e-01   6.245456e-28   3.897482e-04   6.742746e-29   72
  9.336415e-01   8.177738e-28   1.685792e-04   6.327684e-29   144
  9.346046e-01   8.278821e-28   9.723254e-05   1.045958e-28   72
  9.355666e-01   1.308316e-27   1.942081e-04   2.360226e-28   54
  9.364132e-01   9.820528e-28   1.711436e-04   1.084297e-28   108
  9.381728e-01   8.325291e-28   1.677650e-04   7.808534e-29   72
  9.387206e-01   1.144792e-27   9.680617e-05   1.361358e-28   72
  9.400202e-01   1.249203e-27   1.946680e-08   1.382930e-28   24
  9.412498e-01   6.015257e-28   2.047976e-04   7.780118e-29   48
  9.419964e-01   8.362290e-28   1.560029e-04   1.397755e-28   102
  9.431203e-01   7.436621e-28   3.528137e-04   5.891837e-29   168
  9.445889e-01   8.087696e-28   1.924163e-04   9.280929e-29   72
  9.451330e-01   4.856383e-28   0.000000e+00   5.543070e-29   48
  9.462744e-01   7.758821e-28   3.309678e-04   8.201863e-29   120
  9.477807e-01   8.147346e-28   2.033864e-04   8.691000e-29   96
  9.492033e-01   1.117424e-27   2.202416e-08   2.257546e-28   30
  9.508942e-01   8.392050e-28   9.555995e-05   1.298114e-28   72
  9.516372e-01   8.279317e-28   1.123916e-08   2.240377e-28   24
  9.525916e-01   4.072171e-28   1.416435e-04   5.502290e-29   56
  9.536606e-01   5.470491e-28   2.021324e-04   5.079172e-29   96
  9.549399e-01   7.324142e-28   2.232036e-04   6.193237e-29   144
  9.559263e-01   7.158533e-28   1.267263e-04   1.383169e-28   54
  9.573592e-01   5.980688e-28   1.898493e-04   4.513119e-29   108
  9.588012e-01   8.954703e-28   1.005243e-04   1.172168e-28   48
  9.601739e-01   5.001787e-28   3.785063e-04   5.803490e-29   72
  9.634680e-01   9.590526e-28   2.500803e-04   1.104825e-28   78
  9.643808e-01   4.511991e-28   1.884669e-04   5.583983e-29   72
  9.654462e-01   4.490947e-28   1.882329e-04   5.520952e-29   72
  9.665603e-01   3.753853e-28   4.542266e-04   3.264661e-29   96
  9.674408e-01   4.593391e-28   1.878449e-04   4.676265e-29   72
  9.685029e-01   5.595444e-28   0.000000e+00   1.349045e-28   24
  9.695638e-01   5.631809e-28   3.748416e-04   4.824663e-29   72
  9.719599e-01   8.187126e-28   2.380359e-04   1.817007e-28   30
  9.724755e-01   7.660097e-28   0.000000e+00   7.935120e-29   24
  9.752466e-01   4.450517e-28   1.976584e-04   5.696996e-29   48
  9.761159e-01   4.385020e-28   4.253608e-04   3.691449e-29   120
  9.772870e-01   5.152912e-28   1.859776e-04   5.313135e-29   72
  9.784697e-01   3.985562e-28   1.857528e-04   5.350456e-29   36
  9.792826e-01   5.214405e-28   3.671339e-04   6.064583e-29   78
  9.815513e-01   5.033635e-28   1.963888e-04   6.437379e-29   48
  9.844928e-01   6.921285e-28   1.589457e-08   9.394010e-29   24
  9.865884e-01   4.281813e-28   1.367612e-04   5.377704e-29   56
  9.876436e-01   4.445804e-28   2.104496e-04   5.360759e-29   102
  9.889860e-01   4.202814e-28   1.498555e-08   4.187561e-29   72
  9.897653e-01   3.544124e-28   0.000000e+00   8.427500e-29   24
  9.911277e-01   4.493240e-28   1.944913e-04   4.340516e-29   48
  9.936528e-01   6.070421e-28   0.000000e+00   1.104210e-28   24
  9.967520e-01   9.969675e-28   0.000000e+00   1.338125e-28   6
  9.977185e-01   3.444390e-28   0.000000e+00   6.879438e-29   24
  9.983623e-01   3.145941e-28   1.820511e-04   3.727943e-29   72
  9.995384e-01   3.935486e-28   3.396336e-04   4.114465e-29   84
  1.000805e+00   3.111554e-28   0.000000e+00   6.044199e-29   24
  1.001190e+00   3.184998e-28   1.589457e-08   5.923385e-29   24
  1.003114e+00   4.321044e-28   1.123916e-08   7.566279e-29   24
  1.005800e+00   1.407209e-28   0.000000e+00   4.637986e-29   6
  1.009244e+00   2.653487e-28   1.910001e-04   3.241468e-29   48
  1.010072e+00   2.697692e-28   3.598129e-04   3.261941e-29   72
  1.011152e+00   3.313909e-28   1.906396e-04   4.705222e-29   48
  1.012867e+00   2.400365e-28   0.000000e+00   2.668866e-29   24
  1.015148e+00   5.661037e-28   1.123916e-08   1.425852e-28   6
  1.020262e+00   3.958883e-28   0.000000e+00   6.901594e-29   8
  1.020640e+00   2.795087e-28   1.123916e-08   3.878008e-29   48
  1.021546e+00   2.662382e-28   1.848806e-04   2.663871e-29   60
  1.022904e+00   3.032834e-28   0.000000e+00   4.745434e-29   24
  1.024787e+00   3.295653e-28   0.000000e+00   1.522473e-28   6
  1.031723e+00   3.821344e-28   0.000000e+00   4.783368e-29   24
  1.032283e+00   2.600524e-28   1.867372e-04   2.856896e-29   48
  1.033217e+00   1.847222e-28   0.000000e+00   3.646604e-29   24
  1.034708e+00   5.028647e-28   1.123916e-08   1.453693e-28   6
  1.043181e+00   1.570211e-28   1.742080e-04   2.857280e-29   36
  1.043797e+00   3.746907e-28   0.000000e+00   4.722654e-29   24
  1.044904e+00   1.013155e-28   0.000000e+00   1.381577e-29   6
  1.054545e+00   2.206727e-28   1.583190e-04   3.343445e-29   32
  1.055367e+00   7.575104e-28   1.123916e-08   1.386160e-28   6
  1.065728e+00   1.985449e-28   0.000000e+00   3.148084e-29   12
  1.066089e+00   1.934374e-28   0.000000e+00   7.339349e-29   6
  1.077063e+00   2.269712e-28   1.589457e-08   8.118848e-30   6
