# power spectrum of phi
# redshift z=50.000000
# k              Pk             sigma(k)       sigma(Pk)      count
  1.963495e-02   1.480668e-10   0.000000e+00   5.395096e-11   6
  2.776802e-02   2.204755e-10   0.000000e+00   4.865715e-11   12
  3.400874e-02   1.138390e-10   3.725290e-10   3.222304e-11   8
  3.926991e-02   9.614851e-11   0.000000e+00   2.767973e-11   6
  4.390509e-02   7.077346e-11   0.000000e+00   9.308467e-12   24
  4.809562e-02   6.402148e-11   7.024475e-10   1.257575e-11   24
  5.553604e-02   1.596437e-11   0.000000e+00   3.987618e-12   12
  5.890486e-02   4.590229e-11   7.947286e-10   5.682903e-12   30
  6.209118e-02   2.792440e-11   0.000000e+00   4.968605e-12   24
  6.512178e-02   3.176066e-11   1.216675e-09   6.656431e-12   24
  6.801748e-02   6.169500e-11   7.450581e-10   2.291659e-11   8
  7.079483e-02   2.188861e-11   9.934107e-10   4.246840e-12   24
  7.346727e-02   2.317849e-11   0.000000e+00   2.734016e-12   48
  7.853982e-02   1.501361e-11   0.000000e+00   1.670313e-12   6
  8.095699e-02   2.535577e-11   1.404895e-09   2.794214e-12   48
  8.330406e-02   2.432396e-11   0.000000e+00   3.579613e-12   36
  8.558678e-02   1.204285e-11   9.934107e-10   2.757415e-12   24
  8.781018e-02   1.615276e-11   0.000000e+00   2.267173e-12   24
  8.997866e-02   1.369662e-11   0.000000e+00   1.700289e-12   48
  9.209610e-02   2.500648e-11   1.404895e-09   4.616728e-12   24
  9.619124e-02   1.383199e-11   1.404895e-09   2.794648e-12   24
  9.817477e-02   1.471242e-11   0.000000e+00   2.310060e-12   30
  1.001190e-01   1.439196e-11   0.000000e+00   1.427244e-12   72
  1.020262e-01   1.479718e-11   1.490116e-09   2.156486e-12   32
  1.057375e-01   9.975011e-12   0.000000e+00   1.691046e-12   72
  1.075451e-01   1.041286e-11   0.000000e+00   1.266096e-12   48
  1.110721e-01   4.500946e-12   0.000000e+00   9.395254e-13   12
  1.127942e-01   1.158239e-11   0.000000e+00   1.519651e-12   48
  1.144905e-01   1.089759e-11   0.000000e+00   1.588580e-12   48
  1.161620e-01   6.976995e-12   1.404895e-09   1.016954e-12   48
  1.178097e-01   7.644487e-12   1.589457e-09   1.014209e-12   30
  1.194348e-01   7.592359e-12   1.404895e-09   1.193482e-12   24
  1.210380e-01   7.887342e-12   2.961779e-09   8.016728e-13   72
  1.241824e-01   6.376223e-12   0.000000e+00   2.279506e-12   24
  1.257251e-01   9.954115e-12   0.000000e+00   9.362072e-13   96
  1.272490e-01   5.197002e-12   0.000000e+00   9.389036e-13   48
  1.287550e-01   6.889957e-12   2.433349e-09   1.174371e-12   24
  1.302436e-01   1.225331e-11   2.433349e-09   2.360560e-12   24
  1.317153e-01   7.679336e-12   0.000000e+00   1.027947e-12   72
  1.331707e-01   8.074046e-12   0.000000e+00   1.144060e-12   48
  1.360350e-01   1.112718e-11   1.490116e-09   3.098779e-12   8
  1.374447e-01   6.174557e-12   1.766064e-09   6.171753e-13   54
  1.388401e-01   6.219461e-12   0.000000e+00   7.240068e-13   84
  1.402216e-01   5.024073e-12   0.000000e+00   6.649002e-13   48
  1.415897e-01   5.494713e-12   1.986821e-09   1.561703e-12   24
  1.429446e-01   5.756133e-12   1.873193e-09   6.288630e-13   72
  1.442869e-01   5.448423e-12   0.000000e+00   4.490041e-13   96
  1.469345e-01   6.164544e-12   0.000000e+00   6.908324e-13   48
  1.482407e-01   5.460124e-12   0.000000e+00   5.782054e-13   48
  1.495354e-01   5.735497e-12   1.986821e-09   1.365441e-12   24
  1.508189e-01   4.116027e-12   0.000000e+00   5.145783e-13   72
  1.533539e-01   5.064306e-12   1.873193e-09   6.641299e-13   72
  1.546058e-01   3.325022e-12   0.000000e+00   3.093186e-13   96
  1.570796e-01   8.243196e-13   0.000000e+00   4.480401e-13   6
  1.583021e-01   3.238133e-12   0.000000e+00   3.686741e-13   96
  1.595151e-01   3.908608e-12   1.986821e-09   3.048755e-13   96
  1.607190e-01   2.877453e-12   0.000000e+00   2.164209e-13   24
  1.619140e-01   3.795698e-12   2.809790e-09   5.856334e-13   48
  1.631002e-01   2.821952e-12   0.000000e+00   2.730657e-13   96
  1.642778e-01   3.340747e-12   0.000000e+00   3.808733e-13   48
  1.666081e-01   2.838909e-12   0.000000e+00   5.411354e-13   36
  1.677611e-01   2.428987e-12   3.441276e-09   3.956939e-13   48
  1.689063e-01   3.098140e-12   3.893359e-09   2.343928e-13   120
  1.700437e-01   3.163976e-12   0.000000e+00   3.932844e-13   56
  1.711736e-01   2.352845e-12   1.986821e-09   5.262365e-13   24
  1.722960e-01   2.969035e-12   0.000000e+00   3.020576e-13   96
  1.734112e-01   3.316240e-12   0.000000e+00   4.570987e-13   48
  1.756204e-01   2.554697e-12   0.000000e+00   5.105157e-13   24
  1.767146e-01   3.549574e-12   0.000000e+00   2.830438e-13   102
  1.778021e-01   3.892244e-12   0.000000e+00   7.002682e-13   48
  1.788829e-01   4.546259e-12   0.000000e+00   4.148427e-13   72
  1.799573e-01   2.956636e-12   0.000000e+00   4.536123e-13   48
  1.810253e-01   3.276975e-12   0.000000e+00   4.809571e-13   48
  1.820871e-01   2.932091e-12   4.495664e-09   2.841314e-13   120
  1.841922e-01   2.126898e-12   2.809790e-09   4.065945e-13   24
  1.852358e-01   2.982942e-12   2.649095e-09   2.243314e-13   144
  1.862735e-01   3.332723e-12   3.178914e-09   3.169739e-13   120
  1.873055e-01   2.592763e-12   2.809790e-09   3.119184e-13   48
  1.893526e-01   2.843992e-12   2.809790e-09   4.225634e-13   48
  1.903679e-01   2.664417e-12   2.809790e-09   2.444828e-13   96
  1.930487e-01   2.377398e-12   4.711199e-04   2.662515e-13   72
  1.943761e-01   2.638446e-12   3.532127e-09   2.686860e-13   108
  1.953653e-01   2.156064e-12   0.000000e+00   1.999205e-13   72
  1.963495e-01   2.586435e-12   0.000000e+00   3.509552e-13   30
  1.973288e-01   2.326378e-12   0.000000e+00   1.897891e-13   168
  1.983033e-01   2.315107e-12   0.000000e+00   3.182193e-13   48
  2.002380e-01   2.280060e-12   0.000000e+00   2.501348e-13   72
  2.011984e-01   2.484949e-12   0.000000e+00   2.645851e-13   96
  2.021542e-01   2.273421e-12   5.298191e-09   2.744953e-13   72
  2.031055e-01   1.893353e-12   0.000000e+00   1.694473e-13   72
  2.047049e-01   1.775116e-12   4.350048e-04   1.728812e-13   104
  2.059331e-01   2.365075e-12   3.746387e-09   1.828379e-13   144
  2.087224e-01   2.404807e-12   6.282881e-09   2.594024e-13   96
  2.096439e-01   1.811075e-12   0.000000e+00   1.743246e-13   96
  2.111095e-01   1.775998e-12   4.475232e-04   1.566590e-13   120
  2.123845e-01   1.513937e-12   0.000000e+00   1.502211e-13   120
  2.132902e-01   2.145886e-12   0.000000e+00   2.595450e-13   72
  2.150901e-01   2.346071e-12   0.000000e+00   2.902723e-13   48
  2.159845e-01   1.659618e-12   4.235416e-09   1.895744e-13   78
  2.171286e-01   1.481061e-12   4.007142e-04   1.224214e-13   168
  2.195255e-01   1.637028e-12   3.746387e-09   1.407757e-13   144
  2.204018e-01   1.596464e-12   3.746387e-09   1.112407e-13   144
  2.229436e-01   1.951452e-12   2.307791e-04   1.490919e-13   156
  2.238729e-01   1.489705e-12   4.866699e-09   2.358904e-13   48
  2.247323e-01   1.523927e-12   3.178914e-09   1.799738e-13   120
  2.255884e-01   1.743332e-12   0.000000e+00   2.166404e-13   48
  2.271022e-01   1.312236e-12   3.532495e-04   8.271673e-14   216
  2.289809e-01   1.147617e-12   0.000000e+00   1.631233e-13   48
  2.298212e-01   1.239438e-12   2.809790e-09   1.689312e-13   96
  2.310160e-01   1.223049e-12   4.128272e-04   1.284837e-13   168
  2.323239e-01   1.314447e-12   2.809790e-09   1.801430e-13   48
  2.331522e-01   1.154769e-12   0.000000e+00   1.207076e-13   96
  2.339775e-01   1.092437e-12   0.000000e+00   1.950663e-13   48
  2.356194e-01   1.187306e-12   3.178914e-09   1.417888e-13   30
  2.364362e-01   1.634748e-12   2.809790e-09   2.089745e-13   96
  2.374123e-01   1.087748e-12   3.244455e-04   6.469216e-14   240
  2.386674e-01   1.784648e-12   3.500299e-04   3.424158e-13   32
  2.396752e-01   1.060679e-12   0.000000e+00   7.323236e-14   168
  2.404781e-01   1.439992e-12   0.000000e+00   1.138191e-13   120
  2.420760e-01   1.469890e-12   5.923557e-09   1.704596e-13   72
  2.428710e-01   1.473729e-12   3.746387e-09   1.421338e-13   144
  2.436634e-01   1.140721e-12   0.000000e+00   1.354864e-13   96
  2.444532e-01   9.172205e-13   0.000000e+00   7.953319e-14   96
  2.460253e-01   1.358636e-12   4.588368e-09   1.315528e-13   72
  2.468075e-01   1.281431e-12   3.973643e-09   1.418432e-13   96
  2.483647e-01   1.092426e-12   0.000000e+00   2.085333e-13   24
  2.491396e-01   1.111703e-12   0.000000e+00   7.714393e-14   192
  2.500522e-01   9.566970e-13   2.970416e-04   6.997840e-14   132
  2.514501e-01   1.148275e-12   0.000000e+00   1.408172e-13   96
  2.522156e-01   8.374093e-13   0.000000e+00   8.580166e-14   96
  2.529787e-01   9.699901e-13   3.178914e-09   8.667181e-14   120
  2.544981e-01   9.533027e-13   0.000000e+00   1.108806e-13   48
  2.557435e-01   1.042819e-12   3.599905e-04   7.396501e-14   222
  2.567603e-01   8.362178e-13   0.000000e+00   8.556422e-14   120
  2.575100e-01   1.096842e-12   4.866699e-09   1.652010e-13   24
  2.586015e-01   1.067037e-12   3.715625e-04   7.071753e-14   312
  2.609797e-01   9.367270e-13   3.483547e-04   9.593917e-14   72
  2.619630e-01   1.039964e-12   2.809790e-09   1.045935e-13   96
  2.629726e-01   1.123775e-12   3.547511e-04   7.032049e-14   192
  2.641613e-01   8.133330e-13   4.495664e-09   5.743575e-14   120
  2.648900e-01   8.708257e-13   0.000000e+00   7.264864e-14   144
  2.663415e-01   7.354765e-13   0.000000e+00   1.376713e-13   48
  2.673732e-01   8.711541e-13   3.567146e-04   4.415435e-14   336
  2.685040e-01   9.510882e-13   0.000000e+00   1.215038e-13   48
  2.699360e-01   9.358646e-13   0.000000e+00   5.396912e-14   192
  2.706492e-01   8.731145e-13   0.000000e+00   1.063755e-13   48
  2.726764e-01   6.618472e-13   2.476067e-04   7.779872e-14   56
  2.736844e-01   8.387930e-13   3.180112e-04   4.342734e-14   336
  2.748894e-01   9.463223e-13   3.532127e-09   1.235984e-13   54
  2.759390e-01   8.319250e-13   3.492904e-04   4.576394e-14   240
  2.781181e-01   7.281458e-13   3.344484e-04   4.527277e-14   228
  2.790651e-01   8.247466e-13   3.746387e-09   8.864653e-14   72
  2.799844e-01   9.232733e-13   3.244231e-04   9.392111e-14   144
  2.811298e-01   7.913632e-13   0.000000e+00   9.035503e-14   96
  2.818146e-01   7.718977e-13   4.495664e-09   5.481295e-14   240
  2.831793e-01   4.362124e-13   3.973643e-09   1.040761e-13   24
  2.840530e-01   7.573123e-13   3.064151e-04   3.929739e-14   336
  2.852142e-01   7.207956e-13   0.000000e+00   9.282096e-14   72
  2.862741e-01   7.035751e-13   3.332831e-04   5.563256e-14   168
  2.872346e-01   8.569554e-13   0.000000e+00   1.076549e-13   72
  2.885737e-01   7.320492e-13   0.000000e+00   7.148445e-14   96
  2.896108e-01   5.690725e-13   3.307829e-04   3.981609e-14   216
  2.905708e-01   8.049996e-13   3.973643e-09   7.544990e-14   96
  2.918946e-01   7.938087e-13   0.000000e+00   5.642592e-14   192
  2.925542e-01   7.762562e-13   3.746387e-09   6.162698e-14   144
  2.938691e-01   5.846874e-13   0.000000e+00   7.740523e-14   48
  2.947794e-01   6.580972e-13   3.189136e-04   3.437076e-14   246
  2.960164e-01   7.383829e-13   2.940434e-04   5.192138e-14   168
  2.971308e-01   6.114793e-13   5.506041e-09   5.285291e-14   120
  2.977788e-01   5.414353e-13   0.000000e+00   3.018869e-14   240
  2.990707e-01   5.513783e-13   3.973643e-09   7.585062e-14   24
  3.001001e-01   6.277840e-13   3.147475e-04   3.386802e-14   360
  3.013820e-01   7.057418e-13   3.134082e-04   5.173753e-14   120
  3.022763e-01   5.923816e-13   0.000000e+00   4.711427e-14   144
  3.029133e-01   5.703931e-13   0.000000e+00   4.910188e-14   96
  3.048165e-01   6.140413e-13   0.000000e+00   4.528803e-14   144
  3.054482e-01   5.309199e-13   0.000000e+00   3.602596e-14   132
  3.063360e-01   5.544704e-13   3.093292e-04   4.152552e-14   176
  3.076248e-01   6.170069e-13   3.123602e-04   3.916988e-14   312
  3.092116e-01   6.439663e-13   0.000000e+00   6.838740e-14   96
  3.098343e-01   5.489475e-13   0.000000e+00   4.108303e-14   144
  3.107899e-01   5.935892e-13   3.092271e-04   3.556183e-14   312
  3.123131e-01   4.061055e-13   0.000000e+00   4.619522e-14   48
  3.129297e-01   5.608237e-13   3.973643e-09   3.476032e-14   192
  3.141593e-01   8.728448e-13   0.000000e+00   2.843042e-13   6
  3.149762e-01   5.656710e-13   2.884066e-04   3.400175e-14   288
  3.162994e-01   6.113288e-13   3.047203e-04   3.862233e-14   192
  3.172124e-01   5.335374e-13   9.345130e-09   3.491987e-14   216
  3.178195e-01   4.708044e-13   0.000000e+00   4.648950e-14   72
  3.193321e-01   4.712277e-13   3.018264e-04   3.281653e-14   192
  3.203366e-01   4.755733e-13   2.241224e-04   2.906023e-14   288
  3.214381e-01   6.661837e-13   0.000000e+00   1.270354e-13   24
  3.222890e-01   4.992792e-13   2.952626e-04   2.233697e-14   456
  3.238280e-01   4.522712e-13   5.619580e-09   6.109442e-14   48
  3.247789e-01   5.432686e-13   2.908218e-04   3.753262e-14   240
  3.258718e-01   4.556602e-13   2.939082e-04   3.245503e-14   216
  3.267908e-01   3.739449e-13   0.000000e+00   4.579878e-14   72
  3.273801e-01   4.890699e-13   1.015467e-08   4.344271e-14   168
  3.290441e-01   4.737620e-13   2.184577e-04   2.713673e-14   288
  3.299773e-01   4.689682e-13   2.890570e-04   3.887675e-14   168
  3.314762e-01   4.540968e-13   0.000000e+00   3.180325e-14   192
  3.320572e-01   4.624023e-13   3.746387e-09   4.228984e-14   144
  3.332162e-01   4.936290e-13   0.000000e+00   7.940871e-14   36
  3.341991e-01   5.410653e-13   2.639705e-04   2.870461e-14   342
  3.351389e-01   4.653376e-13   2.710657e-04   3.632392e-14   144
  3.363470e-01   4.616737e-13   2.842800e-04   2.211994e-14   384
  3.378125e-01   4.098158e-13   7.786718e-09   4.002581e-14   120
  3.385379e-01   4.618168e-13   2.534951e-04   2.976992e-14   264
  3.395201e-01   3.922095e-13   1.256576e-08   3.081540e-14   192
  3.404451e-01   4.810245e-13   2.731894e-04   3.613494e-14   152
  3.412191e-01   4.486281e-13   7.492773e-09   3.735896e-14   144
  3.428472e-01   3.666386e-13   1.768108e-04   2.513033e-14   216
  3.436008e-01   4.447362e-13   2.362665e-04   2.487971e-14   312
  3.449274e-01   4.871783e-13   2.738281e-04   2.926334e-14   240
  3.457090e-01   3.882227e-13   3.973643e-09   3.428193e-14   96
  3.471927e-01   3.428327e-13   2.617995e-04   3.034553e-14   144
  3.481071e-01   3.957281e-13   2.573258e-04   1.821460e-14   456
  3.495904e-01   3.314840e-13   0.000000e+00   2.870318e-14   120
  3.501414e-01   4.132351e-13   0.000000e+00   3.684731e-14   144
  3.512407e-01   4.342555e-13   0.000000e+00   1.111806e-13   24
  3.519456e-01   3.413891e-13   2.473498e-04   2.194498e-14   336
  3.531645e-01   4.100813e-13   2.727931e-04   3.061463e-14   198
  3.543067e-01   3.775552e-13   2.652756e-04   1.926852e-14   432
  3.556041e-01   7.179229e-13   0.000000e+00   1.014915e-13   48
  3.562810e-01   3.153217e-13   2.341925e-04   1.664982e-14   384
  3.574963e-01   3.505745e-13   2.696052e-04   2.390048e-14   144
  3.585975e-01   4.070460e-13   2.676825e-04   2.721922e-14   264
  3.599147e-01   2.148534e-13   0.000000e+00   2.563455e-14   48
  3.607984e-01   3.241750e-13   2.545223e-04   2.161150e-14   276
  3.616510e-01   3.180803e-13   2.307176e-04   2.470160e-14   192
  3.627906e-01   3.593339e-13   2.592759e-04   1.588411e-14   552
  3.641741e-01   4.014038e-13   8.991328e-09   3.659319e-14   120
  3.649965e-01   2.608668e-13   2.624511e-04   1.493912e-14   216
  3.657587e-01   3.419939e-13   4.495664e-09   2.636889e-14   120
  3.671201e-01   3.040464e-13   2.584500e-04   1.457701e-14   408
  3.683844e-01   2.229710e-13   5.619580e-09   3.215407e-14   24
  3.691684e-01   3.153184e-13   2.610810e-04   1.766598e-14   384
  3.702633e-01   2.905138e-13   2.550855e-04   1.685739e-14   240
  3.712141e-01   2.728537e-13   2.569535e-04   2.037881e-14   168
  3.725471e-01   3.278071e-13   6.357829e-09   3.818757e-14   120
  3.734064e-01   3.393318e-13   2.678605e-04   1.720046e-14   350
  3.748037e-01   3.275615e-13   4.409502e-04   1.772014e-14   384
  3.756388e-01   3.772688e-13   0.000000e+00   4.152079e-14   144
  3.771752e-01   3.198643e-13   1.059638e-08   2.073728e-14   288
  3.779773e-01   3.047098e-13   2.524053e-04   1.761990e-14   336
  3.790686e-01   2.728995e-13   2.297941e-04   2.164513e-14   168
  3.797219e-01   3.051694e-13   4.541306e-09   1.864363e-14   336
  3.810732e-01   2.472700e-13   2.385126e-04   1.587455e-14   288
  3.818848e-01   3.606254e-13   2.247398e-04   2.255648e-14   264
  3.832590e-01   2.573244e-13   0.000000e+00   1.928820e-14   240
  3.837616e-01   2.687259e-13   7.947286e-09   2.524899e-14   96
  3.855656e-01   2.693832e-13   3.056310e-04   1.435068e-14   360
  3.864075e-01   3.188504e-13   2.253025e-04   3.212781e-14   168
  3.874713e-01   2.966060e-13   2.456032e-04   1.406794e-14   456
  3.887523e-01   4.082772e-13   7.064254e-09   5.090392e-14   108
  3.894728e-01   2.989443e-13   2.464311e-04   1.975358e-14   264
  3.903716e-01   2.935834e-13   2.198567e-04   1.781531e-14   264
  3.916025e-01   2.481157e-13   2.074668e-04   1.164319e-14   312
  3.931351e-01   2.662710e-13   1.541705e-04   1.586816e-14   270
  3.937775e-01   2.680798e-13   1.957388e-04   2.154130e-14   240
  3.949323e-01   2.729657e-13   2.421536e-04   1.505367e-14   384
  3.956334e-01   2.686695e-13   0.000000e+00   1.980653e-14   192
  3.969952e-01   2.503539e-13   1.942960e-04   1.808021e-14   240
  3.977852e-01   2.751008e-13   2.397927e-04   1.514335e-14   336
  3.992708e-01   2.504830e-13   2.413972e-04   1.138298e-14   480
  4.004761e-01   2.223711e-13   0.000000e+00   2.018583e-14   72
  4.011493e-01   2.530957e-13   2.353842e-04   1.865127e-14   240
  4.020650e-01   2.692194e-13   2.212289e-04   1.757289e-14   312
  4.031147e-01   2.422802e-13   2.390954e-04   1.371438e-14   240
  4.047009e-01   2.617693e-13   1.816506e-04   1.411593e-14   408
  4.053288e-01   2.246810e-13   1.663482e-04   1.310165e-14   336
  4.065560e-01   2.495974e-13   2.112212e-04   1.740669e-14   264
  4.071591e-01   2.078624e-13   0.000000e+00   1.575042e-14   144
  4.088370e-01   2.253792e-13   2.927651e-04   1.076912e-14   464
  4.097211e-01   2.348490e-13   2.328083e-04   1.700890e-14   168
  4.105939e-01   1.981525e-13   2.120376e-04   1.102770e-14   336
  4.121713e-01   2.263421e-13   2.227870e-04   1.041622e-14   414
  4.130606e-01   2.505332e-13   2.319080e-04   2.265529e-14   216
  4.141998e-01   2.081763e-13   5.619580e-09   2.298145e-14   96
  4.146649e-01   2.410958e-13   1.685874e-08   1.420916e-14   384
  4.162944e-01   2.213223e-13   2.314600e-04   1.101952e-14   492
  4.171676e-01   2.500847e-13   2.263480e-04   1.649117e-14   240
  4.181546e-01   2.050662e-13   2.298225e-04   1.050496e-14   312
  4.195176e-01   1.820287e-13   2.297469e-04   1.241465e-14   192
  4.203810e-01   1.845029e-13   2.226525e-04   8.446937e-15   504
  4.215265e-01   1.750997e-13   1.473998e-04   9.341982e-15   408
  4.224284e-01   2.093129e-13   4.515774e-04   1.618293e-14   168
  4.235571e-01   2.225200e-13   2.145032e-04   1.294904e-14   288
  4.245041e-01   2.180320e-13   2.238525e-04   1.339906e-14   288
  4.254743e-01   1.830804e-13   2.251410e-04   1.012366e-14   432
  4.268815e-01   2.050404e-13   2.129084e-04   1.597782e-14   216
  4.276334e-01   2.101042e-13   2.124592e-04   1.288440e-14   360
  4.289721e-01   2.107210e-13   2.073582e-04   1.171503e-14   312
  4.301803e-01   2.431030e-13   0.000000e+00   2.912343e-14   48
  4.308767e-01   1.727959e-13   2.223178e-04   8.333762e-15   432
  4.321240e-01   2.072438e-13   3.708284e-04   1.010361e-14   414
  4.328606e-01   1.816720e-13   1.956255e-08   1.080953e-14   312
  4.342347e-01   1.599269e-13   3.253813e-04   6.698054e-15   528
  4.351620e-01   2.180302e-13   1.707976e-04   1.349160e-14   264
  4.362761e-01   2.168728e-13   2.025191e-04   1.265210e-14   480
  4.377318e-01   1.823355e-13   0.000000e+00   1.189847e-14   288
  4.383604e-01   1.938980e-13   2.176005e-04   1.376635e-14   168
  4.395105e-01   1.826813e-13   3.444610e-04   8.851492e-15   504
  4.408036e-01   2.425158e-13   7.492773e-09   2.004568e-14   144
  4.416171e-01   1.805759e-13   2.212265e-04   9.168203e-15   464
  4.428396e-01   1.947133e-13   3.246624e-04   1.032446e-14   432
  4.434197e-01   2.137855e-13   5.619580e-09   1.888317e-14   192
  4.449189e-01   1.631273e-13   2.406833e-04   1.043486e-14   396
  4.458042e-01   1.538196e-13   2.162000e-04   8.647949e-15   288
  4.466990e-01   1.685518e-13   2.135686e-04   1.134277e-14   336
  4.481283e-01   1.748797e-13   1.352359e-04   8.323154e-15   432
  4.490354e-01   1.752992e-13   3.505126e-04   1.013349e-14   360
  4.500539e-01   1.828969e-13   2.073334e-04   1.163015e-14   384
  4.515004e-01   1.705073e-13   1.830116e-04   1.170582e-14   198
  4.521974e-01   1.653159e-13   2.080246e-04   7.593263e-15   552
  4.534970e-01   2.038001e-13   2.912202e-04   1.235079e-14   432
  4.545821e-01   1.734156e-13   0.000000e+00   1.401985e-14   168
  4.554927e-01   1.688608e-13   3.610065e-04   9.644884e-15   480
  4.566974e-01   1.841145e-13   0.000000e+00   2.200061e-14   120
  4.572396e-01   1.899937e-13   2.948545e-04   1.285150e-14   336
  4.585628e-01   1.487862e-13   2.080152e-04   7.573891e-15   672
  4.598711e-01   1.722801e-13   3.025866e-04   7.496180e-15   528
  4.604805e-01   1.277137e-13   9.082613e-09   8.856595e-15   168
  4.618883e-01   1.716800e-13   3.375333e-04   1.028908e-14   456
  4.627474e-01   1.676889e-13   2.061344e-04   1.313260e-14   168
  4.636392e-01   1.654395e-13   2.057643e-04   9.404683e-15   504
  4.651216e-01   1.166193e-13   2.647872e-04   8.394916e-15   336
  4.660180e-01   1.730366e-13   1.908802e-04   1.129395e-14   312
  4.670124e-01   1.566741e-13   1.865029e-04   7.402526e-15   504
  4.683210e-01   1.304456e-13   1.294009e-04   6.514180e-15   432
  4.689362e-01   1.566938e-13   1.999672e-04   9.971924e-15   312
  4.702151e-01   1.603179e-13   2.049761e-04   8.545611e-15   384
  4.715504e-01   1.383110e-13   1.741510e-04   1.456600e-14   126
  4.723748e-01   1.522381e-13   3.057676e-04   7.522043e-15   492
  4.734278e-01   1.608726e-13   1.958445e-04   8.847030e-15   528
  4.747438e-01   1.386900e-13   1.989360e-04   7.123679e-15   480
  4.755596e-01   1.769401e-13   2.748289e-04   8.744706e-15   432
  4.767402e-01   1.495641e-13   2.161166e-04   7.996438e-15   440
  4.781114e-01   1.504616e-13   1.074739e-04   9.749524e-15   312
  4.786259e-01   1.222628e-13   1.610586e-04   6.123600e-15   480
  4.796813e-01   1.532041e-13   3.153497e-04   8.845154e-15   408
  4.812233e-01   1.787176e-13   1.888588e-04   1.193315e-14   360
  4.818747e-01   1.326333e-13   1.822418e-04   8.398679e-15   408
  4.830820e-01   1.261757e-13   1.854542e-04   6.630952e-15   456
  4.844414e-01   1.518552e-13   1.772485e-04   1.118857e-14   264
  4.851959e-01   1.397747e-13   1.923591e-04   8.771776e-15   384
  4.862943e-01   1.275581e-13   3.238501e-04   6.105852e-15   672
  4.875640e-01   1.574482e-13   1.937042e-04   1.573377e-14   240
  4.882967e-01   1.245337e-13   1.965613e-04   7.914618e-15   264
  4.893308e-01   1.148192e-13   2.424259e-04   4.791173e-15   624
  4.908739e-01   1.190976e-13   0.000000e+00   9.408801e-15   150
  4.914232e-01   1.429548e-13   2.716574e-04   7.277196e-15   600
  4.925819e-01   1.386408e-13   1.874909e-04   6.754060e-15   672
  4.938939e-01   1.059177e-13   1.763484e-04   6.826238e-15   336
  4.946248e-01   1.656312e-13   1.918157e-04   8.929918e-15   408
  4.957926e-01   1.251321e-13   1.913639e-04   7.941678e-15   408
  4.970915e-01   1.289686e-13   9.676385e-05   7.903053e-15   360
  4.978921e-01   1.174904e-13   3.552857e-04   6.884753e-15   456
  4.988592e-01   1.249755e-13   1.932065e-04   7.400920e-15   384
  5.000902e-01   9.365363e-14   1.783541e-04   5.367964e-15   348
  5.007554e-01   1.319603e-13   2.198754e-04   6.750603e-15   576
  5.020050e-01   1.127594e-13   1.810385e-04   7.420200e-15   504
  5.032833e-01   1.132693e-13   2.553443e-04   5.625157e-15   432
  5.043991e-01   1.213526e-13   3.473946e-04   5.862240e-15   576
  5.051948e-01   1.109443e-13   0.000000e+00   8.034207e-15   264
  5.064571e-01   1.072504e-13   2.764393e-04   4.423971e-15   768
  5.075549e-01   7.747539e-14   3.721752e-04   5.220063e-15   240
  5.084277e-01   8.678383e-14   3.282233e-04   6.882830e-15   192
  5.096990e-01   1.028733e-13   2.416124e-04   4.666369e-15   504
  5.106418e-01   1.321867e-13   3.255818e-04   7.384101e-15   590
  5.115460e-01   1.307582e-13   3.647966e-04   7.957739e-15   384
  5.126798e-01   1.145591e-13   3.048625e-04   5.545583e-15   504
  5.140486e-01   1.230044e-13   2.933830e-04   6.993618e-15   648
  5.153764e-01   1.114452e-13   7.967896e-05   5.693073e-15   504
  5.159117e-01   1.218114e-13   1.817627e-04   7.904622e-15   312
  5.168569e-01   1.210216e-13   2.618753e-04   6.088029e-15   576
  5.181545e-01   1.182488e-13   1.822405e-04   1.032618e-14   240
  5.189109e-01   9.542449e-14   1.841453e-04   4.801184e-15   552
  5.199816e-01   1.102870e-13   1.729082e-04   6.613985e-15   600
  5.215067e-01   1.084754e-13   2.111937e-04   5.989619e-15   600
  5.224237e-01   8.464310e-14   3.382099e-04   4.948631e-15   312
  5.233368e-01   1.117351e-13   2.945474e-04   6.604903e-15   480
  5.244775e-01   8.447039e-14   1.837693e-04   4.420215e-15   576
  5.254818e-01   1.155994e-13   2.959085e-04   6.703795e-15   408
  5.263729e-01   6.513252e-14   3.451909e-04   4.263687e-15   216
  5.275243e-01   1.053959e-13   2.643774e-04   5.021460e-15   516
  5.287578e-01   1.054744e-13   2.522429e-04   4.659850e-15   744
  5.300304e-01   9.312478e-14   1.684760e-04   4.541577e-15   462
  5.307494e-01   9.793143e-14   1.712315e-04   6.569815e-15   432
  5.318647e-01   9.454696e-14   1.588547e-04   5.267175e-15   648
  5.331761e-01   9.251164e-14   2.324340e-04   5.552357e-15   528
  5.342295e-01   1.094861e-13   2.799086e-04   5.525472e-15   600
  5.352820e-01   1.046152e-13   3.528915e-04   9.778807e-15   240
  5.363014e-01   8.940717e-14   2.703115e-04   3.609163e-15   720
  5.374863e-01   1.066723e-13   2.138653e-04   5.487836e-15   720
  5.387997e-01   5.986229e-14   0.000000e+00   4.166944e-15   144
  5.394909e-01   9.867718e-14   2.757364e-04   4.525066e-15   720
  5.404742e-01   9.962446e-14   1.653370e-04   6.364629e-15   384
  5.417051e-01   9.317118e-14   1.832848e-04   4.194487e-15   672
  5.428730e-01   1.044173e-13   3.209115e-04   8.546463e-15   336
  5.434308e-01   8.816168e-14   0.000000e+00   6.505351e-15   288
  5.447967e-01   7.717020e-14   2.539800e-04   3.555437e-15   776
  5.460612e-01   8.314571e-14   2.173184e-04   3.553541e-15   720
  5.471231e-01   7.578678e-14   1.750659e-04   4.331196e-15   432
  5.479725e-01   8.400030e-14   2.495786e-04   4.846274e-15   504
  5.489174e-01   7.995518e-14   1.748652e-04   3.670021e-15   528
  5.502396e-01   9.294812e-14   2.382437e-04   5.897855e-15   438
  5.513273e-01   9.738420e-14   2.772938e-04   5.654746e-15   624
  5.521470e-01   1.044461e-13   3.396475e-04   8.577271e-15   312
  5.532738e-01   1.036460e-13   1.829935e-04   5.654490e-15   696
  5.544390e-01   9.745554e-14   1.655760e-04   5.995531e-15   552
  5.556509e-01   8.716723e-14   1.281006e-04   5.142027e-15   516
  5.564006e-01   9.575124e-14   2.558713e-04   5.584016e-15   528
  5.573133e-01   6.485890e-14   1.664001e-04   2.836974e-15   528
  5.586097e-01   8.351032e-14   2.194479e-04   4.295010e-15   864
  5.594897e-01   8.000515e-14   3.005985e-04   5.498424e-15   408
  5.603706e-01   9.079279e-14   2.978186e-04   6.321088e-15   192
  5.616191e-01   8.167507e-14   2.464592e-04   3.988467e-15   720
  5.626731e-01   7.200735e-14   2.272475e-04   2.866613e-15   696
  5.639255e-01   7.386226e-14   2.454294e-04   3.185916e-15   720
  5.650713e-01   8.755284e-14   3.326501e-04   5.418384e-15   432
  5.657395e-01   6.708517e-14   1.958109e-04   4.423611e-15   264
  5.669418e-01   7.824104e-14   2.704061e-04   4.013161e-15   672
  5.680171e-01   7.133031e-14   2.768544e-04   3.337551e-15   600
  5.692933e-01   6.381112e-14   1.620980e-04   4.933419e-15   270
  5.699366e-01   7.427220e-14   2.440026e-04   6.300759e-15   528
  5.709591e-01   8.856216e-14   1.670843e-04   4.522568e-15   840
  5.723613e-01   8.645716e-14   3.194952e-04   4.528276e-15   888
  5.736568e-01   7.805450e-14   2.380474e-04   4.057031e-15   744
  5.747517e-01   7.355723e-14   1.223216e-04   3.975944e-15   456
  5.752963e-01   1.157098e-13   1.671601e-04   9.095851e-15   360
  5.762282e-01   8.195411e-14   1.448348e-04   7.831055e-15   384
  5.776580e-01   7.549532e-14   2.323137e-04   3.342240e-15   816
  5.787308e-01   7.840509e-14   3.370546e-04   4.102845e-15   824
  5.800348e-01   7.027074e-14   1.566791e-04   4.890187e-15   360
  5.807331e-01   7.197598e-14   2.311994e-04   3.602164e-15   624
  5.816941e-01   7.064935e-14   1.562320e-04   5.160860e-15   360
  5.829744e-01   7.118126e-14   2.125215e-04   3.667110e-15   876
  5.841306e-01   6.658050e-14   2.524119e-04   3.087248e-15   696
  5.852967e-01   7.534594e-14   1.629911e-04   4.662206e-15   336
  5.859080e-01   8.018312e-14   1.628079e-04   4.896380e-15   504
  5.869176e-01   6.625408e-14   1.642187e-04   3.356241e-15   672
  5.884155e-01   6.612352e-14   3.269213e-04   2.842633e-15   720
  5.894543e-01   7.736317e-14   2.469541e-04   4.340953e-15   774
  5.906010e-01   8.963887e-14   1.413501e-04   7.997898e-15   384
  5.912015e-01   8.276573e-14   2.720183e-04   4.360549e-15   528
  5.921335e-01   8.060282e-14   2.592486e-04   4.068668e-15   744
  5.936327e-01   7.880659e-14   2.138251e-04   4.091965e-15   768
  5.946281e-01   7.297469e-14   2.400348e-04   4.351247e-15   552
  5.958700e-01   6.365814e-14   2.616108e-04   3.218316e-15   696
  5.967938e-01   8.779072e-14   3.179026e-04   5.688001e-15   408
  5.975272e-01   7.496308e-14   1.373364e-04   4.491629e-15   504
  5.986899e-01   6.529994e-14   2.467198e-04   2.865897e-15   888
  5.998339e-01   6.629289e-14   2.564132e-04   4.080961e-15   648
  6.010230e-01   7.089584e-14   2.542153e-04   4.087826e-15   648
  6.021418e-01   6.998693e-14   2.741064e-04   3.439927e-15   792
  6.033268e-01   5.675794e-14   4.010364e-04   3.096008e-15   600
  6.042000e-01   5.241963e-14   2.717856e-04   2.724341e-15   456
  6.051191e-01   6.902179e-14   1.324567e-04   4.270039e-15   648
  6.062996e-01   6.010499e-14   2.583099e-04   2.539198e-15   936
  6.075741e-01   8.295213e-14   1.586356e-04   5.432473e-15   384
  6.086836e-01   8.644560e-17   1.334798e-08   7.278702e-18   198
  6.095398e-01   8.307552e-17   4.024720e-04   2.631724e-18   1224
  6.104634e-01   7.575851e-17   2.931235e-04   3.908949e-18   420
  6.115558e-01   8.962523e-17   2.836822e-04   3.513025e-18   792
  6.126238e-01   9.462186e-17   2.345810e-04   4.286011e-18   680
  6.138428e-01   8.248720e-17   2.154033e-04   3.675306e-18   600
  6.148235e-01   8.725167e-17   3.123938e-04   3.575505e-18   840
  6.161330e-01   8.369734e-17   1.474979e-04   4.630152e-18   432
  6.166334e-01   7.808169e-17   1.382249e-04   3.141583e-18   720
  6.177213e-01   8.394767e-17   2.768404e-04   2.910001e-18   960
  6.190745e-01   8.695557e-17   2.467829e-04   4.182151e-18   528
  6.200634e-01   6.547786e-17   2.522592e-04   2.852246e-18   624
  6.212404e-01   7.758995e-17   1.982740e-04   2.779529e-18   816
  6.224086e-01   8.284405e-17   3.260658e-04   3.752946e-18   696
  6.236996e-01   7.589239e-17   2.202416e-08   5.319314e-18   240
  6.241851e-01   7.896865e-17   1.922888e-04   3.292628e-18   672
  6.252686e-01   7.740612e-17   3.436476e-04   3.147789e-18   864
  6.264840e-01   8.159862e-17   2.636938e-04   3.005212e-18   816
  6.275795e-01   7.785670e-17   1.509292e-04   3.474067e-18   648
  6.287594e-01   7.735565e-17   1.542771e-04   3.115272e-18   843
  6.297611e-01   7.180343e-17   2.775825e-04   3.009700e-18   780
  6.309548e-01   6.100751e-17   1.489456e-04   5.077387e-18   216
  6.316911e-01   7.042584e-17   3.591661e-04   2.414051e-18   1056
  6.328235e-01   7.885341e-17   2.938382e-04   5.818229e-18   228
  6.338720e-01   6.722983e-17   3.658358e-04   2.479387e-18   924
  6.349484e-01   6.003134e-17   1.357046e-04   2.298485e-18   696
  6.360882e-01   6.194181e-17   2.415153e-04   2.178231e-18   996
  6.372543e-01   6.937515e-17   1.425858e-04   2.905124e-18   576
  6.384675e-01   6.001748e-17   2.200718e-04   3.437330e-18   552
  6.393519e-01   6.485808e-17   2.627580e-04   3.197253e-18   516
  6.402494e-01   6.351544e-17   3.821047e-04   2.490052e-18   744
  6.412749e-01   6.777281e-17   1.874451e-04   3.355463e-18   576
  6.421669e-01   6.155823e-17   1.929285e-04   2.252805e-18   792
  6.434346e-01   5.847689e-17   2.205530e-04   2.064970e-18   792
  6.443636e-01   6.332819e-17   2.378641e-04   2.506273e-18   720
  6.456200e-01   6.152928e-17   2.711104e-04   2.359441e-18   656
  6.467974e-01   5.317531e-17   2.960385e-04   1.813080e-18   816
  6.480043e-01   5.216118e-17   1.596190e-04   2.225456e-18   492
  6.486903e-01   5.771822e-17   2.296231e-04   2.632644e-18   552
  6.499778e-01   5.175931e-17   3.992867e-04   1.975682e-18   780
  6.508139e-01   6.458864e-17   2.452771e-04   2.879311e-18   528
  6.517148e-01   5.874930e-17   2.863130e-04   2.662344e-18   600
  6.530425e-01   5.647641e-17   2.379487e-04   1.924586e-18   900
  6.539577e-01   5.808884e-17   1.317325e-04   2.272793e-18   696
  6.552168e-01   5.747070e-17   3.330907e-04   2.144974e-18   696
  6.564349e-01   6.673786e-17   1.351317e-04   2.959817e-18   552
  6.574592e-01   5.949140e-17   1.571457e-04   2.293246e-18   708
  6.585322e-01   5.534365e-17   2.594565e-04   1.941893e-18   876
  6.596487e-01   5.004554e-17   1.377663e-04   3.592962e-18   216
  6.603980e-01   5.449940e-17   3.768094e-04   1.990475e-18   1032
  6.615201e-01   5.395506e-17   4.195357e-04   2.384473e-18   600
  6.626848e-01   4.741797e-17   2.001869e-04   2.058496e-18   600
  6.635732e-01   5.706293e-17   3.535112e-04   2.488396e-18   528
  6.646233e-01   5.374624e-17   1.940622e-04   2.060467e-18   732
  6.657296e-01   3.838415e-17   1.432973e-04   1.956357e-18   336
  6.670031e-01   4.948874e-17   2.042271e-04   1.688094e-18   912
  6.679548e-01   5.683535e-17   2.049821e-04   2.536075e-18   624
  6.689946e-01   5.214039e-17   1.727341e-04   1.934686e-18   768
  6.702082e-01   5.328473e-17   3.116463e-04   1.827004e-18   792
  6.713995e-01   5.069982e-17   1.545014e-04   2.159621e-18   660
  6.722471e-01   4.785845e-17   2.276826e-04   2.260292e-18   504
  6.731238e-01   4.791998e-17   3.719898e-04   2.462765e-18   480
  6.744376e-01   4.541683e-17   3.440421e-04   1.427927e-18   912
  6.754664e-01   4.896562e-17   3.831443e-04   2.555294e-18   432
  6.764380e-01   4.783518e-17   2.275021e-04   2.309448e-18   564
  6.773006e-01   4.940370e-17   2.177508e-04   2.198837e-18   600
  6.785149e-01   4.929630e-17   3.035240e-04   1.666446e-18   876
  6.794272e-01   5.630569e-17   1.364735e-04   3.719242e-18   264
  6.806846e-01   5.457566e-17   2.648123e-04   2.453038e-18   560
  6.816953e-01   4.526349e-17   1.799457e-04   1.735464e-18   840
  6.829222e-01   4.460434e-17   2.774244e-04   1.499358e-18   1008
  6.840568e-01   5.205207e-17   1.241010e-04   2.837725e-18   456
  6.850930e-01   4.998795e-17   1.607553e-04   2.140166e-18   576
  6.860509e-01   4.580396e-17   2.470177e-04   1.877795e-18   612
  6.873140e-01   4.388680e-17   2.206269e-04   1.706039e-18   780
  6.883444e-01   4.303406e-17   2.528284e-04   1.596850e-18   648
  6.893992e-01   4.814553e-17   1.178213e-04   2.601378e-18   312
  6.900734e-01   4.035904e-17   2.993645e-04   1.803003e-18   528
  6.912414e-01   4.336678e-17   3.909551e-04   1.681355e-18   720
  6.923583e-01   4.217602e-17   3.921794e-04   1.910878e-18   576
  6.937124e-01   3.845937e-17   3.383053e-04   1.937866e-18   444
  6.945549e-01   4.326222e-17   3.317685e-04   1.502138e-18   996
  6.955874e-01   4.298637e-17   2.771265e-04   1.982150e-18   432
  6.965633e-01   4.989258e-17   3.033990e-04   2.663831e-18   504
  6.974062e-01   4.148421e-17   1.367883e-04   1.912236e-18   504
  6.986065e-01   4.164455e-17   2.692009e-04   1.632361e-18   876
  6.996926e-01   4.011186e-17   3.098246e-04   2.133059e-18   504
  7.008236e-01   3.678948e-17   1.975899e-04   1.348923e-18   696
  7.017583e-01   4.199497e-17   1.689187e-04   2.055436e-18   492
  7.030300e-01   3.924066e-17   2.418152e-04   2.013740e-18   432
  7.039719e-01   3.901497e-17   2.264335e-04   1.501772e-18   768
  7.050885e-01   3.923658e-17   2.820533e-04   1.728484e-18   648
  7.061547e-01   3.386742e-17   1.840095e-04   1.622498e-18   456
  7.073798e-01   3.656642e-17   2.530430e-04   1.639919e-18   552
  7.082306e-01   3.587340e-17   1.734358e-04   1.576424e-18   648
  7.094016e-01   4.093338e-17   2.826907e-04   1.727301e-18   840
  7.105454e-01   3.496711e-17   1.348092e-04   1.524669e-18   432
  7.116906e-01   3.485794e-17   1.651183e-04   1.479551e-18   600
  7.124870e-01   4.281459e-17   1.759227e-04   2.245182e-18   432
  7.138248e-01   4.044288e-17   1.751482e-04   1.823822e-18   560
  7.147308e-01   3.168166e-17   2.772412e-04   1.348867e-18   840
  7.158652e-01   4.121465e-17   1.642140e-04   2.333997e-18   504
  7.167662e-01   3.527548e-17   3.351509e-04   1.444911e-18   696
  7.180362e-01   3.830979e-17   1.830475e-04   2.572289e-18   384
  7.190254e-01   3.528435e-17   2.681431e-04   1.577527e-18   576
  7.202219e-01   3.251376e-17   1.654845e-04   1.867290e-18   360
  7.211864e-01   3.799181e-17   2.464465e-04   1.480348e-18   828
  7.222268e-01   3.341969e-17   2.195064e-04   2.030272e-18   372
  7.231800e-01   3.446221e-17   3.352284e-04   1.643969e-18   576
  7.244428e-01   3.759813e-17   1.403933e-04   1.676658e-18   636
  7.253425e-01   3.439825e-17   2.706420e-04   1.563758e-18   648
  7.265596e-01   3.253061e-17   2.200024e-04   1.446657e-18   576
  7.274333e-01   3.532131e-17   3.548870e-04   1.895294e-18   528
  7.285953e-01   3.023288e-17   1.517289e-04   1.708696e-18   360
  7.295571e-01   3.028969e-17   3.490332e-04   1.208682e-18   672
  7.308130e-01   3.749925e-17   1.787806e-04   1.515045e-18   804
  7.318582e-01   3.366004e-17   1.972163e-04   1.867737e-18   408
  7.330145e-01   2.857782e-17   1.219011e-04   1.525540e-18   384
  7.337931e-01   2.770470e-17   2.789567e-04   1.475592e-18   480
  7.348913e-01   2.871865e-17   1.802469e-04   1.561679e-18   432
  7.359446e-01   3.821798e-17   3.321566e-04   1.562120e-18   648
  7.371913e-01   3.663711e-17   2.061016e-04   1.907981e-18   624
  7.381033e-01   2.700361e-17   1.874668e-04   1.455675e-18   456
  7.393486e-01   2.845579e-17   2.560963e-04   1.347147e-18   588
  7.401831e-01   2.930942e-17   1.633884e-04   1.148218e-18   600
  7.414016e-01   3.086239e-17   2.548458e-04   1.435160e-18   708
  7.423640e-01   3.618220e-17   1.605479e-04   2.101015e-18   360
  7.434275e-01   3.445791e-17   1.845541e-04   1.519106e-18   552
  7.444470e-01   2.612314e-17   1.294691e-04   2.046733e-18   288
  7.454820e-01   2.732557e-17   2.434372e-04   1.596070e-18   528
  7.464545e-01   3.239473e-17   1.642340e-04   1.881201e-18   456
  7.475410e-01   2.639402e-17   2.912225e-04   1.254344e-18   608
  7.486338e-01   2.453944e-17   1.408967e-04   1.157731e-18   504
  7.498278e-01   2.516828e-17   3.024972e-04   1.288372e-18   540
  7.507642e-01   3.339877e-17   3.247222e-04   1.910113e-18   360
  7.517735e-01   3.527693e-17   1.470509e-04   1.781587e-18   540
  7.526661e-01   2.723472e-17   1.262606e-04   1.399475e-18   576
  7.539642e-01   2.529521e-17   2.927555e-04   1.162153e-18   588
  7.551985e-01   2.600036e-17   4.039143e-04   1.312468e-18   672
  7.562588e-01   3.064054e-17   3.087151e-04   1.423162e-18   552
  7.571135e-01   2.109719e-17   3.088712e-04   2.135889e-18   144
  7.582042e-01   2.748942e-17   2.624178e-04   1.289502e-18   600
  7.592383e-01   2.192480e-17   3.288668e-04   1.233916e-18   504
  7.603860e-01   2.580889e-17   3.378126e-04   2.231368e-18   336
  7.615932e-01   2.268995e-17   3.797028e-04   1.130503e-18   600
  7.626744e-01   2.036499e-17   2.450478e-04   1.077272e-18   636
  7.638413e-01   2.846966e-17   1.970206e-04   1.885971e-18   384
  7.646595e-01   2.861348e-17   2.748205e-04   1.580953e-18   504
  7.658387e-01   2.774515e-17   1.153383e-04   1.951513e-18   240
  7.667694e-01   2.966766e-17   2.709461e-04   1.443716e-18   744
  7.678860e-01   2.273706e-17   1.850150e-04   1.235310e-18   648
  7.688783e-01   3.762162e-17   1.228185e-04   3.869617e-18   120
  7.700414e-01   2.161683e-17   1.929319e-04   1.053710e-18   564
  7.709202e-01   2.673856e-17   3.030111e-04   1.674932e-18   432
  7.720932e-01   2.143333e-17   2.351965e-04   1.079706e-18   480
  7.729764e-01   1.872955e-17   1.731106e-04   1.151611e-18   456
  7.740189e-01   2.330897e-17   2.864725e-04   1.212788e-18   444
  7.752020e-01   1.967194e-17   4.383180e-04   9.243225e-19   528
  7.762412e-01   2.264225e-17   3.255297e-04   1.715851e-18   264
  7.772498e-01   2.153981e-17   3.336195e-04   1.308330e-18   444
  7.786065e-01   2.411426e-17   3.654311e-04   1.132729e-18   696
  7.797327e-01   2.496595e-17   1.954448e-04   1.573090e-18   384
  7.805563e-01   2.192303e-17   2.469609e-04   1.443992e-18   432
  7.818373e-01   2.522375e-17   1.706384e-04   1.639856e-18   488
  7.826690e-01   2.325539e-17   2.571733e-04   1.163492e-18   480
  7.838749e-01   2.525363e-17   2.868014e-04   1.439105e-18   480
  7.848089e-01   1.857140e-17   1.203331e-04   1.287319e-18   240
  7.858692e-01   2.261126e-17   2.810886e-04   1.311856e-18   600
  7.868694e-01   1.582498e-17   2.449399e-04   1.436438e-18   288
  7.879343e-01   1.884975e-17   2.356143e-04   1.018003e-18   480
  7.890129e-01   1.692759e-17   4.191157e-04   1.062197e-18   504
  7.900748e-01   1.846041e-17   1.798267e-04   1.426987e-18   216
  7.914291e-01   2.145387e-17   2.944050e-04   1.217732e-18   504
  7.924838e-01   1.996437e-17   2.367912e-04   1.366485e-18   456
  7.936384e-01   2.216872e-17   1.358038e-04   1.313640e-18   384
  7.944031e-01   2.060817e-17   2.756326e-04   1.046139e-18   480
  7.954897e-01   1.531888e-17   2.420363e-04   8.915921e-19   504
  7.964966e-01   2.268355e-17   1.535327e-04   1.387983e-18   312
  7.975815e-01   1.717411e-17   2.474127e-04   1.109374e-18   492
  7.985417e-01   2.081552e-17   2.318919e-04   1.635978e-18   312
  7.997779e-01   1.672867e-17   3.766899e-04   8.514046e-19   576
  8.008661e-01   2.043817e-17   3.477153e-04   1.398317e-18   336
  8.017699e-01   1.402544e-17   2.677247e-04   1.067757e-18   240
  8.030228e-01   1.865131e-17   3.549351e-04   1.043280e-18   468
  8.041047e-01   1.711266e-17   2.222407e-04   1.452225e-18   192
  8.052370e-01   1.645726e-17   2.229031e-04   1.142523e-18   324
  8.060669e-01   1.854956e-17   1.617794e-04   1.114341e-18   600
  8.071978e-01   2.132836e-17   2.624704e-04   1.335312e-18   456
  8.080377e-01   2.053820e-17   1.180592e-04   1.602981e-18   336
  8.094297e-01   1.914137e-17   3.535027e-04   9.780159e-19   612
  8.104424e-01   1.220070e-17   2.966749e-04   1.431485e-18   144
  8.114002e-01   1.747452e-17   3.462957e-04   8.499085e-19   552
  8.127025e-01   1.318046e-17   1.363755e-04   1.165380e-18   264
  8.134384e-01   1.667212e-17   3.157441e-04   1.051945e-18   336
  8.145992e-01   1.407420e-17   2.086329e-04   1.017198e-18   384
  8.156059e-01   1.848565e-17   1.174397e-04   1.624404e-18   216
  8.167203e-01   1.341290e-17   2.489964e-04   9.197559e-19   344
  8.177364e-01   1.395617e-17   3.715143e-04   9.753664e-19   408
  8.189746e-01   1.345291e-17   2.854845e-04   1.243957e-18   264
  8.200718e-01   1.769091e-17   3.979796e-04   1.050292e-18   612
  8.211681e-01   1.879818e-17   2.048307e-04   1.235778e-18   408
  8.222956e-01   1.563345e-17   2.051251e-04   1.442501e-18   444
  8.231239e-01   2.477626e-17   1.147249e-04   2.093219e-18   120
  8.242338e-01   1.627819e-17   3.169640e-04   1.190468e-18   336
  8.250576e-01   1.506782e-17   1.101437e-04   1.388405e-18   288
  8.261708e-01   1.515917e-17   3.427692e-04   8.016891e-19   552
  8.277012e-01   2.077571e-17   1.835347e-08   3.265315e-18   72
  8.284882e-01   1.177439e-17   3.404572e-04   8.617373e-19   504
  8.294074e-01   7.707425e-18   1.095558e-04   7.639730e-19   216
  8.305983e-01   1.043407e-17   1.956043e-04   7.352029e-19   312
  8.316675e-01   1.290912e-17   2.227263e-04   1.054651e-18   336
  8.326865e-01   9.389524e-18   3.087236e-04   6.454724e-19   204
  8.337014e-01   1.968633e-17   3.587838e-04   1.147925e-18   504
  8.347777e-01   1.802722e-17   3.416652e-04   1.525664e-18   396
  8.358127e-01   1.773333e-17   3.133249e-04   1.983925e-18   312
  8.370674e-01   1.909457e-17   1.914750e-04   1.767179e-18   216
  8.379516e-01   1.314874e-17   1.039172e-04   1.242382e-18   168
  8.390260e-01   1.198086e-17   2.623966e-04   6.053325e-19   588
  8.402521e-01   1.116509e-17   3.561727e-04   1.326280e-18   240
  8.412047e-01   1.016619e-17   3.145601e-04   9.577816e-19   264
  8.423219e-01   1.148533e-17   3.890183e-04   1.105544e-18   288
  8.433131e-01   1.066498e-17   1.942596e-04   8.538468e-19   288
  8.445693e-01   9.084547e-18   1.824406e-04   7.844796e-19   288
  8.454153e-01   8.478809e-18   2.113423e-04   9.446017e-19   192
  8.464795e-01   8.536293e-18   2.248894e-04   8.273226e-19   264
  8.474933e-01   2.242796e-17   3.699119e-04   1.531665e-18   372
  8.485844e-01   1.510221e-17   3.995208e-04   1.140966e-18   360
  8.499161e-01   1.630087e-17   1.690810e-04   2.197397e-18   144
  8.506044e-01   1.034463e-17   2.348461e-04   1.185473e-18   296
  8.516909e-01   1.122894e-17   2.530345e-04   8.276046e-19   288
  8.529347e-01   9.349200e-18   3.781537e-04   6.176683e-19   480
  8.540076e-01   1.006094e-17   3.142096e-04   1.568825e-18   192
  8.550509e-01   1.281203e-17   3.370327e-04   1.090289e-18   192
  8.559992e-01   1.224606e-17   2.147949e-04   1.628984e-18   288
  8.573180e-01   4.301921e-18   1.869760e-04   3.904608e-19   108
  8.579823e-01   1.487320e-17   1.797545e-04   1.435573e-18   240
  8.591554e-01   7.672301e-18   3.353363e-04   6.700925e-19   384
  8.603605e-01   1.001600e-17   4.090723e-04   1.115326e-18   108
  8.614261e-01   1.539197e-17   2.398466e-04   1.061225e-18   348
  8.625466e-01   1.098585e-17   2.503134e-04   1.106594e-18   312
  8.635474e-01   1.145426e-17   2.432319e-04   2.032394e-18   96
  8.644677e-01   7.629663e-18   3.238194e-04   4.991900e-19   384
  8.654984e-01   1.002203e-17   2.227222e-04   1.410865e-18   144
  8.665066e-01   9.450578e-18   3.422225e-04   7.078074e-19   408
  8.677598e-01   4.675799e-18   1.526554e-04   5.909881e-19   144
  8.689437e-01   1.052303e-17   2.934816e-04   1.344131e-18   192
  8.696459e-01   9.920238e-18   3.303190e-04   9.312684e-19   144
  8.707904e-01   6.796255e-18   2.685615e-04   6.595836e-19   144
  8.718702e-01   9.617923e-18   3.282257e-04   7.590193e-19   336
  8.731927e-01   4.742388e-18   2.428454e-04   4.807378e-19   240
  8.740312e-01   9.942594e-18   1.102739e-04   1.375411e-18   96
  8.752007e-01   1.287792e-17   3.233803e-04   1.250818e-18   372
  8.763838e-01   1.321603e-17   3.846540e-04   2.395257e-18   132
  8.774230e-01   5.650707e-18   2.380193e-04   4.500563e-19   264
  8.783527e-01   9.004828e-18   1.827880e-04   8.401054e-19   168
  8.793449e-01   1.034204e-17   2.922429e-04   9.708222e-19   216
  8.802213e-01   7.032281e-18   1.787978e-04   8.523403e-19   216
  8.814979e-01   2.937110e-18   3.280196e-04   2.801880e-19   96
  8.826561e-01   1.325639e-17   2.140028e-04   2.607552e-18   120
  8.837183e-01   7.216714e-18   2.720578e-04   6.631565e-19   216
  8.845934e-01   6.504827e-18   1.188902e-04   7.475989e-19   200
  8.857519e-01   5.953224e-18   3.077557e-04   5.041761e-19   288
  8.872378e-01   3.304641e-18   8.097649e-05   3.993524e-19   144
  8.878635e-01   6.226652e-18   2.519939e-04   7.517945e-19   168
  8.891412e-01   1.117357e-17   2.835956e-04   2.286727e-18   159
  8.901386e-01   5.539599e-18   2.975600e-04   6.404546e-19   174
  8.911039e-01   6.000204e-18   2.698170e-04   6.347944e-19   144
  8.923678e-01   6.197062e-18   1.557998e-04   6.525219e-19   222
  8.932131e-01   4.531118e-18   1.572158e-04   5.307229e-19   168
  8.946732e-01   1.776429e-17   3.448346e-04   6.896062e-18   30
  8.952763e-01   2.534057e-18   3.044637e-04   3.146435e-19   72
  8.964123e-01   5.294149e-18   2.717302e-04   5.324325e-19   258
  8.976612e-01   3.831549e-18   1.701916e-04   3.186974e-19   264
  8.982857e-01   2.768301e-18   0.000000e+00   4.127776e-19   72
  8.995871e-01   3.127896e-18   3.373270e-04   3.182392e-19   174
  9.007654e-01   4.487652e-18   3.591909e-04   6.363746e-19   168
  9.017127e-01   1.602101e-18   1.123916e-08   2.089134e-19   48
  9.027297e-01   3.509779e-18   2.028435e-04   6.564103e-19   150
  9.039088e-01   5.722788e-18   3.731453e-04   4.777184e-19   168
  9.050911e-01   4.056675e-18   2.273028e-04   4.268646e-19   144
  9.061784e-01   5.685730e-18   2.123525e-04   8.302466e-19   102
  9.069882e-01   1.993105e-18   3.143182e-04   2.368165e-19   96
  9.082731e-01   2.486879e-18   3.119397e-04   2.610102e-19   120
  9.092246e-01   1.428187e-18   3.345635e-04   1.103318e-19   168
  9.102538e-01   6.753384e-18   2.470487e-04   8.123642e-19   126
  9.111308e-01   3.634848e-18   1.863241e-04   4.488446e-19   168
  9.123389e-01   1.921807e-18   2.987709e-04   2.171241e-19   72
  9.133947e-01   2.005308e-18   3.741278e-04   1.568943e-19   168
  9.143196e-01   3.204900e-18   1.025668e-04   8.344845e-19   78
  9.155870e-01   1.379426e-18   1.684070e-04   1.419645e-19   60
  9.166075e-01   6.355233e-18   2.731835e-04   8.547080e-19   96
  9.176659e-01   2.719010e-18   3.314854e-04   2.125285e-19   168
  9.186605e-01   2.435702e-18   2.097511e-04   4.365830e-19   86
  9.197042e-01   1.361882e-18   1.874678e-04   1.260635e-19   120
  9.212002e-01   1.350388e-18   1.336894e-04   1.251614e-19   168
  9.220069e-01   9.904319e-19   0.000000e+00   1.297308e-19   48
  9.230934e-01   3.789135e-18   2.435676e-04   4.649602e-19   120
  9.237177e-01   1.941907e-18   1.776924e-04   3.259520e-19   126
  9.252418e-01   2.560349e-18   3.125113e-04   2.897021e-19   96
  9.262310e-01   1.667573e-18   9.011285e-05   1.389963e-19   96
  9.270111e-01   1.712145e-18   0.000000e+00   2.348396e-19   72
  9.286731e-01   2.442479e-18   1.123916e-08   4.335402e-19   24
  9.297104e-01   2.670842e-18   1.854501e-04   3.242716e-19   120
  9.305196e-01   2.132358e-18   2.705147e-04   2.501267e-19   126
  9.314194e-01   9.981024e-19   2.255107e-04   1.000174e-19   96
  9.324708e-01   1.078838e-18   3.897482e-04   1.190421e-19   72
  9.336415e-01   1.479039e-18   1.685792e-04   1.357963e-19   144
  9.346046e-01   1.302895e-18   9.723254e-05   1.559388e-19   72
  9.355666e-01   2.429220e-18   1.942081e-04   4.723060e-19   54
  9.364132e-01   2.158643e-18   1.711436e-04   2.209407e-19   108
  9.381728e-01   1.460573e-18   1.677650e-04   1.913739e-19   72
  9.387206e-01   1.561422e-18   9.680617e-05   1.528958e-19   72
  9.400202e-01   1.804300e-18   1.946680e-08   3.145924e-19   24
  9.412498e-01   6.902701e-19   2.047976e-04   9.001177e-20   48
  9.419964e-01   1.319815e-18   1.560029e-04   1.810723e-19   102
  9.431203e-01   1.693650e-18   3.528137e-04   1.901298e-19   168
  9.445889e-01   8.245193e-19   1.924163e-04   9.090703e-20   72
  9.451330e-01   7.321828e-19   0.000000e+00   1.387129e-19   48
  9.462744e-01   1.450931e-18   3.309678e-04   1.325235e-19   120
  9.477807e-01   1.159242e-18   2.033864e-04   1.124729e-19   96
  9.492033e-01   1.997979e-18   2.202416e-08   4.354933e-19   30
  9.508942e-01   2.613788e-18   9.555995e-05   3.557135e-19   72
  9.516372e-01   2.185154e-18   1.123916e-08   3.301420e-19   24
  9.525916e-01   5.217161e-19   1.416435e-04   5.077528e-20   56
  9.536606e-01   4.952787e-19   2.021324e-04   6.335446e-20   96
  9.549399e-01   1.111841e-18   2.232036e-04   1.032152e-19   144
  9.559263e-01   1.058882e-18   1.267263e-04   2.560047e-19   54
  9.573592e-01   8.357613e-19   1.898493e-04   9.387642e-20   108
  9.588012e-01   1.337391e-18   1.005243e-04   1.796204e-19   48
  9.601739e-01   7.379106e-19   3.785063e-04   8.752364e-20   72
  9.634680e-01   1.484552e-18   2.500803e-04   2.310993e-19   78
  9.643808e-01   3.400082e-19   1.884669e-04   4.626391e-20   72
  9.654462e-01   4.800308e-19   1.882329e-04   5.853089e-20   72
  9.665603e-01   5.474783e-19   4.542266e-04   6.850612e-20   96
  9.674408e-01   7.437739e-19   1.878449e-04   8.944998e-20   72
  9.685029e-01   9.872621e-19   0.000000e+00   1.317818e-19   24
  9.695638e-01   5.398850e-19   3.748416e-04   5.847567e-20   72
  9.719599e-01   1.306237e-18   2.380359e-04   2.787522e-19   30
  9.724755e-01   1.218230e-18   0.000000e+00   1.836884e-19   24
  9.752466e-01   2.305116e-19   1.976584e-04   3.204547e-20   48
  9.761159e-01   5.903769e-19   4.253608e-04   6.974205e-20   120
  9.772870e-01   3.627047e-19   1.859776e-04   4.987596e-20   72
  9.784697e-01   2.353620e-19   1.857528e-04   3.236293e-20   36
  9.792826e-01   6.189336e-19   3.671339e-04   6.293095e-20   78
  9.815513e-01   6.536570e-19   1.963888e-04   7.973812e-20   48
  9.844928e-01   8.766912e-19   1.589457e-08   1.339616e-19   24
  9.865884e-01   4.122362e-19   1.367612e-04   4.424508e-20   56
  9.876436e-01   3.350894e-19   2.104496e-04   4.219578e-20   102
  9.889860e-01   3.675269e-19   1.498555e-08   3.652203e-20   72
  9.897653e-01   3.528493e-19   0.000000e+00   5.621344e-20   24
  9.911277e-01   5.420558e-19   1.944913e-04   5.965416e-20   48
  9.936528e-01   6.184211e-19   0.000000e+00   1.085646e-19   24
  9.967520e-01   7.546254e-19   0.000000e+00   2.511556e-19   6
  9.977185e-01   1.625313e-19   0.000000e+00   3.259928e-20   24
  9.983623e-01   1.422520e-19   1.820511e-04   1.908018e-20   72
  9.995384e-01   1.768835e-19   3.396336e-04   1.596392e-20   84
  1.000805e+00   2.321768e-19   0.000000e+00   4.954961e-20   24
  1.001190e+00   2.873139e-19   1.589457e-08   7.107438e-20   24
  1.003114e+00   3.404096e-19   1.123916e-08   5.289714e-20   24
  1.005800e+00   2.763122e-19   0.000000e+00   2.603530e-20   6
  1.009244e+00   1.565809e-19   1.910001e-04   1.619794e-20   48
  1.010072e+00   1.634414e-19   3.598129e-04   1.968838e-20   72
  1.011152e+00   1.428584e-19   1.906396e-04   1.898114e-20   48
  1.012867e+00   4.395123e-19   0.000000e+00   5.415387e-20   24
  1.015148e+00   1.941246e-19   1.123916e-08   2.329644e-20   6
  1.020262e+00   7.699334e-20   0.000000e+00   1.212291e-20   8
  1.020640e+00   1.117515e-19   1.123916e-08   1.336479e-20   48
  1.021546e+00   1.335711e-19   1.848806e-04   1.953960e-20   60
  1.022904e+00   2.137207e-19   0.000000e+00   5.053429e-20   24
  1.024787e+00   4.250546e-19   0.000000e+00   1.351904e-19   6
  1.031723e+00   6.637944e-20   0.000000e+00   1.391646e-20   24
  1.032283e+00   9.840415e-20   1.867372e-04   1.223292e-20   48
  1.033217e+00   1.016056e-19   0.000000e+00   1.381168e-20   24
  1.034708e+00   1.921786e-19   1.123916e-08   5.185338e-20   6
  1.043181e+00   6.818307e-20   1.742080e-04   8.429759e-21   36
  1.043797e+00   9.411234e-20   0.000000e+00   1.631180e-20   24
  1.044904e+00   4.846010e-20   0.000000e+00   1.110998e-20   6
  1.054545e+00   6.060389e-20   1.583190e-04   9.473825e-21   32
  1.055367e+00   1.443297e-19   1.123916e-08   4.171804e-20   6
  1.065728e+00   4.995937e-20   0.000000e+00   1.531820e-20   12
  1.066089e+00   3.203248e-20   0.000000e+00   4.655044e-21   6
  1.077063e+00   5.411796e-20   1.589457e-08   1.263341e-20   6
