# power spectrum of B
# redshift z=3.000000
# k              Pk             sigma(k)       sigma(Pk)      count
  1.963495e-02   1.456017e-16   0.000000e+00   1.948847e-17   6
  2.776802e-02   1.358538e-16   0.000000e+00   1.796492e-17   12
  3.400874e-02   9.426081e-17   3.725290e-10   3.483747e-17   8
  3.926991e-02   1.060080e-16   0.000000e+00   2.352144e-17   6
  4.390509e-02   1.714229e-16   0.000000e+00   2.477725e-17   24
  4.809562e-02   8.847972e-17   7.024475e-10   9.188861e-18   24
  5.553604e-02   7.978479e-17   0.000000e+00   1.063099e-17   12
  5.890486e-02   1.054841e-16   7.947286e-10   1.744896e-17   30
  6.209118e-02   1.023965e-16   0.000000e+00   1.105633e-17   24
  6.512178e-02   1.621367e-16   1.216675e-09   2.496686e-17   24
  6.801748e-02   1.014309e-16   7.450581e-10   2.458879e-17   8
  7.079483e-02   6.379432e-17   9.934107e-10   9.246862e-18   24
  7.346727e-02   9.781243e-17   0.000000e+00   9.232985e-18   48
  7.853982e-02   7.229365e-17   0.000000e+00   6.387773e-18   6
  8.095699e-02   8.103490e-17   1.404895e-09   8.490161e-18   48
  8.330406e-02   9.467745e-17   0.000000e+00   7.390034e-18   36
  8.558678e-02   4.749031e-17   9.934107e-10   8.064241e-18   24
  8.781018e-02   7.382385e-17   0.000000e+00   1.187721e-17   24
  8.997866e-02   5.980618e-17   0.000000e+00   5.083817e-18   48
  9.209610e-02   5.171007e-17   1.404895e-09   5.677338e-18   24
  9.619124e-02   4.892353e-17   1.404895e-09   7.397305e-18   24
  9.817477e-02   5.570261e-17   0.000000e+00   6.178958e-18   30
  1.001190e-01   5.811222e-17   0.000000e+00   4.607438e-18   72
  1.020262e-01   7.985130e-17   1.490116e-09   9.652586e-18   32
  1.057375e-01   5.953433e-17   0.000000e+00   4.284158e-18   72
  1.075451e-01   5.071843e-17   0.000000e+00   5.162401e-18   48
  1.110721e-01   1.680995e-17   0.000000e+00   2.514076e-18   12
  1.127942e-01   4.501022e-17   0.000000e+00   4.037141e-18   48
  1.144905e-01   3.961246e-17   0.000000e+00   4.074882e-18   48
  1.161620e-01   3.295030e-17   1.404895e-09   3.058636e-18   48
  1.178097e-01   3.739225e-17   1.589457e-09   4.417861e-18   30
  1.194348e-01   3.935245e-17   1.404895e-09   8.096536e-18   24
  1.210380e-01   4.041733e-17   2.961779e-09   3.740207e-18   72
  1.241824e-01   5.037450e-17   0.000000e+00   7.590240e-18   24
  1.257251e-01   4.026904e-17   0.000000e+00   2.546530e-18   96
  1.272490e-01   3.575657e-17   0.000000e+00   3.275384e-18   48
  1.287550e-01   3.873391e-17   2.433349e-09   2.632576e-18   24
  1.302436e-01   3.765072e-17   2.433349e-09   5.722744e-18   24
  1.317153e-01   3.928152e-17   0.000000e+00   3.825715e-18   72
  1.331707e-01   3.418920e-17   0.000000e+00   3.159828e-18   48
  1.360350e-01   3.130973e-17   1.490116e-09   2.176470e-18   8
  1.374447e-01   2.627967e-17   1.766064e-09   3.267319e-18   54
  1.388401e-01   2.722220e-17   0.000000e+00   2.136240e-18   84
  1.402216e-01   2.683599e-17   0.000000e+00   1.677203e-18   48
  1.415897e-01   4.450930e-17   1.986821e-09   4.842065e-18   24
  1.429446e-01   3.305989e-17   1.873193e-09   2.399766e-18   72
  1.442869e-01   2.627332e-17   0.000000e+00   1.863612e-18   96
  1.469345e-01   1.672614e-17   0.000000e+00   1.617365e-18   48
  1.482407e-01   2.521593e-17   0.000000e+00   2.293720e-18   48
  1.495354e-01   2.279614e-17   1.986821e-09   2.679918e-18   24
  1.508189e-01   2.479083e-17   0.000000e+00   1.804571e-18   72
  1.533539e-01   2.228300e-17   1.873193e-09   2.037716e-18   72
  1.546058e-01   2.170359e-17   0.000000e+00   1.504846e-18   96
  1.570796e-01   1.952916e-17   0.000000e+00   2.420436e-18   6
  1.583021e-01   2.295902e-17   0.000000e+00   1.818438e-18   96
  1.595151e-01   1.773250e-17   1.986821e-09   1.179384e-18   96
  1.607190e-01   1.965935e-17   0.000000e+00   3.105623e-18   24
  1.619140e-01   1.924198e-17   2.809790e-09   2.100345e-18   48
  1.631002e-01   1.620991e-17   0.000000e+00   1.093348e-18   96
  1.642778e-01   1.800774e-17   0.000000e+00   1.401275e-18   48
  1.666081e-01   1.668606e-17   0.000000e+00   2.149625e-18   36
  1.677611e-01   1.961298e-17   3.441276e-09   2.042109e-18   48
  1.689063e-01   2.022198e-17   3.893359e-09   1.412615e-18   120
  1.700437e-01   1.356337e-17   0.000000e+00   1.273908e-18   56
  1.711736e-01   1.759153e-17   1.986821e-09   1.529428e-18   24
  1.722960e-01   1.730017e-17   0.000000e+00   1.560388e-18   96
  1.734112e-01   1.672204e-17   0.000000e+00   2.040058e-18   48
  1.756204e-01   2.477954e-17   0.000000e+00   3.938787e-18   24
  1.767146e-01   1.618408e-17   0.000000e+00   1.176101e-18   102
  1.778021e-01   1.194365e-17   0.000000e+00   1.093015e-18   48
  1.788829e-01   1.417907e-17   0.000000e+00   1.474522e-18   72
  1.799573e-01   1.524001e-17   0.000000e+00   2.320471e-18   48
  1.810253e-01   1.515570e-17   0.000000e+00   1.313403e-18   48
  1.820871e-01   1.508764e-17   4.495664e-09   1.030269e-18   120
  1.841922e-01   8.874748e-18   2.809790e-09   1.106167e-18   24
  1.852358e-01   1.343090e-17   2.649095e-09   8.394985e-19   144
  1.862735e-01   1.201349e-17   3.178914e-09   8.229577e-19   120
  1.873055e-01   1.115690e-17   2.809790e-09   1.110629e-18   48
  1.893526e-01   1.379921e-17   2.809790e-09   1.275715e-18   48
  1.903679e-01   1.308082e-17   2.809790e-09   1.053988e-18   96
  1.930487e-01   1.040441e-17   4.711199e-04   9.978997e-19   72
  1.943761e-01   1.271394e-17   3.532127e-09   8.818141e-19   108
  1.953653e-01   1.140568e-17   0.000000e+00   1.056427e-18   72
  1.963495e-01   1.190201e-17   0.000000e+00   1.581582e-18   30
  1.973288e-01   1.085082e-17   0.000000e+00   5.444067e-19   168
  1.983033e-01   1.318123e-17   0.000000e+00   1.474215e-18   48
  2.002380e-01   1.327564e-17   0.000000e+00   1.108108e-18   72
  2.011984e-01   1.088776e-17   0.000000e+00   8.064024e-19   96
  2.021542e-01   1.072390e-17   5.298191e-09   9.144100e-19   72
  2.031055e-01   1.064264e-17   0.000000e+00   8.817271e-19   72
  2.047049e-01   1.223996e-17   4.350048e-04   9.154953e-19   104
  2.059331e-01   1.079121e-17   3.746387e-09   7.504862e-19   144
  2.087224e-01   1.074844e-17   6.282881e-09   7.293602e-19   96
  2.096439e-01   9.281334e-18   0.000000e+00   8.005973e-19   96
  2.111095e-01   9.118256e-18   4.475232e-04   5.818443e-19   120
  2.123845e-01   9.770710e-18   0.000000e+00   6.595190e-19   120
  2.132902e-01   8.276928e-18   0.000000e+00   7.368846e-19   72
  2.150901e-01   1.076706e-17   0.000000e+00   1.034165e-18   48
  2.159845e-01   9.443186e-18   4.235416e-09   7.039873e-19   78
  2.171286e-01   9.228266e-18   4.007142e-04   5.965379e-19   168
  2.195255e-01   8.225010e-18   3.746387e-09   5.101334e-19   144
  2.204018e-01   1.154102e-17   3.746387e-09   8.036536e-19   144
  2.229436e-01   7.473721e-18   2.307791e-04   4.654589e-19   156
  2.238729e-01   9.489854e-18   4.866699e-09   7.493936e-19   48
  2.247323e-01   8.755371e-18   3.178914e-09   6.260145e-19   120
  2.255884e-01   7.178443e-18   0.000000e+00   7.153054e-19   48
  2.271022e-01   7.451756e-18   3.532495e-04   3.480755e-19   216
  2.289809e-01   6.923672e-18   0.000000e+00   6.001971e-19   48
  2.298212e-01   7.836770e-18   2.809790e-09   5.506991e-19   96
  2.310160e-01   6.368673e-18   4.128272e-04   3.533006e-19   168
  2.323239e-01   6.870342e-18   2.809790e-09   9.693890e-19   48
  2.331522e-01   8.011444e-18   0.000000e+00   6.324011e-19   96
  2.339775e-01   5.125250e-18   0.000000e+00   3.913823e-19   48
  2.356194e-01   5.259145e-18   3.178914e-09   7.081899e-19   30
  2.364362e-01   7.986252e-18   2.809790e-09   6.189620e-19   96
  2.374123e-01   6.055006e-18   3.244455e-04   2.994910e-19   240
  2.386674e-01   7.836773e-18   3.500299e-04   1.511998e-18   32
  2.396752e-01   5.981662e-18   0.000000e+00   3.563139e-19   168
  2.404781e-01   6.471184e-18   0.000000e+00   3.130770e-19   120
  2.420760e-01   7.327342e-18   5.923557e-09   6.253155e-19   72
  2.428710e-01   6.243638e-18   3.746387e-09   4.072572e-19   144
  2.436634e-01   6.687876e-18   0.000000e+00   5.665743e-19   96
  2.444532e-01   4.684124e-18   0.000000e+00   3.529195e-19   96
  2.460253e-01   7.675688e-18   4.588368e-09   7.120314e-19   72
  2.468075e-01   5.320794e-18   3.973643e-09   4.043756e-19   96
  2.483647e-01   5.148756e-18   0.000000e+00   5.028730e-19   24
  2.491396e-01   5.370857e-18   0.000000e+00   2.639753e-19   192
  2.500522e-01   4.190286e-18   2.970416e-04   2.817985e-19   132
  2.514501e-01   5.286354e-18   0.000000e+00   4.583472e-19   96
  2.522156e-01   5.063286e-18   0.000000e+00   4.062873e-19   96
  2.529787e-01   4.124847e-18   3.178914e-09   3.198147e-19   120
  2.544981e-01   3.113736e-18   0.000000e+00   2.257788e-19   48
  2.557435e-01   5.770863e-18   3.599905e-04   2.913054e-19   222
  2.567603e-01   5.240292e-18   0.000000e+00   2.916675e-19   120
  2.575100e-01   4.661348e-18   4.866699e-09   7.069192e-19   24
  2.586015e-01   5.315648e-18   3.715625e-04   2.890947e-19   312
  2.609797e-01   4.068210e-18   3.483547e-04   2.834580e-19   72
  2.619630e-01   5.745586e-18   2.809790e-09   4.313089e-19   96
  2.629726e-01   4.618306e-18   3.547511e-04   2.672289e-19   192
  2.641613e-01   3.953138e-18   4.495664e-09   2.769610e-19   120
  2.648900e-01   4.694803e-18   0.000000e+00   2.495275e-19   144
  2.663415e-01   4.170841e-18   0.000000e+00   6.741771e-19   48
  2.673732e-01   4.266809e-18   3.567146e-04   2.091739e-19   336
  2.685040e-01   4.815733e-18   0.000000e+00   6.279422e-19   48
  2.699360e-01   4.083941e-18   0.000000e+00   2.675525e-19   192
  2.706492e-01   3.820856e-18   0.000000e+00   3.951766e-19   48
  2.726764e-01   3.964845e-18   2.476067e-04   3.231275e-19   56
  2.736844e-01   4.175174e-18   3.180112e-04   1.668810e-19   336
  2.748894e-01   3.522948e-18   3.532127e-09   3.379053e-19   54
  2.759390e-01   4.501479e-18   3.492904e-04   2.268792e-19   240
  2.781181e-01   4.212238e-18   3.344484e-04   2.424137e-19   228
  2.790651e-01   3.167994e-18   3.746387e-09   2.892214e-19   72
  2.799844e-01   4.560677e-18   3.244231e-04   3.092571e-19   144
  2.811298e-01   4.248149e-18   0.000000e+00   4.860234e-19   96
  2.818146e-01   3.956933e-18   4.495664e-09   1.899171e-19   240
  2.831793e-01   4.761190e-18   3.973643e-09   4.693488e-19   24
  2.840530e-01   3.714632e-18   3.064151e-04   1.703522e-19   336
  2.852142e-01   2.017689e-18   0.000000e+00   1.710453e-19   72
  2.862741e-01   4.303983e-18   3.332831e-04   3.129839e-19   168
  2.872346e-01   4.085106e-18   0.000000e+00   3.263630e-19   72
  2.885737e-01   4.115747e-18   0.000000e+00   3.334786e-19   96
  2.896108e-01   2.697761e-18   3.307829e-04   1.176408e-19   216
  2.905708e-01   2.919360e-18   3.973643e-09   1.853647e-19   96
  2.918946e-01   3.601425e-18   0.000000e+00   1.723450e-19   192
  2.925542e-01   3.510901e-18   3.746387e-09   1.692707e-19   144
  2.938691e-01   3.133395e-18   0.000000e+00   2.823874e-19   48
  2.947794e-01   3.165579e-18   3.189136e-04   1.527482e-19   246
  2.960164e-01   3.453639e-18   2.940434e-04   2.209257e-19   168
  2.971308e-01   3.362318e-18   5.506041e-09   2.737313e-19   120
  2.977788e-01   3.469146e-18   0.000000e+00   2.498579e-19   240
  2.990707e-01   4.461370e-18   3.973643e-09   9.822219e-19   24
  3.001001e-01   3.045186e-18   3.147475e-04   1.505637e-19   360
  3.013820e-01   3.716010e-18   3.134082e-04   3.079287e-19   120
  3.022763e-01   3.187971e-18   0.000000e+00   1.895578e-19   144
  3.029133e-01   3.592820e-18   0.000000e+00   3.651122e-19   96
  3.048165e-01   3.080366e-18   0.000000e+00   2.188315e-19   144
  3.054482e-01   3.527184e-18   0.000000e+00   2.578804e-19   132
  3.063360e-01   2.213404e-18   3.093292e-04   1.208900e-19   176
  3.076248e-01   2.620008e-18   3.123602e-04   1.301731e-19   312
  3.092116e-01   2.591580e-18   0.000000e+00   1.731949e-19   96
  3.098343e-01   2.194740e-18   0.000000e+00   1.354691e-19   144
  3.107899e-01   2.781595e-18   3.092271e-04   1.299879e-19   312
  3.123131e-01   2.479956e-18   0.000000e+00   2.322172e-19   48
  3.129297e-01   2.874684e-18   3.973643e-09   1.845639e-19   192
  3.141593e-01   4.439761e-18   0.000000e+00   4.697246e-19   6
  3.149762e-01   2.350628e-18   2.884066e-04   1.494359e-19   288
  3.162994e-01   3.102596e-18   3.047203e-04   2.017086e-19   192
  3.172124e-01   3.454415e-18   9.345130e-09   2.506776e-19   216
  3.178195e-01   2.812169e-18   0.000000e+00   2.583961e-19   72
  3.193321e-01   2.850300e-18   3.018264e-04   2.087292e-19   192
  3.203366e-01   2.570707e-18   2.241224e-04   1.557041e-19   288
  3.214381e-01   2.080869e-18   0.000000e+00   2.852207e-19   24
  3.222890e-01   2.173596e-18   2.952626e-04   9.446146e-20   456
  3.238280e-01   3.562647e-18   5.619580e-09   4.696810e-19   48
  3.247789e-01   2.222680e-18   2.908218e-04   1.226546e-19   240
  3.258718e-01   2.195166e-18   2.939082e-04   1.251305e-19   216
  3.267908e-01   2.666386e-18   0.000000e+00   2.287114e-19   72
  3.273801e-01   1.662849e-18   1.015467e-08   9.079902e-20   168
  3.290441e-01   1.973402e-18   2.184577e-04   1.004287e-19   288
  3.299773e-01   2.535623e-18   2.890570e-04   1.579507e-19   168
  3.314762e-01   1.833772e-18   0.000000e+00   1.181469e-19   192
  3.320572e-01   1.905491e-18   3.746387e-09   1.117450e-19   144
  3.332162e-01   2.994744e-18   0.000000e+00   3.702914e-19   36
  3.341991e-01   2.071900e-18   2.639705e-04   1.296730e-19   342
  3.351389e-01   2.139559e-18   2.710657e-04   1.924443e-19   144
  3.363470e-01   2.147251e-18   2.842800e-04   1.114857e-19   384
  3.378125e-01   1.574523e-18   7.786718e-09   1.074965e-19   120
  3.385379e-01   2.197527e-18   2.534951e-04   1.410218e-19   264
  3.395201e-01   1.932143e-18   1.256576e-08   1.477076e-19   192
  3.404451e-01   1.608480e-18   2.731894e-04   1.024335e-19   152
  3.412191e-01   2.079901e-18   7.492773e-09   1.698302e-19   144
  3.428472e-01   1.812349e-18   1.768108e-04   1.014933e-19   216
  3.436008e-01   2.072678e-18   2.362665e-04   1.016972e-19   312
  3.449274e-01   1.980015e-18   2.738281e-04   1.201821e-19   240
  3.457090e-01   1.671480e-18   3.973643e-09   1.063316e-19   96
  3.471927e-01   1.081550e-18   2.617995e-04   5.914075e-20   144
  3.481071e-01   1.837597e-18   2.573258e-04   8.419033e-20   456
  3.495904e-01   1.226447e-18   0.000000e+00   1.012071e-19   120
  3.501414e-01   1.590154e-18   0.000000e+00   1.272039e-19   144
  3.512407e-01   1.884684e-18   0.000000e+00   1.761597e-19   24
  3.519456e-01   1.324853e-18   2.473498e-04   6.176666e-20   336
  3.531645e-01   1.676121e-18   2.727931e-04   9.941885e-20   198
  3.543067e-01   1.779769e-18   2.652756e-04   8.844543e-20   432
  3.556041e-01   2.141966e-18   0.000000e+00   2.430452e-19   48
  3.562810e-01   1.745466e-18   2.341925e-04   8.535609e-20   384
  3.574963e-01   1.240673e-18   2.696052e-04   1.119289e-19   144
  3.585975e-01   1.987819e-18   2.676825e-04   1.201089e-19   264
  3.599147e-01   1.443562e-18   0.000000e+00   1.583438e-19   48
  3.607984e-01   1.634971e-18   2.545223e-04   1.012608e-19   276
  3.616510e-01   1.742542e-18   2.307176e-04   1.173727e-19   192
  3.627906e-01   1.557896e-18   2.592759e-04   6.904788e-20   552
  3.641741e-01   1.626664e-18   8.991328e-09   1.457971e-19   120
  3.649965e-01   1.010070e-18   2.624511e-04   5.439339e-20   216
  3.657587e-01   1.076122e-18   4.495664e-09   8.431011e-20   120
  3.671201e-01   1.536105e-18   2.584500e-04   9.233052e-20   408
  3.683844e-01   4.906848e-19   5.619580e-09   6.906438e-20   24
  3.691684e-01   1.289755e-18   2.610810e-04   6.218565e-20   384
  3.702633e-01   1.126400e-18   2.550855e-04   8.271661e-20   240
  3.712141e-01   1.306281e-18   2.569535e-04   8.872275e-20   168
  3.725471e-01   1.104837e-18   6.357829e-09   1.131975e-19   120
  3.734064e-01   1.596424e-18   2.678605e-04   9.538698e-20   350
  3.748037e-01   1.513497e-18   4.409502e-04   9.243607e-20   384
  3.756388e-01   1.685863e-18   0.000000e+00   1.603944e-19   144
  3.771752e-01   1.228511e-18   1.059638e-08   7.515840e-20   288
  3.779773e-01   1.474916e-18   2.524053e-04   9.254562e-20   336
  3.790686e-01   1.020124e-18   2.297941e-04   7.142424e-20   168
  3.797219e-01   1.349371e-18   4.541306e-09   7.470145e-20   336
  3.810732e-01   1.282902e-18   2.385126e-04   7.748265e-20   288
  3.818848e-01   1.509108e-18   2.247398e-04   8.346237e-20   264
  3.832590e-01   1.142357e-18   0.000000e+00   8.182562e-20   240
  3.837616e-01   1.014650e-18   7.947286e-09   9.142223e-20   96
  3.855656e-01   1.098731e-18   3.056310e-04   5.425238e-20   360
  3.864075e-01   1.485364e-18   2.253025e-04   1.220347e-19   168
  3.874713e-01   1.017739e-18   2.456032e-04   4.702016e-20   456
  3.887523e-01   9.650040e-19   7.064254e-09   7.852294e-20   108
  3.894728e-01   8.078408e-19   2.464311e-04   5.202283e-20   264
  3.903716e-01   1.103575e-18   2.198567e-04   7.424117e-20   264
  3.916025e-01   1.300488e-18   2.074668e-04   7.836356e-20   312
  3.931351e-01   1.168526e-18   1.541705e-04   8.460197e-20   270
  3.937775e-01   1.309307e-18   1.957388e-04   1.009455e-19   240
  3.949323e-01   1.178511e-18   2.421536e-04   7.084059e-20   384
  3.956334e-01   9.689322e-19   0.000000e+00   5.708896e-20   192
  3.969952e-01   1.274821e-18   1.942960e-04   8.821960e-20   240
  3.977852e-01   1.253506e-18   2.397927e-04   8.409530e-20   336
  3.992708e-01   1.136153e-18   2.413972e-04   6.444753e-20   480
  4.004761e-01   1.235038e-18   0.000000e+00   1.582163e-19   72
  4.011493e-01   1.306484e-18   2.353842e-04   1.170747e-19   240
  4.020650e-01   1.032444e-18   2.212289e-04   7.021593e-20   312
  4.031147e-01   7.633754e-19   2.390954e-04   3.991067e-20   240
  4.047009e-01   1.024481e-18   1.816506e-04   5.195649e-20   408
  4.053288e-01   1.050175e-18   1.663482e-04   5.405537e-20   336
  4.065560e-01   9.691800e-19   2.112212e-04   5.868410e-20   264
  4.071591e-01   5.706178e-19   0.000000e+00   3.611823e-20   144
  4.088370e-01   8.708535e-19   2.927651e-04   3.889057e-20   464
  4.097211e-01   1.012961e-18   2.328083e-04   7.273466e-20   168
  4.105939e-01   7.154101e-19   2.120376e-04   5.470597e-20   336
  4.121713e-01   8.350475e-19   2.227870e-04   4.461895e-20   414
  4.130606e-01   1.216067e-18   2.319080e-04   1.032515e-19   216
  4.141998e-01   1.752978e-18   5.619580e-09   1.344984e-19   96
  4.146649e-01   9.193716e-19   1.685874e-08   6.477221e-20   384
  4.162944e-01   8.688057e-19   2.314600e-04   3.937246e-20   492
  4.171676e-01   1.205123e-18   2.263480e-04   8.447787e-20   240
  4.181546e-01   9.841748e-19   2.298225e-04   5.904748e-20   312
  4.195176e-01   6.937402e-19   2.297469e-04   7.943972e-20   192
  4.203810e-01   9.015705e-19   2.226525e-04   5.631349e-20   504
  4.215265e-01   8.161279e-19   1.473998e-04   4.832836e-20   408
  4.224284e-01   6.457036e-19   4.515774e-04   4.268369e-20   168
  4.235571e-01   1.241756e-18   2.145032e-04   7.275149e-20   288
  4.245041e-01   9.021986e-19   2.238525e-04   5.706030e-20   288
  4.254743e-01   6.186011e-19   2.251410e-04   3.146112e-20   432
  4.268815e-01   7.547458e-19   2.129084e-04   5.530982e-20   216
  4.276334e-01   6.648912e-19   2.124592e-04   3.925179e-20   360
  4.289721e-01   6.859564e-19   2.073582e-04   3.992207e-20   312
  4.301803e-01   7.396311e-19   0.000000e+00   7.182182e-20   48
  4.308767e-01   7.827052e-19   2.223178e-04   4.251384e-20   432
  4.321240e-01   7.466948e-19   3.708284e-04   5.995047e-20   414
  4.328606e-01   7.556829e-19   1.956255e-08   4.981001e-20   312
  4.342347e-01   8.693287e-19   3.253813e-04   5.445260e-20   528
  4.351620e-01   9.021205e-19   1.707976e-04   6.241464e-20   264
  4.362761e-01   9.094750e-19   2.025191e-04   5.316741e-20   480
  4.377318e-01   7.224844e-19   0.000000e+00   5.522381e-20   288
  4.383604e-01   6.173958e-19   2.176005e-04   4.217145e-20   168
  4.395105e-01   9.220193e-19   3.444610e-04   4.832817e-20   504
  4.408036e-01   1.055235e-18   7.492773e-09   1.066572e-19   144
  4.416171e-01   5.384187e-19   2.212265e-04   2.068869e-20   464
  4.428396e-01   7.301921e-19   3.246624e-04   5.214824e-20   432
  4.434197e-01   6.202796e-19   5.619580e-09   5.557428e-20   192
  4.449189e-01   6.852389e-19   2.406833e-04   4.432161e-20   396
  4.458042e-01   4.998830e-19   2.162000e-04   3.150829e-20   288
  4.466990e-01   5.777394e-19   2.135686e-04   4.539038e-20   336
  4.481283e-01   6.815698e-19   1.352359e-04   4.384184e-20   432
  4.490354e-01   5.767446e-19   3.505126e-04   3.784114e-20   360
  4.500539e-01   6.720435e-19   2.073334e-04   3.166285e-20   384
  4.515004e-01   5.798775e-19   1.830116e-04   5.646191e-20   198
  4.521974e-01   5.990166e-19   2.080246e-04   3.738253e-20   552
  4.534970e-01   8.999108e-19   2.912202e-04   5.876938e-20   432
  4.545821e-01   6.628344e-19   0.000000e+00   6.574227e-20   168
  4.554927e-01   8.710521e-19   3.610065e-04   5.230695e-20   480
  4.566974e-01   5.131709e-19   0.000000e+00   3.695179e-20   120
  4.572396e-01   6.659025e-19   2.948545e-04   4.742292e-20   336
  4.585628e-01   5.628360e-19   2.080152e-04   3.057015e-20   672
  4.598711e-01   7.768493e-19   3.025866e-04   4.903251e-20   528
  4.604805e-01   3.751718e-19   9.082613e-09   2.553025e-20   168
  4.618883e-01   6.373872e-19   3.375333e-04   3.877475e-20   456
  4.627474e-01   7.841711e-19   2.061344e-04   7.922202e-20   168
  4.636392e-01   5.498144e-19   2.057643e-04   2.646456e-20   504
  4.651216e-01   3.649226e-19   2.647872e-04   2.648710e-20   336
  4.660180e-01   6.579512e-19   1.908802e-04   4.971062e-20   312
  4.670124e-01   5.148435e-19   1.865029e-04   2.701514e-20   504
  4.683210e-01   4.357066e-19   1.294009e-04   2.468778e-20   432
  4.689362e-01   4.717602e-19   1.999672e-04   2.604064e-20   312
  4.702151e-01   4.163374e-19   2.049761e-04   2.550400e-20   384
  4.715504e-01   8.573057e-19   1.741510e-04   1.116065e-19   126
  4.723748e-01   7.170444e-19   3.057676e-04   5.642381e-20   492
  4.734278e-01   6.185749e-19   1.958445e-04   4.339682e-20   528
  4.747438e-01   5.165057e-19   1.989360e-04   3.836265e-20   480
  4.755596e-01   7.022624e-19   2.748289e-04   5.082435e-20   432
  4.767402e-01   5.712017e-19   2.161166e-04   3.653021e-20   440
  4.781114e-01   7.009974e-19   1.074739e-04   5.852684e-20   312
  4.786259e-01   4.639362e-19   1.610586e-04   3.586119e-20   480
  4.796813e-01   5.464428e-19   3.153497e-04   4.173218e-20   408
  4.812233e-01   7.199375e-19   1.888588e-04   5.622258e-20   360
  4.818747e-01   5.208544e-19   1.822418e-04   3.718708e-20   408
  4.830820e-01   3.808355e-19   1.854542e-04   2.565884e-20   456
  4.844414e-01   4.771130e-19   1.772485e-04   3.093837e-20   264
  4.851959e-01   4.790155e-19   1.923591e-04   2.917929e-20   384
  4.862943e-01   4.255326e-19   3.238501e-04   2.211545e-20   672
  4.875640e-01   5.511873e-19   1.937042e-04   4.320376e-20   240
  4.882967e-01   3.687944e-19   1.965613e-04   2.074209e-20   264
  4.893308e-01   3.021763e-19   2.424259e-04   1.669512e-20   624
  4.908739e-01   3.882378e-19   0.000000e+00   5.262271e-20   150
  4.914232e-01   6.229905e-19   2.716574e-04   3.788063e-20   600
  4.925819e-01   5.583917e-19   1.874909e-04   3.205518e-20   672
  4.938939e-01   4.173636e-19   1.763484e-04   3.300847e-20   336
  4.946248e-01   6.932441e-19   1.918157e-04   5.102439e-20   408
  4.957926e-01   5.518146e-19   1.913639e-04   4.613670e-20   408
  4.970915e-01   4.954538e-19   9.676385e-05   3.165262e-20   360
  4.978921e-01   5.455610e-19   3.552857e-04   4.021058e-20   456
  4.988592e-01   4.316145e-19   1.932065e-04   3.446172e-20   384
  5.000902e-01   2.895727e-19   1.783541e-04   2.054744e-20   348
  5.007554e-01   5.783743e-19   2.198754e-04   4.239755e-20   576
  5.020050e-01   3.471224e-19   1.810385e-04   2.321001e-20   504
  5.032833e-01   3.945584e-19   2.553443e-04   2.375806e-20   432
  5.043991e-01   4.302891e-19   3.473946e-04   2.391541e-20   576
  5.051948e-01   3.081224e-19   0.000000e+00   2.637468e-20   264
  5.064571e-01   3.425198e-19   2.764393e-04   1.642656e-20   768
  5.075549e-01   1.873352e-19   3.721752e-04   1.022335e-20   240
  5.084277e-01   4.222241e-19   3.282233e-04   5.472308e-20   192
  5.096990e-01   2.995656e-19   2.416124e-04   1.934293e-20   504
  5.106418e-01   5.606919e-19   3.255818e-04   4.112714e-20   590
  5.115460e-01   5.823380e-19   3.647966e-04   4.567995e-20   384
  5.126798e-01   4.790740e-19   3.048625e-04   4.327632e-20   504
  5.140486e-01   5.203364e-19   2.933830e-04   3.514264e-20   648
  5.153764e-01   3.749948e-19   7.967896e-05   3.401468e-20   504
  5.159117e-01   4.392724e-19   1.817627e-04   3.549656e-20   312
  5.168569e-01   4.487275e-19   2.618753e-04   2.582377e-20   576
  5.181545e-01   5.725304e-19   1.822405e-04   5.762087e-20   240
  5.189109e-01   2.883387e-19   1.841453e-04   1.438836e-20   552
  5.199816e-01   3.918421e-19   1.729082e-04   2.397381e-20   600
  5.215067e-01   3.534847e-19   2.111937e-04   2.299598e-20   600
  5.224237e-01   3.551643e-19   3.382099e-04   3.024998e-20   312
  5.233368e-01   4.122059e-19   2.945474e-04   2.671192e-20   480
  5.244775e-01   2.681647e-19   1.837693e-04   1.794266e-20   576
  5.254818e-01   4.341766e-19   2.959085e-04   3.708967e-20   408
  5.263729e-01   1.254986e-19   3.451909e-04   9.182770e-21   216
  5.275243e-01   3.368958e-19   2.643774e-04   1.780879e-20   516
  5.287578e-01   3.146364e-19   2.522429e-04   1.573867e-20   744
  5.300304e-01   3.855942e-19   1.684760e-04   2.838721e-20   462
  5.307494e-01   3.493161e-19   1.712315e-04   3.470096e-20   432
  5.318647e-01   4.652310e-19   1.588547e-04   3.552153e-20   648
  5.331761e-01   3.824970e-19   2.324340e-04   3.291394e-20   528
  5.342295e-01   4.289576e-19   2.799086e-04   2.907048e-20   600
  5.352820e-01   6.366643e-19   3.528915e-04   5.453219e-20   240
  5.363014e-01   3.382134e-19   2.703115e-04   2.420452e-20   720
  5.374863e-01   3.245959e-19   2.138653e-04   2.305276e-20   720
  5.387997e-01   1.289765e-19   0.000000e+00   9.704079e-21   144
  5.394909e-01   3.934089e-19   2.757364e-04   2.487488e-20   720
  5.404742e-01   4.211351e-19   1.653370e-04   3.296144e-20   384
  5.417051e-01   2.728649e-19   1.832848e-04   1.530055e-20   672
  5.428730e-01   3.331632e-19   3.209115e-04   2.781819e-20   336
  5.434308e-01   3.483310e-19   0.000000e+00   3.178590e-20   288
  5.447967e-01   2.752784e-19   2.539800e-04   1.787710e-20   776
  5.460612e-01   2.283661e-19   2.173184e-04   1.172137e-20   720
  5.471231e-01   2.099932e-19   1.750659e-04   1.257258e-20   432
  5.479725e-01   3.087894e-19   2.495786e-04   1.867308e-20   504
  5.489174e-01   3.125334e-19   1.748652e-04   2.476497e-20   528
  5.502396e-01   4.059476e-19   2.382437e-04   4.188008e-20   438
  5.513273e-01   3.681696e-19   2.772938e-04   2.796068e-20   624
  5.521470e-01   3.855783e-19   3.396475e-04   3.500622e-20   312
  5.532738e-01   4.652263e-19   1.829935e-04   2.730072e-20   696
  5.544390e-01   3.371390e-19   1.655760e-04   2.806706e-20   552
  5.556509e-01   3.581361e-19   1.281006e-04   2.821299e-20   516
  5.564006e-01   3.798401e-19   2.558713e-04   2.853677e-20   528
  5.573133e-01   1.518123e-19   1.664001e-04   8.635209e-21   528
  5.586097e-01   2.855374e-19   2.194479e-04   1.702388e-20   864
  5.594897e-01   3.552745e-19   3.005985e-04   3.197913e-20   408
  5.603706e-01   4.479629e-19   2.978186e-04   4.269342e-20   192
  5.616191e-01   2.195363e-19   2.464592e-04   1.322019e-20   720
  5.626731e-01   2.180436e-19   2.272475e-04   1.283460e-20   696
  5.639255e-01   2.648264e-19   2.454294e-04   1.845845e-20   720
  5.650713e-01   2.686126e-19   3.326501e-04   1.992781e-20   432
  5.657395e-01   1.509043e-19   1.958109e-04   9.485982e-21   264
  5.669418e-01   2.521773e-19   2.704061e-04   1.596779e-20   672
  5.680171e-01   2.429168e-19   2.768544e-04   1.550307e-20   600
  5.692933e-01   1.369527e-19   1.620980e-04   2.333027e-20   270
  5.699366e-01   3.989544e-19   2.440026e-04   4.526416e-20   528
  5.709591e-01   3.304252e-19   1.670843e-04   2.481592e-20   840
  5.723613e-01   3.583312e-19   3.194952e-04   2.127419e-20   888
  5.736568e-01   2.491362e-19   2.380474e-04   1.919244e-20   744
  5.747517e-01   2.679382e-19   1.223216e-04   2.100442e-20   456
  5.752963e-01   5.378931e-19   1.671601e-04   4.291362e-20   360
  5.762282e-01   2.631978e-19   1.448348e-04   2.825343e-20   384
  5.776580e-01   2.961491e-19   2.323137e-04   2.030932e-20   816
  5.787308e-01   2.591772e-19   3.370546e-04   1.710145e-20   824
  5.800348e-01   2.092154e-19   1.566791e-04   1.896483e-20   360
  5.807331e-01   2.338409e-19   2.311994e-04   1.428928e-20   624
  5.816941e-01   3.186504e-19   1.562320e-04   2.751012e-20   360
  5.829744e-01   1.950298e-19   2.125215e-04   1.143370e-20   876
  5.841306e-01   1.956219e-19   2.524119e-04   1.253656e-20   696
  5.852967e-01   1.530958e-19   1.629911e-04   1.122651e-20   336
  5.859080e-01   2.560759e-19   1.628079e-04   1.770717e-20   504
  5.869176e-01   2.012285e-19   1.642187e-04   1.492726e-20   672
  5.884155e-01   1.464041e-19   3.269213e-04   7.629236e-21   720
  5.894543e-01   2.339871e-19   2.469541e-04   1.767361e-20   774
  5.906010e-01   4.310614e-19   1.413501e-04   4.225617e-20   384
  5.912015e-01   2.565419e-19   2.720183e-04   1.709717e-20   528
  5.921335e-01   2.947648e-19   2.592486e-04   2.352365e-20   744
  5.936327e-01   2.929189e-19   2.138251e-04   2.118613e-20   768
  5.946281e-01   3.161736e-19   2.400348e-04   2.962737e-20   552
  5.958700e-01   2.028435e-19   2.616108e-04   1.391990e-20   696
  5.967938e-01   3.284530e-19   3.179026e-04   3.016991e-20   408
  5.975272e-01   2.593067e-19   1.373364e-04   2.304384e-20   504
  5.986899e-01   1.961737e-19   2.467198e-04   1.180180e-20   888
  5.998339e-01   1.998887e-19   2.564132e-04   1.713396e-20   648
  6.010230e-01   1.886946e-19   2.542153e-04   1.479151e-20   648
  6.021418e-01   2.111089e-19   2.741064e-04   1.374036e-20   792
  6.033268e-01   1.907281e-19   4.010364e-04   1.631365e-20   600
  6.042000e-01   9.399090e-20   2.717856e-04   5.476178e-21   456
  6.051191e-01   1.998643e-19   1.324567e-04   1.454728e-20   648
  6.062996e-01   1.513296e-19   2.583099e-04   8.899219e-21   936
  6.075741e-01   2.147452e-19   1.586356e-04   1.317952e-20   384
  6.086836e-01   2.708106e-19   1.334798e-08   4.567759e-20   198
  6.095398e-01   2.202027e-19   4.024720e-04   1.375898e-20   1224
  6.104634e-01   2.993355e-19   2.931235e-04   2.761020e-20   420
  6.115558e-01   2.085809e-19   2.836822e-04   1.566148e-20   792
  6.126238e-01   2.216182e-19   2.345810e-04   1.684237e-20   680
  6.138428e-01   2.099312e-19   2.154033e-04   1.790400e-20   600
  6.148235e-01   1.869930e-19   3.123938e-04   1.200672e-20   840
  6.161330e-01   1.561916e-19   1.474979e-04   1.135297e-20   432
  6.166334e-01   2.361318e-19   1.382249e-04   1.741375e-20   720
  6.177213e-01   1.521838e-19   2.768404e-04   8.804637e-21   960
  6.190745e-01   1.554415e-19   2.467829e-04   1.446717e-20   528
  6.200634e-01   1.748776e-19   2.522592e-04   1.246852e-20   624
  6.212404e-01   1.959706e-19   1.982740e-04   1.241541e-20   816
  6.224086e-01   1.469537e-19   3.260658e-04   1.020540e-20   696
  6.236996e-01   1.074501e-19   2.202416e-08   9.112683e-21   240
  6.241851e-01   1.569941e-19   1.922888e-04   1.169931e-20   672
  6.252686e-01   1.390468e-19   3.436476e-04   9.847723e-21   864
  6.264840e-01   9.273639e-20   2.636938e-04   5.793102e-21   816
  6.275795e-01   1.192359e-19   1.509292e-04   8.771404e-21   648
  6.287594e-01   1.878890e-19   1.542771e-04   1.259736e-20   843
  6.297611e-01   1.415168e-19   2.775825e-04   1.204068e-20   780
  6.309548e-01   1.760577e-19   1.489456e-04   3.306768e-20   216
  6.316911e-01   1.811472e-19   3.591661e-04   1.580153e-20   1056
  6.328235e-01   1.046514e-19   2.938382e-04   1.455821e-20   228
  6.338720e-01   1.754070e-19   3.658358e-04   1.292542e-20   924
  6.349484e-01   1.313560e-19   1.357046e-04   7.194265e-21   696
  6.360882e-01   1.418641e-19   2.415153e-04   9.778721e-21   996
  6.372543e-01   9.398730e-20   1.425858e-04   1.072896e-20   576
  6.384675e-01   1.134196e-19   2.200718e-04   1.096123e-20   552
  6.393519e-01   1.508590e-19   2.627580e-04   1.214085e-20   516
  6.402494e-01   1.304256e-19   3.821047e-04   9.967236e-21   744
  6.412749e-01   6.482798e-20   1.874451e-04   4.575511e-21   576
  6.421669e-01   9.397489e-20   1.929285e-04   5.783596e-21   792
  6.434346e-01   9.851483e-20   2.205530e-04   7.597473e-21   792
  6.443636e-01   9.192678e-20   2.378641e-04   6.744637e-21   720
  6.456200e-01   7.607579e-20   2.711104e-04   4.130035e-21   656
  6.467974e-01   8.802558e-20   2.960385e-04   5.783012e-21   816
  6.480043e-01   8.648441e-20   1.596190e-04   7.664239e-21   492
  6.486903e-01   8.380156e-20   2.296231e-04   5.501040e-21   552
  6.499778e-01   6.538020e-20   3.992867e-04   4.446307e-21   780
  6.508139e-01   7.439963e-20   2.452771e-04   5.229160e-21   528
  6.517148e-01   6.731253e-20   2.863130e-04   6.212291e-21   600
  6.530425e-01   7.677232e-20   2.379487e-04   4.192332e-21   900
  6.539577e-01   7.314138e-20   1.317325e-04   5.218876e-21   696
  6.552168e-01   6.451186e-20   3.330907e-04   4.661474e-21   696
  6.564349e-01   4.703264e-20   1.351317e-04   2.560516e-21   552
  6.574592e-01   6.439007e-20   1.571457e-04   4.115707e-21   708
  6.585322e-01   6.263972e-20   2.594565e-04   3.860125e-21   876
  6.596487e-01   6.955883e-20   1.377663e-04   7.646491e-21   216
  6.603980e-01   6.036502e-20   3.768094e-04   2.599078e-21   1032
  6.615201e-01   4.868054e-20   4.195357e-04   3.221278e-21   600
  6.626848e-01   4.052411e-20   2.001869e-04   3.154048e-21   600
  6.635732e-01   6.020722e-20   3.535112e-04   3.246842e-21   528
  6.646233e-01   4.801297e-20   1.940622e-04   2.425238e-21   732
  6.657296e-01   6.660509e-20   1.432973e-04   5.543174e-21   336
  6.670031e-01   4.744145e-20   2.042271e-04   2.595952e-21   912
  6.679548e-01   3.444198e-20   2.049821e-04   1.886492e-21   624
  6.689946e-01   4.762403e-20   1.727341e-04   2.554176e-21   768
  6.702082e-01   4.180546e-20   3.116463e-04   1.892607e-21   792
  6.713995e-01   5.111941e-20   1.545014e-04   3.573141e-21   660
  6.722471e-01   4.720811e-20   2.276826e-04   3.179633e-21   504
  6.731238e-01   3.413103e-20   3.719898e-04   2.046768e-21   480
  6.744376e-01   3.277180e-20   3.440421e-04   1.663490e-21   912
  6.754664e-01   3.838610e-20   3.831443e-04   2.713569e-21   432
  6.764380e-01   4.596850e-20   2.275021e-04   2.643460e-21   564
  6.773006e-01   3.490931e-20   2.177508e-04   1.328565e-21   600
  6.785149e-01   4.738121e-20   3.035240e-04   2.196353e-21   876
  6.794272e-01   3.540283e-20   1.364735e-04   2.768390e-21   264
  6.806846e-01   3.063100e-20   2.648123e-04   1.853537e-21   560
  6.816953e-01   3.343213e-20   1.799457e-04   1.371982e-21   840
  6.829222e-01   2.886666e-20   2.774244e-04   1.248339e-21   1008
  6.840568e-01   2.335292e-20   1.241010e-04   1.087790e-21   456
  6.850930e-01   3.362855e-20   1.607553e-04   1.804281e-21   576
  6.860509e-01   3.517756e-20   2.470177e-04   1.982266e-21   612
  6.873140e-01   3.095063e-20   2.206269e-04   1.328069e-21   780
  6.883444e-01   3.049617e-20   2.528284e-04   1.629690e-21   648
  6.893992e-01   2.982468e-20   1.178213e-04   2.455831e-21   312
  6.900734e-01   2.555527e-20   2.993645e-04   1.188044e-21   528
  6.912414e-01   2.367772e-20   3.909551e-04   8.351769e-22   720
  6.923583e-01   2.975066e-20   3.921794e-04   1.955388e-21   576
  6.937124e-01   2.640729e-20   3.383053e-04   1.478967e-21   444
  6.945549e-01   2.622604e-20   3.317685e-04   9.596691e-22   996
  6.955874e-01   2.147571e-20   2.771265e-04   1.344928e-21   432
  6.965633e-01   2.769087e-20   3.033990e-04   1.353896e-21   504
  6.974062e-01   1.562753e-20   1.367883e-04   6.290898e-22   504
  6.986065e-01   2.625572e-20   2.692009e-04   9.123947e-22   876
  6.996926e-01   2.154545e-20   3.098246e-04   1.047666e-21   504
  7.008236e-01   2.284548e-20   1.975899e-04   1.074156e-21   696
  7.017583e-01   2.093363e-20   1.689187e-04   9.415390e-22   492
  7.030300e-01   2.025847e-20   2.418152e-04   1.371882e-21   432
  7.039719e-01   2.265491e-20   2.264335e-04   8.838458e-22   768
  7.050885e-01   1.957422e-20   2.820533e-04   8.726280e-22   648
  7.061547e-01   2.096528e-20   1.840095e-04   1.168026e-21   456
  7.073798e-01   2.346834e-20   2.530430e-04   1.024637e-21   552
  7.082306e-01   1.746695e-20   1.734358e-04   7.782490e-22   648
  7.094016e-01   1.676433e-20   2.826907e-04   6.262180e-22   840
  7.105454e-01   1.793181e-20   1.348092e-04   7.756773e-22   432
  7.116906e-01   2.077173e-20   1.651183e-04   1.387468e-21   600
  7.124870e-01   2.192159e-20   1.759227e-04   1.214101e-21   432
  7.138248e-01   2.020809e-20   1.751482e-04   9.271234e-22   560
  7.147308e-01   1.819770e-20   2.772412e-04   6.699974e-22   840
  7.158652e-01   1.853058e-20   1.642140e-04   9.405169e-22   504
  7.167662e-01   1.792381e-20   3.351509e-04   7.831583e-22   696
  7.180362e-01   2.073026e-20   1.830475e-04   1.213283e-21   384
  7.190254e-01   1.443280e-20   2.681431e-04   6.247373e-22   576
  7.202219e-01   1.636655e-20   1.654845e-04   9.056030e-22   360
  7.211864e-01   1.827463e-20   2.464465e-04   6.621169e-22   828
  7.222268e-01   1.502531e-20   2.195064e-04   6.788603e-22   372
  7.231800e-01   1.515047e-20   3.352284e-04   7.090051e-22   576
  7.244428e-01   1.733423e-20   1.403933e-04   7.290804e-22   636
  7.253425e-01   1.794348e-20   2.706420e-04   7.416746e-22   648
  7.265596e-01   1.390504e-20   2.200024e-04   6.411470e-22   576
  7.274333e-01   1.419089e-20   3.548870e-04   6.154062e-22   528
  7.285953e-01   1.517328e-20   1.517289e-04   9.191523e-22   360
  7.295571e-01   1.339268e-20   3.490332e-04   4.760833e-22   672
  7.308130e-01   1.437075e-20   1.787806e-04   5.321159e-22   804
  7.318582e-01   1.533541e-20   1.972163e-04   7.656455e-22   408
  7.330145e-01   1.506801e-20   1.219011e-04   7.263860e-22   384
  7.337931e-01   1.344484e-20   2.789567e-04   8.906731e-22   480
  7.348913e-01   1.278903e-20   1.802469e-04   6.944768e-22   432
  7.359446e-01   1.403687e-20   3.321566e-04   5.075715e-22   648
  7.371913e-01   1.253078e-20   2.061016e-04   5.001709e-22   624
  7.381033e-01   1.335665e-20   1.874668e-04   6.212882e-22   456
  7.393486e-01   1.269110e-20   2.560963e-04   5.037545e-22   588
  7.401831e-01   1.198636e-20   1.633884e-04   4.747578e-22   600
  7.414016e-01   1.255935e-20   2.548458e-04   4.608621e-22   708
  7.423640e-01   1.392710e-20   1.605479e-04   6.870127e-22   360
  7.434275e-01   1.248007e-20   1.845541e-04   5.801823e-22   552
  7.444470e-01   1.037980e-20   1.294691e-04   6.605113e-22   288
  7.454820e-01   1.145770e-20   2.434372e-04   5.370915e-22   528
  7.464545e-01   1.459601e-20   1.642340e-04   6.196792e-22   456
  7.475410e-01   1.285528e-20   2.912225e-04   5.110313e-22   608
  7.486338e-01   1.041250e-20   1.408967e-04   4.114915e-22   504
  7.498278e-01   9.561255e-21   3.024972e-04   4.268009e-22   540
  7.507642e-01   1.228658e-20   3.247222e-04   8.322472e-22   360
  7.517735e-01   1.231788e-20   1.470509e-04   5.659757e-22   540
  7.526661e-01   1.097567e-20   1.262606e-04   4.375912e-22   576
  7.539642e-01   1.094264e-20   2.927555e-04   4.194585e-22   588
  7.551985e-01   1.112506e-20   4.039143e-04   4.157607e-22   672
  7.562588e-01   1.203409e-20   3.087151e-04   5.123392e-22   552
  7.571135e-01   1.294303e-20   3.088712e-04   1.008095e-21   144
  7.582042e-01   1.071837e-20   2.624178e-04   4.407023e-22   600
  7.592383e-01   9.872447e-21   3.288668e-04   4.476192e-22   504
  7.603860e-01   9.919088e-21   3.378126e-04   4.905804e-22   336
  7.615932e-01   1.156090e-20   3.797028e-04   4.486639e-22   600
  7.626744e-01   1.075516e-20   2.450478e-04   4.507677e-22   636
  7.638413e-01   9.858058e-21   1.970206e-04   4.564593e-22   384
  7.646595e-01   1.003024e-20   2.748205e-04   4.688217e-22   504
  7.658387e-01   7.148577e-21   1.153383e-04   4.575463e-22   240
  7.667694e-01   9.712582e-21   2.709461e-04   3.598491e-22   744
  7.678860e-01   9.078604e-21   1.850150e-04   3.346925e-22   648
  7.688783e-01   1.367881e-20   1.228185e-04   1.063226e-21   120
  7.700414e-01   9.623113e-21   1.929319e-04   3.420827e-22   564
  7.709202e-01   1.102005e-20   3.030111e-04   5.243280e-22   432
  7.720932e-01   9.159734e-21   2.351965e-04   4.029167e-22   480
  7.729764e-01   7.511820e-21   1.731106e-04   3.127530e-22   456
  7.740189e-01   9.923600e-21   2.864725e-04   4.924427e-22   444
  7.752020e-01   8.021038e-21   4.383180e-04   3.348482e-22   528
  7.762412e-01   9.856939e-21   3.255297e-04   7.732432e-22   264
  7.772498e-01   9.694338e-21   3.336195e-04   4.576153e-22   444
  7.786065e-01   9.496545e-21   3.654311e-04   3.601709e-22   696
  7.797327e-01   8.941087e-21   1.954448e-04   5.076365e-22   384
  7.805563e-01   8.865155e-21   2.469609e-04   4.138641e-22   432
  7.818373e-01   8.709617e-21   1.706384e-04   3.661157e-22   488
  7.826690e-01   9.195812e-21   2.571733e-04   4.831215e-22   480
  7.838749e-01   7.536181e-21   2.868014e-04   3.560580e-22   480
  7.848089e-01   8.282597e-21   1.203331e-04   4.133458e-22   240
  7.858692e-01   8.916693e-21   2.810886e-04   3.768965e-22   600
  7.868694e-01   7.891834e-21   2.449399e-04   4.404420e-22   288
  7.879343e-01   9.583068e-21   2.356143e-04   4.078905e-22   480
  7.890129e-01   7.724421e-21   4.191157e-04   3.246411e-22   504
  7.900748e-01   7.424258e-21   1.798267e-04   4.732931e-22   216
  7.914291e-01   7.414628e-21   2.944050e-04   3.080244e-22   504
  7.924838e-01   7.567864e-21   2.367912e-04   2.894830e-22   456
  7.936384e-01   8.564526e-21   1.358038e-04   4.241838e-22   384
  7.944031e-01   7.931616e-21   2.756326e-04   3.544756e-22   480
  7.954897e-01   7.381527e-21   2.420363e-04   3.306859e-22   504
  7.964966e-01   6.702970e-21   1.535327e-04   3.988766e-22   312
  7.975815e-01   7.919078e-21   2.474127e-04   3.150469e-22   492
  7.985417e-01   8.088330e-21   2.318919e-04   4.714257e-22   312
  7.997779e-01   7.034155e-21   3.766899e-04   2.797750e-22   576
  8.008661e-01   7.117327e-21   3.477153e-04   3.781439e-22   336
  8.017699e-01   6.055406e-21   2.677247e-04   4.084990e-22   240
  8.030228e-01   8.034194e-21   3.549351e-04   3.534135e-22   468
  8.041047e-01   7.854212e-21   2.222407e-04   5.180460e-22   192
  8.052370e-01   7.210732e-21   2.229031e-04   4.001356e-22   324
  8.060669e-01   7.258948e-21   1.617794e-04   3.080919e-22   600
  8.071978e-01   7.660034e-21   2.624704e-04   3.121358e-22   456
  8.080377e-01   6.664284e-21   1.180592e-04   3.846636e-22   336
  8.094297e-01   6.726769e-21   3.535027e-04   2.540481e-22   612
  8.104424e-01   6.390513e-21   2.966749e-04   4.039882e-22   144
  8.114002e-01   7.142838e-21   3.462957e-04   2.839098e-22   552
  8.127025e-01   6.510628e-21   1.363755e-04   4.099851e-22   264
  8.134384e-01   6.911374e-21   3.157441e-04   3.111726e-22   336
  8.145992e-01   5.797838e-21   2.086329e-04   2.461409e-22   384
  8.156059e-01   7.417091e-21   1.174397e-04   3.789489e-22   216
  8.167203e-01   5.891344e-21   2.489964e-04   2.912208e-22   344
  8.177364e-01   6.326773e-21   3.715143e-04   3.839422e-22   408
  8.189746e-01   6.153110e-21   2.854845e-04   3.649072e-22   264
  8.200718e-01   6.580222e-21   3.979796e-04   3.075049e-22   612
  8.211681e-01   8.357937e-21   2.048307e-04   4.156696e-22   408
  8.222956e-01   6.343013e-21   2.051251e-04   2.828046e-22   444
  8.231239e-01   8.054122e-21   1.147249e-04   6.593445e-22   120
  8.242338e-01   7.600322e-21   3.169640e-04   4.330206e-22   336
  8.250576e-01   5.828188e-21   1.101437e-04   3.074356e-22   288
  8.261708e-01   7.353284e-21   3.427692e-04   3.342658e-22   552
  8.277012e-01   6.608636e-21   1.835347e-08   9.070077e-22   72
  8.284882e-01   6.105698e-21   3.404572e-04   2.390756e-22   504
  8.294074e-01   5.251771e-21   1.095558e-04   3.367534e-22   216
  8.305983e-01   6.223580e-21   1.956043e-04   4.199009e-22   312
  8.316675e-01   6.382549e-21   2.227263e-04   3.200516e-22   336
  8.326865e-01   6.016543e-21   3.087236e-04   4.064735e-22   204
  8.337014e-01   6.615382e-21   3.587838e-04   2.663101e-22   504
  8.347777e-01   6.514862e-21   3.416652e-04   2.948973e-22   396
  8.358127e-01   6.942733e-21   3.133249e-04   3.710461e-22   312
  8.370674e-01   6.739437e-21   1.914750e-04   4.150996e-22   216
  8.379516e-01   6.938841e-21   1.039172e-04   5.464493e-22   168
  8.390260e-01   6.102107e-21   2.623966e-04   2.685176e-22   588
  8.402521e-01   5.352862e-21   3.561727e-04   3.620534e-22   240
  8.412047e-01   4.720622e-21   3.145601e-04   2.760623e-22   264
  8.423219e-01   5.991513e-21   3.890183e-04   3.553261e-22   288
  8.433131e-01   6.611618e-21   1.942596e-04   3.704630e-22   288
  8.445693e-01   6.734441e-21   1.824406e-04   3.707727e-22   288
  8.454153e-01   5.361112e-21   2.113423e-04   3.638491e-22   192
  8.464795e-01   5.182566e-21   2.248894e-04   2.556008e-22   264
  8.474933e-01   6.558129e-21   3.699119e-04   2.901481e-22   372
  8.485844e-01   6.711595e-21   3.995208e-04   3.473934e-22   360
  8.499161e-01   5.985525e-21   1.690810e-04   4.398413e-22   144
  8.506044e-01   5.246813e-21   2.348461e-04   3.287094e-22   296
  8.516909e-01   6.052151e-21   2.530345e-04   3.784103e-22   288
  8.529347e-01   5.797182e-21   3.781537e-04   2.413477e-22   480
  8.540076e-01   5.371934e-21   3.142096e-04   3.604146e-22   192
  8.550509e-01   5.199163e-21   3.370327e-04   4.164511e-22   192
  8.559992e-01   5.245384e-21   2.147949e-04   3.032511e-22   288
  8.573180e-01   5.071544e-21   1.869760e-04   4.234845e-22   108
  8.579823e-01   6.822304e-21   1.797545e-04   3.891126e-22   240
  8.591554e-01   4.790608e-21   3.353363e-04   2.269164e-22   384
  8.603605e-01   7.021485e-21   4.090723e-04   8.935159e-22   108
  8.614261e-01   6.701520e-21   2.398466e-04   3.616453e-22   348
  8.625466e-01   5.539137e-21   2.503134e-04   2.721278e-22   312
  8.635474e-01   3.451579e-21   2.432319e-04   3.341874e-22   96
  8.644677e-01   5.680637e-21   3.238194e-04   2.511772e-22   384
  8.654984e-01   5.575283e-21   2.227222e-04   4.789386e-22   144
  8.665066e-01   5.973406e-21   3.422225e-04   2.781674e-22   408
  8.677598e-01   4.356794e-21   1.526554e-04   4.433470e-22   144
  8.689437e-01   4.378532e-21   2.934816e-04   2.715963e-22   192
  8.696459e-01   6.353712e-21   3.303190e-04   4.228549e-22   144
  8.707904e-01   4.874418e-21   2.685615e-04   3.649921e-22   144
  8.718702e-01   5.290996e-21   3.282257e-04   2.845473e-22   336
  8.731927e-01   4.721225e-21   2.428454e-04   2.461535e-22   240
  8.740312e-01   5.408507e-21   1.102739e-04   6.420079e-22   96
  8.752007e-01   6.161984e-21   3.233803e-04   3.767880e-22   372
  8.763838e-01   4.302148e-21   3.846540e-04   3.266345e-22   132
  8.774230e-01   5.344329e-21   2.380193e-04   3.854976e-22   264
  8.783527e-01   4.954808e-21   1.827880e-04   3.251267e-22   168
  8.793449e-01   5.133516e-21   2.922429e-04   3.324495e-22   216
  8.802213e-01   5.282193e-21   1.787978e-04   3.258096e-22   216
  8.814979e-01   5.329921e-21   3.280196e-04   4.124069e-22   96
  8.826561e-01   5.626160e-21   2.140028e-04   4.899015e-22   120
  8.837183e-01   4.621635e-21   2.720578e-04   2.805363e-22   216
  8.845934e-01   4.666193e-21   1.188902e-04   3.274692e-22   200
  8.857519e-01   4.470890e-21   3.077557e-04   2.920945e-22   288
  8.872378e-01   4.180759e-21   8.097649e-05   2.876441e-22   144
  8.878635e-01   5.476823e-21   2.519939e-04   4.851791e-22   168
  8.891412e-01   5.388571e-21   2.835956e-04   5.318429e-22   159
  8.901386e-01   4.169587e-21   2.975600e-04   2.820318e-22   174
  8.911039e-01   4.355901e-21   2.698170e-04   3.440863e-22   144
  8.923678e-01   4.458174e-21   1.557998e-04   2.538389e-22   222
  8.932131e-01   4.528856e-21   1.572158e-04   3.407531e-22   168
  8.946732e-01   7.044506e-21   3.448346e-04   1.026745e-21   30
  8.952763e-01   4.123740e-21   3.044637e-04   3.591633e-22   72
  8.964123e-01   4.499698e-21   2.717302e-04   2.746783e-22   258
  8.976612e-01   4.115010e-21   1.701916e-04   2.238454e-22   264
  8.982857e-01   3.607726e-21   0.000000e+00   3.703039e-22   72
  8.995871e-01   3.953435e-21   3.373270e-04   2.815626e-22   174
  9.007654e-01   4.401054e-21   3.591909e-04   4.326596e-22   168
  9.017127e-01   2.231182e-21   1.123916e-08   1.936691e-22   48
  9.027297e-01   3.564803e-21   2.028435e-04   1.883950e-22   150
  9.039088e-01   4.595176e-21   3.731453e-04   3.757585e-22   168
  9.050911e-01   3.757759e-21   2.273028e-04   2.678932e-22   144
  9.061784e-01   5.233461e-21   2.123525e-04   5.927296e-22   102
  9.069882e-01   3.259966e-21   3.143182e-04   3.558135e-22   96
  9.082731e-01   3.297405e-21   3.119397e-04   2.762668e-22   120
  9.092246e-01   3.449065e-21   3.345635e-04   2.122506e-22   168
  9.102538e-01   4.616502e-21   2.470487e-04   2.955352e-22   126
  9.111308e-01   4.222640e-21   1.863241e-04   3.909615e-22   168
  9.123389e-01   3.362667e-21   2.987709e-04   3.923163e-22   72
  9.133947e-01   3.234102e-21   3.741278e-04   1.680745e-22   168
  9.143196e-01   3.728911e-21   1.025668e-04   2.953634e-22   78
  9.155870e-01   3.597007e-21   1.684070e-04   3.040742e-22   60
  9.166075e-01   5.633082e-21   2.731835e-04   5.657468e-22   96
  9.176659e-01   4.099985e-21   3.314854e-04   2.320808e-22   168
  9.186605e-01   4.280906e-21   2.097511e-04   4.705037e-22   86
  9.197042e-01   3.388775e-21   1.874678e-04   2.997407e-22   120
  9.212002e-01   2.898069e-21   1.336894e-04   1.552443e-22   168
  9.220069e-01   2.760090e-21   0.000000e+00   2.756400e-22   48
  9.230934e-01   4.221375e-21   2.435676e-04   2.759547e-22   120
  9.237177e-01   3.650776e-21   1.776924e-04   2.870591e-22   126
  9.252418e-01   3.214046e-21   3.125113e-04   2.204188e-22   96
  9.262310e-01   4.152426e-21   9.011285e-05   4.051822e-22   96
  9.270111e-01   3.410006e-21   0.000000e+00   2.351710e-22   72
  9.286731e-01   2.743868e-21   1.123916e-08   4.896840e-22   24
  9.297104e-01   4.501223e-21   1.854501e-04   4.334124e-22   120
  9.305196e-01   3.744078e-21   2.705147e-04   3.683990e-22   126
  9.314194e-01   3.369165e-21   2.255107e-04   2.580459e-22   96
  9.324708e-01   2.703453e-21   3.897482e-04   1.939604e-22   72
  9.336415e-01   2.968295e-21   1.685792e-04   1.921035e-22   144
  9.346046e-01   3.443313e-21   9.723254e-05   2.640516e-22   72
  9.355666e-01   2.864519e-21   1.942081e-04   4.065802e-22   54
  9.364132e-01   4.229820e-21   1.711436e-04   3.266781e-22   108
  9.381728e-01   4.086707e-21   1.677650e-04   3.576397e-22   72
  9.387206e-01   4.318547e-21   9.680617e-05   3.066761e-22   72
  9.400202e-01   3.524531e-21   1.946680e-08   3.469047e-22   24
  9.412498e-01   2.827652e-21   2.047976e-04   3.081677e-22   48
  9.419964e-01   3.639680e-21   1.560029e-04   3.818837e-22   102
  9.431203e-01   2.998161e-21   3.528137e-04   2.141698e-22   168
  9.445889e-01   3.462585e-21   1.924163e-04   2.792695e-22   72
  9.451330e-01   2.808964e-21   0.000000e+00   2.939175e-22   48
  9.462744e-01   3.169198e-21   3.309678e-04   2.744171e-22   120
  9.477807e-01   2.471175e-21   2.033864e-04   1.895772e-22   96
  9.492033e-01   3.472022e-21   2.202416e-08   3.748009e-22   30
  9.508942e-01   3.744893e-21   9.555995e-05   3.193277e-22   72
  9.516372e-01   4.247089e-21   1.123916e-08   6.309976e-22   24
  9.525916e-01   2.648864e-21   1.416435e-04   2.520739e-22   56
  9.536606e-01   3.155534e-21   2.021324e-04   2.213167e-22   96
  9.549399e-01   3.130074e-21   2.232036e-04   1.980816e-22   144
  9.559263e-01   3.419581e-21   1.267263e-04   4.418797e-22   54
  9.573592e-01   3.066255e-21   1.898493e-04   2.219103e-22   108
  9.588012e-01   3.009669e-21   1.005243e-04   3.320509e-22   48
  9.601739e-01   2.711134e-21   3.785063e-04   2.280828e-22   72
  9.634680e-01   2.636086e-21   2.500803e-04   1.850440e-22   78
  9.643808e-01   2.795222e-21   1.884669e-04   2.579499e-22   72
  9.654462e-01   2.310269e-21   1.882329e-04   2.130901e-22   72
  9.665603e-01   2.917865e-21   4.542266e-04   2.522505e-22   96
  9.674408e-01   2.961914e-21   1.878449e-04   2.800151e-22   72
  9.685029e-01   3.145952e-21   0.000000e+00   6.298238e-22   24
  9.695638e-01   3.762783e-21   3.748416e-04   3.262997e-22   72
  9.719599e-01   3.482687e-21   2.380359e-04   5.651276e-22   30
  9.724755e-01   3.654933e-21   0.000000e+00   5.516978e-22   24
  9.752466e-01   2.645285e-21   1.976584e-04   2.770340e-22   48
  9.761159e-01   3.082698e-21   4.253608e-04   1.906671e-22   120
  9.772870e-01   2.657730e-21   1.859776e-04   2.111477e-22   72
  9.784697e-01   2.844568e-21   1.857528e-04   3.350425e-22   36
  9.792826e-01   3.313564e-21   3.671339e-04   2.377214e-22   78
  9.815513e-01   2.725493e-21   1.963888e-04   4.502034e-22   48
  9.844928e-01   3.331738e-21   1.589457e-08   4.587035e-22   24
  9.865884e-01   3.079574e-21   1.367612e-04   2.381728e-22   56
  9.876436e-01   2.644265e-21   2.104496e-04   2.017003e-22   102
  9.889860e-01   3.289202e-21   1.498555e-08   2.803937e-22   72
  9.897653e-01   3.233153e-21   0.000000e+00   4.121591e-22   24
  9.911277e-01   2.838995e-21   1.944913e-04   2.386679e-22   48
  9.936528e-01   2.886328e-21   0.000000e+00   4.485902e-22   24
  9.967520e-01   2.292930e-21   0.000000e+00   5.046867e-22   6
  9.977185e-01   2.795262e-21   0.000000e+00   4.531598e-22   24
  9.983623e-01   3.085111e-21   1.820511e-04   2.894830e-22   72
  9.995384e-01   2.648347e-21   3.396336e-04   2.025217e-22   84
  1.000805e+00   2.852432e-21   0.000000e+00   6.345635e-22   24
  1.001190e+00   2.330060e-21   1.589457e-08   2.917439e-22   24
  1.003114e+00   2.887925e-21   1.123916e-08   3.425638e-22   24
  1.005800e+00   2.081039e-21   0.000000e+00   4.390478e-22   6
  1.009244e+00   2.600694e-21   1.910001e-04   2.686655e-22   48
  1.010072e+00   2.773708e-21   3.598129e-04   2.621878e-22   72
  1.011152e+00   3.314675e-21   1.906396e-04   3.283404e-22   48
  1.012867e+00   3.303395e-21   0.000000e+00   4.563245e-22   24
  1.015148e+00   3.064816e-21   1.123916e-08   1.164771e-21   6
  1.020262e+00   5.693654e-21   0.000000e+00   1.247266e-21   8
  1.020640e+00   3.147454e-21   1.123916e-08   2.783388e-22   48
  1.021546e+00   2.121618e-21   1.848806e-04   2.482981e-22   60
  1.022904e+00   2.247708e-21   0.000000e+00   2.516005e-22   24
  1.024787e+00   4.856287e-21   0.000000e+00   1.198855e-21   6
  1.031723e+00   3.162635e-21   0.000000e+00   2.715500e-22   24
  1.032283e+00   2.923756e-21   1.867372e-04   4.019130e-22   48
  1.033217e+00   2.929387e-21   0.000000e+00   3.708167e-22   24
  1.034708e+00   1.821179e-21   1.123916e-08   4.212012e-22   6
  1.043181e+00   2.722368e-21   1.742080e-04   1.908666e-22   36
  1.043797e+00   2.652239e-21   0.000000e+00   4.083780e-22   24
  1.044904e+00   2.115997e-21   0.000000e+00   6.073412e-22   6
  1.054545e+00   3.044519e-21   1.583190e-04   3.497316e-22   32
  1.055367e+00   2.356562e-21   1.123916e-08   6.890531e-22   6
  1.065728e+00   3.316905e-21   0.000000e+00   6.583126e-22   12
  1.066089e+00   1.533997e-21   0.000000e+00   2.453099e-22   6
  1.077063e+00   1.231403e-21   1.589457e-08   1.894024e-22   6
