# power spectrum of B
# redshift z=10.000000
# k              Pk             sigma(k)       sigma(Pk)      count
  1.963495e-02   5.565472e-17   0.000000e+00   7.647952e-18   6
  2.776802e-02   5.237568e-17   0.000000e+00   6.656610e-18   12
  3.400874e-02   3.538379e-17   3.725290e-10   1.289627e-17   8
  3.926991e-02   4.063680e-17   0.000000e+00   8.658887e-18   6
  4.390509e-02   6.582816e-17   0.000000e+00   9.280432e-18   24
  4.809562e-02   3.368903e-17   7.024475e-10   3.707945e-18   24
  5.553604e-02   3.010723e-17   0.000000e+00   3.967161e-18   12
  5.890486e-02   4.007751e-17   7.947286e-10   6.092603e-18   30
  6.209118e-02   3.896939e-17   0.000000e+00   4.268862e-18   24
  6.512178e-02   6.285964e-17   1.216675e-09   9.423040e-18   24
  6.801748e-02   3.952337e-17   7.450581e-10   9.251573e-18   8
  7.079483e-02   2.488712e-17   9.934107e-10   3.466309e-18   24
  7.346727e-02   3.736319e-17   0.000000e+00   3.510507e-18   48
  7.853982e-02   2.695852e-17   0.000000e+00   1.935763e-18   6
  8.095699e-02   3.073074e-17   1.404895e-09   3.155425e-18   48
  8.330406e-02   3.675863e-17   0.000000e+00   2.950758e-18   36
  8.558678e-02   1.841942e-17   9.934107e-10   2.944070e-18   24
  8.781018e-02   2.738475e-17   0.000000e+00   4.064453e-18   24
  8.997866e-02   2.323476e-17   0.000000e+00   1.890512e-18   48
  9.209610e-02   2.136073e-17   1.404895e-09   2.353206e-18   24
  9.619124e-02   1.953290e-17   1.404895e-09   2.807120e-18   24
  9.817477e-02   2.202473e-17   0.000000e+00   2.320484e-18   30
  1.001190e-01   2.189707e-17   0.000000e+00   1.766726e-18   72
  1.020262e-01   3.107404e-17   1.490116e-09   3.727156e-18   32
  1.057375e-01   2.266760e-17   0.000000e+00   1.615961e-18   72
  1.075451e-01   2.035114e-17   0.000000e+00   1.986134e-18   48
  1.110721e-01   6.787663e-18   0.000000e+00   1.128529e-18   12
  1.127942e-01   1.808886e-17   0.000000e+00   1.699549e-18   48
  1.144905e-01   1.491666e-17   0.000000e+00   1.485343e-18   48
  1.161620e-01   1.260930e-17   1.404895e-09   1.292563e-18   48
  1.178097e-01   1.449194e-17   1.589457e-09   1.922669e-18   30
  1.194348e-01   1.572493e-17   1.404895e-09   3.060875e-18   24
  1.210380e-01   1.560953e-17   2.961779e-09   1.293890e-18   72
  1.241824e-01   2.106236e-17   0.000000e+00   3.395136e-18   24
  1.257251e-01   1.596035e-17   0.000000e+00   1.029260e-18   96
  1.272490e-01   1.364082e-17   0.000000e+00   1.210699e-18   48
  1.287550e-01   1.415150e-17   2.433349e-09   1.130558e-18   24
  1.302436e-01   1.534994e-17   2.433349e-09   2.161222e-18   24
  1.317153e-01   1.584806e-17   0.000000e+00   1.503034e-18   72
  1.331707e-01   1.294304e-17   0.000000e+00   1.245548e-18   48
  1.360350e-01   1.097385e-17   1.490116e-09   1.019413e-18   8
  1.374447e-01   1.003219e-17   1.766064e-09   1.220686e-18   54
  1.388401e-01   1.056497e-17   0.000000e+00   7.800152e-19   84
  1.402216e-01   9.723759e-18   0.000000e+00   6.921530e-19   48
  1.415897e-01   1.742864e-17   1.986821e-09   1.925437e-18   24
  1.429446e-01   1.303327e-17   1.873193e-09   9.593430e-19   72
  1.442869e-01   1.015418e-17   0.000000e+00   6.916477e-19   96
  1.469345e-01   7.202406e-18   0.000000e+00   5.987791e-19   48
  1.482407e-01   1.072974e-17   0.000000e+00   9.670518e-19   48
  1.495354e-01   1.069137e-17   1.986821e-09   1.276259e-18   24
  1.508189e-01   1.009961e-17   0.000000e+00   7.032642e-19   72
  1.533539e-01   9.176958e-18   1.873193e-09   8.352223e-19   72
  1.546058e-01   8.386358e-18   0.000000e+00   5.767670e-19   96
  1.570796e-01   7.902198e-18   0.000000e+00   1.322426e-18   6
  1.583021e-01   8.973753e-18   0.000000e+00   7.168946e-19   96
  1.595151e-01   7.277842e-18   1.986821e-09   4.562333e-19   96
  1.607190e-01   8.556272e-18   0.000000e+00   1.189626e-18   24
  1.619140e-01   8.188587e-18   2.809790e-09   8.714513e-19   48
  1.631002e-01   6.817422e-18   0.000000e+00   4.651513e-19   96
  1.642778e-01   7.428907e-18   0.000000e+00   6.149599e-19   48
  1.666081e-01   6.894691e-18   0.000000e+00   7.651691e-19   36
  1.677611e-01   7.241394e-18   3.441276e-09   7.449851e-19   48
  1.689063e-01   8.000253e-18   3.893359e-09   5.543056e-19   120
  1.700437e-01   5.513532e-18   0.000000e+00   5.318351e-19   56
  1.711736e-01   6.814822e-18   1.986821e-09   6.644125e-19   24
  1.722960e-01   7.190226e-18   0.000000e+00   6.140526e-19   96
  1.734112e-01   7.315231e-18   0.000000e+00   8.044871e-19   48
  1.756204e-01   9.228996e-18   0.000000e+00   1.282137e-18   24
  1.767146e-01   6.714871e-18   0.000000e+00   5.050634e-19   102
  1.778021e-01   5.030306e-18   0.000000e+00   4.695619e-19   48
  1.788829e-01   5.932764e-18   0.000000e+00   6.035123e-19   72
  1.799573e-01   6.260327e-18   0.000000e+00   8.459657e-19   48
  1.810253e-01   6.068070e-18   0.000000e+00   4.696327e-19   48
  1.820871e-01   6.326996e-18   4.495664e-09   3.620531e-19   120
  1.841922e-01   4.089966e-18   2.809790e-09   5.139377e-19   24
  1.852358e-01   5.515783e-18   2.649095e-09   3.249719e-19   144
  1.862735e-01   4.705786e-18   3.178914e-09   3.299621e-19   120
  1.873055e-01   4.142598e-18   2.809790e-09   3.951950e-19   48
  1.893526e-01   5.634670e-18   2.809790e-09   5.131520e-19   48
  1.903679e-01   5.358725e-18   2.809790e-09   4.338165e-19   96
  1.930487e-01   4.345461e-18   4.711199e-04   3.865127e-19   72
  1.943761e-01   5.451535e-18   3.532127e-09   3.852893e-19   108
  1.953653e-01   4.620519e-18   0.000000e+00   4.108079e-19   72
  1.963495e-01   5.351984e-18   0.000000e+00   6.102444e-19   30
  1.973288e-01   4.445080e-18   0.000000e+00   2.001783e-19   168
  1.983033e-01   5.259771e-18   0.000000e+00   5.102715e-19   48
  2.002380e-01   5.469999e-18   0.000000e+00   4.688067e-19   72
  2.011984e-01   4.550774e-18   0.000000e+00   3.390765e-19   96
  2.021542e-01   3.997702e-18   5.298191e-09   3.543307e-19   72
  2.031055e-01   3.902259e-18   0.000000e+00   3.211696e-19   72
  2.047049e-01   4.695905e-18   4.350048e-04   3.444275e-19   104
  2.059331e-01   4.282259e-18   3.746387e-09   2.994984e-19   144
  2.087224e-01   4.396620e-18   6.282881e-09   2.663871e-19   96
  2.096439e-01   3.800212e-18   0.000000e+00   3.306621e-19   96
  2.111095e-01   3.660462e-18   4.475232e-04   2.296648e-19   120
  2.123845e-01   4.022317e-18   0.000000e+00   2.573827e-19   120
  2.132902e-01   3.361936e-18   0.000000e+00   2.783134e-19   72
  2.150901e-01   4.076239e-18   0.000000e+00   4.330971e-19   48
  2.159845e-01   3.732361e-18   4.235416e-09   2.853188e-19   78
  2.171286e-01   3.792911e-18   4.007142e-04   2.235883e-19   168
  2.195255e-01   3.457362e-18   3.746387e-09   1.992806e-19   144
  2.204018e-01   4.457236e-18   3.746387e-09   2.890277e-19   144
  2.229436e-01   3.134063e-18   2.307791e-04   1.805827e-19   156
  2.238729e-01   3.709827e-18   4.866699e-09   2.447245e-19   48
  2.247323e-01   3.389924e-18   3.178914e-09   2.434800e-19   120
  2.255884e-01   3.113245e-18   0.000000e+00   2.841391e-19   48
  2.271022e-01   3.135060e-18   3.532495e-04   1.504907e-19   216
  2.289809e-01   2.766348e-18   0.000000e+00   2.683537e-19   48
  2.298212e-01   3.103915e-18   2.809790e-09   2.045231e-19   96
  2.310160e-01   2.688132e-18   4.128272e-04   1.533679e-19   168
  2.323239e-01   2.835191e-18   2.809790e-09   4.427086e-19   48
  2.331522e-01   3.261459e-18   0.000000e+00   2.468825e-19   96
  2.339775e-01   2.284134e-18   0.000000e+00   1.630527e-19   48
  2.356194e-01   2.099090e-18   3.178914e-09   2.595968e-19   30
  2.364362e-01   3.303364e-18   2.809790e-09   2.554285e-19   96
  2.374123e-01   2.456370e-18   3.244455e-04   1.146746e-19   240
  2.386674e-01   3.394204e-18   3.500299e-04   7.699959e-19   32
  2.396752e-01   2.482571e-18   0.000000e+00   1.319335e-19   168
  2.404781e-01   2.616973e-18   0.000000e+00   1.398362e-19   120
  2.420760e-01   2.958667e-18   5.923557e-09   2.323381e-19   72
  2.428710e-01   2.617388e-18   3.746387e-09   1.808310e-19   144
  2.436634e-01   2.792077e-18   0.000000e+00   2.070756e-19   96
  2.444532e-01   2.004276e-18   0.000000e+00   1.240483e-19   96
  2.460253e-01   3.152635e-18   4.588368e-09   2.769065e-19   72
  2.468075e-01   2.147631e-18   3.973643e-09   1.612476e-19   96
  2.483647e-01   1.846844e-18   0.000000e+00   1.679584e-19   24
  2.491396e-01   2.164618e-18   0.000000e+00   1.013598e-19   192
  2.500522e-01   1.813600e-18   2.970416e-04   1.212480e-19   132
  2.514501e-01   2.297972e-18   0.000000e+00   1.942862e-19   96
  2.522156e-01   1.939381e-18   0.000000e+00   1.701384e-19   96
  2.529787e-01   1.886686e-18   3.178914e-09   1.340883e-19   120
  2.544981e-01   1.371531e-18   0.000000e+00   1.197117e-19   48
  2.557435e-01   2.383684e-18   3.599905e-04   1.194064e-19   222
  2.567603e-01   2.043959e-18   0.000000e+00   1.038641e-19   120
  2.575100e-01   1.781637e-18   4.866699e-09   2.158511e-19   24
  2.586015e-01   2.214445e-18   3.715625e-04   1.120632e-19   312
  2.609797e-01   1.688272e-18   3.483547e-04   9.852356e-20   72
  2.619630e-01   2.535023e-18   2.809790e-09   1.793051e-19   96
  2.629726e-01   1.982592e-18   3.547511e-04   1.123673e-19   192
  2.641613e-01   1.738807e-18   4.495664e-09   1.104189e-19   120
  2.648900e-01   1.836972e-18   0.000000e+00   1.046572e-19   144
  2.663415e-01   1.787386e-18   0.000000e+00   2.658392e-19   48
  2.673732e-01   1.757599e-18   3.567146e-04   8.289981e-20   336
  2.685040e-01   2.162638e-18   0.000000e+00   2.368475e-19   48
  2.699360e-01   1.772642e-18   0.000000e+00   1.087858e-19   192
  2.706492e-01   1.618880e-18   0.000000e+00   1.651455e-19   48
  2.726764e-01   1.576087e-18   2.476067e-04   1.319024e-19   56
  2.736844e-01   1.788468e-18   3.180112e-04   7.248901e-20   336
  2.748894e-01   1.517653e-18   3.532127e-09   1.473925e-19   54
  2.759390e-01   1.809402e-18   3.492904e-04   8.991430e-20   240
  2.781181e-01   1.869596e-18   3.344484e-04   1.167026e-19   228
  2.790651e-01   1.359145e-18   3.746387e-09   1.623494e-19   72
  2.799844e-01   1.810330e-18   3.244231e-04   1.182104e-19   144
  2.811298e-01   1.700191e-18   0.000000e+00   1.757633e-19   96
  2.818146e-01   1.674896e-18   4.495664e-09   8.112363e-20   240
  2.831793e-01   1.689128e-18   3.973643e-09   2.470809e-19   24
  2.840530e-01   1.571622e-18   3.064151e-04   6.342909e-20   336
  2.852142e-01   8.089256e-19   0.000000e+00   8.610088e-20   72
  2.862741e-01   1.788238e-18   3.332831e-04   1.287215e-19   168
  2.872346e-01   1.527496e-18   0.000000e+00   1.340536e-19   72
  2.885737e-01   1.624407e-18   0.000000e+00   1.309378e-19   96
  2.896108e-01   1.101045e-18   3.307829e-04   4.585525e-20   216
  2.905708e-01   1.357741e-18   3.973643e-09   9.754966e-20   96
  2.918946e-01   1.486616e-18   0.000000e+00   7.340126e-20   192
  2.925542e-01   1.463343e-18   3.746387e-09   7.793012e-20   144
  2.938691e-01   1.390478e-18   0.000000e+00   1.280963e-19   48
  2.947794e-01   1.307691e-18   3.189136e-04   5.899535e-20   246
  2.960164e-01   1.489405e-18   2.940434e-04   9.808450e-20   168
  2.971308e-01   1.291337e-18   5.506041e-09   8.211386e-20   120
  2.977788e-01   1.428634e-18   0.000000e+00   8.382049e-20   240
  2.990707e-01   1.787064e-18   3.973643e-09   3.743332e-19   24
  3.001001e-01   1.311425e-18   3.147475e-04   5.683862e-20   360
  3.013820e-01   1.611183e-18   3.134082e-04   1.477055e-19   120
  3.022763e-01   1.299408e-18   0.000000e+00   6.281442e-20   144
  3.029133e-01   1.429341e-18   0.000000e+00   1.252132e-19   96
  3.048165e-01   1.307386e-18   0.000000e+00   9.650317e-20   144
  3.054482e-01   1.431233e-18   0.000000e+00   9.046645e-20   132
  3.063360e-01   9.955933e-19   3.093292e-04   5.022232e-20   176
  3.076248e-01   1.146682e-18   3.123602e-04   5.035684e-20   312
  3.092116e-01   1.058988e-18   0.000000e+00   6.622002e-20   96
  3.098343e-01   9.179924e-19   0.000000e+00   5.352947e-20   144
  3.107899e-01   1.205089e-18   3.092271e-04   5.519348e-20   312
  3.123131e-01   1.041287e-18   0.000000e+00   9.862979e-20   48
  3.129297e-01   1.173680e-18   3.973643e-09   6.717125e-20   192
  3.141593e-01   1.414841e-18   0.000000e+00   1.607243e-20   6
  3.149762e-01   9.806487e-19   2.884066e-04   4.564553e-20   288
  3.162994e-01   1.280421e-18   3.047203e-04   7.407197e-20   192
  3.172124e-01   1.339576e-18   9.345130e-09   7.065600e-20   216
  3.178195e-01   1.180027e-18   0.000000e+00   1.167546e-19   72
  3.193321e-01   1.047841e-18   3.018264e-04   6.178164e-20   192
  3.203366e-01   1.105226e-18   2.241224e-04   6.422909e-20   288
  3.214381e-01   1.043096e-18   0.000000e+00   9.746689e-20   24
  3.222890e-01   9.411436e-19   2.952626e-04   3.631230e-20   456
  3.238280e-01   1.381098e-18   5.619580e-09   1.389363e-19   48
  3.247789e-01   9.842068e-19   2.908218e-04   5.711380e-20   240
  3.258718e-01   9.280386e-19   2.939082e-04   4.877685e-20   216
  3.267908e-01   1.168131e-18   0.000000e+00   1.018389e-19   72
  3.273801e-01   7.460891e-19   1.015467e-08   4.007368e-20   168
  3.290441e-01   8.297531e-19   2.184577e-04   3.889009e-20   288
  3.299773e-01   1.066436e-18   2.890570e-04   6.657943e-20   168
  3.314762e-01   7.979431e-19   0.000000e+00   4.683256e-20   192
  3.320572e-01   8.183899e-19   3.746387e-09   4.930865e-20   144
  3.332162e-01   1.295068e-18   0.000000e+00   1.687627e-19   36
  3.341991e-01   8.616771e-19   2.639705e-04   4.922966e-20   342
  3.351389e-01   9.097481e-19   2.710657e-04   8.462210e-20   144
  3.363470e-01   8.912862e-19   2.842800e-04   4.335068e-20   384
  3.378125e-01   7.300332e-19   7.786718e-09   4.754924e-20   120
  3.385379e-01   9.414915e-19   2.534951e-04   5.982509e-20   264
  3.395201e-01   8.834782e-19   1.256576e-08   6.566653e-20   192
  3.404451e-01   7.708492e-19   2.731894e-04   4.759093e-20   152
  3.412191e-01   8.378224e-19   7.492773e-09   5.526720e-20   144
  3.428472e-01   7.274890e-19   1.768108e-04   3.856003e-20   216
  3.436008e-01   8.638319e-19   2.362665e-04   4.145178e-20   312
  3.449274e-01   9.151944e-19   2.738281e-04   5.330379e-20   240
  3.457090e-01   7.517274e-19   3.973643e-09   4.719554e-20   96
  3.471927e-01   4.493054e-19   2.617995e-04   2.278416e-20   144
  3.481071e-01   8.057216e-19   2.573258e-04   3.815424e-20   456
  3.495904e-01   6.434332e-19   0.000000e+00   4.662843e-20   120
  3.501414e-01   6.866615e-19   0.000000e+00   5.001481e-20   144
  3.512407e-01   7.361631e-19   0.000000e+00   6.370129e-20   24
  3.519456e-01   6.340970e-19   2.473498e-04   2.728676e-20   336
  3.531645e-01   6.958886e-19   2.727931e-04   3.430851e-20   198
  3.543067e-01   7.357660e-19   2.652756e-04   3.156157e-20   432
  3.556041e-01   1.018702e-18   0.000000e+00   1.278839e-19   48
  3.562810e-01   7.473268e-19   2.341925e-04   3.072386e-20   384
  3.574963e-01   5.753329e-19   2.696052e-04   5.564722e-20   144
  3.585975e-01   8.007844e-19   2.676825e-04   4.580671e-20   264
  3.599147e-01   6.325082e-19   0.000000e+00   5.149411e-20   48
  3.607984e-01   6.669875e-19   2.545223e-04   3.937755e-20   276
  3.616510e-01   7.450190e-19   2.307176e-04   4.395864e-20   192
  3.627906e-01   6.630800e-19   2.592759e-04   2.532097e-20   552
  3.641741e-01   7.203089e-19   8.991328e-09   5.711756e-20   120
  3.649965e-01   4.279912e-19   2.624511e-04   2.339506e-20   216
  3.657587e-01   4.793955e-19   4.495664e-09   3.519416e-20   120
  3.671201e-01   7.040403e-19   2.584500e-04   3.969460e-20   408
  3.683844e-01   2.629959e-19   5.619580e-09   5.526660e-20   24
  3.691684e-01   5.679952e-19   2.610810e-04   2.876193e-20   384
  3.702633e-01   5.219007e-19   2.550855e-04   2.953150e-20   240
  3.712141e-01   5.672383e-19   2.569535e-04   3.458866e-20   168
  3.725471e-01   4.934251e-19   6.357829e-09   4.109278e-20   120
  3.734064e-01   6.468612e-19   2.678605e-04   3.152638e-20   350
  3.748037e-01   6.679034e-19   4.409502e-04   3.682512e-20   384
  3.756388e-01   7.123623e-19   0.000000e+00   6.957761e-20   144
  3.771752e-01   5.622552e-19   1.059638e-08   3.433960e-20   288
  3.779773e-01   6.022960e-19   2.524053e-04   3.948349e-20   336
  3.790686e-01   4.494709e-19   2.297941e-04   2.910848e-20   168
  3.797219e-01   6.267031e-19   4.541306e-09   3.185206e-20   336
  3.810732e-01   5.856271e-19   2.385126e-04   4.039375e-20   288
  3.818848e-01   6.560174e-19   2.247398e-04   3.339287e-20   264
  3.832590e-01   5.397152e-19   0.000000e+00   4.486203e-20   240
  3.837616e-01   4.216427e-19   7.947286e-09   3.754218e-20   96
  3.855656e-01   4.734854e-19   3.056310e-04   1.974281e-20   360
  3.864075e-01   6.667327e-19   2.253025e-04   5.307786e-20   168
  3.874713e-01   4.490472e-19   2.456032e-04   1.844453e-20   456
  3.887523e-01   4.369977e-19   7.064254e-09   3.188211e-20   108
  3.894728e-01   3.195964e-19   2.464311e-04   1.732681e-20   264
  3.903716e-01   4.239261e-19   2.198567e-04   2.555901e-20   264
  3.916025e-01   5.699717e-19   2.074668e-04   3.368033e-20   312
  3.931351e-01   5.439135e-19   1.541705e-04   3.792798e-20   270
  3.937775e-01   5.230229e-19   1.957388e-04   3.516788e-20   240
  3.949323e-01   4.646691e-19   2.421536e-04   2.556308e-20   384
  3.956334e-01   4.641373e-19   0.000000e+00   2.913152e-20   192
  3.969952e-01   5.158027e-19   1.942960e-04   3.580639e-20   240
  3.977852e-01   5.863875e-19   2.397927e-04   3.449933e-20   336
  3.992708e-01   4.686672e-19   2.413972e-04   2.266763e-20   480
  4.004761e-01   4.894834e-19   0.000000e+00   4.390228e-20   72
  4.011493e-01   5.610617e-19   2.353842e-04   5.212273e-20   240
  4.020650e-01   4.332821e-19   2.212289e-04   2.550375e-20   312
  4.031147e-01   4.132742e-19   2.390954e-04   2.413342e-20   240
  4.047009e-01   4.505858e-19   1.816506e-04   2.178658e-20   408
  4.053288e-01   4.475513e-19   1.663482e-04   2.283647e-20   336
  4.065560e-01   4.260843e-19   2.112212e-04   2.512871e-20   264
  4.071591e-01   2.708940e-19   0.000000e+00   1.583905e-20   144
  4.088370e-01   3.876056e-19   2.927651e-04   1.779728e-20   464
  4.097211e-01   4.193618e-19   2.328083e-04   3.354742e-20   168
  4.105939e-01   3.190146e-19   2.120376e-04   2.302272e-20   336
  4.121713e-01   3.417897e-19   2.227870e-04   1.719636e-20   414
  4.130606e-01   5.323079e-19   2.319080e-04   4.531880e-20   216
  4.141998e-01   8.380154e-19   5.619580e-09   7.600078e-20   96
  4.146649e-01   3.753026e-19   1.685874e-08   2.567815e-20   384
  4.162944e-01   3.694749e-19   2.314600e-04   1.469678e-20   492
  4.171676e-01   5.095644e-19   2.263480e-04   3.885766e-20   240
  4.181546e-01   4.041752e-19   2.298225e-04   2.259301e-20   312
  4.195176e-01   2.789116e-19   2.297469e-04   2.946092e-20   192
  4.203810e-01   3.679060e-19   2.226525e-04   2.135407e-20   504
  4.215265e-01   3.580773e-19   1.473998e-04   1.848166e-20   408
  4.224284e-01   2.744249e-19   4.515774e-04   1.698367e-20   168
  4.235571e-01   5.069765e-19   2.145032e-04   2.842773e-20   288
  4.245041e-01   3.903084e-19   2.238525e-04   2.395212e-20   288
  4.254743e-01   2.726319e-19   2.251410e-04   1.465362e-20   432
  4.268815e-01   3.632966e-19   2.129084e-04   2.677528e-20   216
  4.276334e-01   2.971325e-19   2.124592e-04   1.739986e-20   360
  4.289721e-01   3.232187e-19   2.073582e-04   1.937539e-20   312
  4.301803e-01   3.872501e-19   0.000000e+00   4.863151e-20   48
  4.308767e-01   3.325397e-19   2.223178e-04   1.789466e-20   432
  4.321240e-01   3.262029e-19   3.708284e-04   2.387247e-20   414
  4.328606e-01   3.267889e-19   1.956255e-08   2.249767e-20   312
  4.342347e-01   3.584669e-19   3.253813e-04   2.227723e-20   528
  4.351620e-01   4.008405e-19   1.707976e-04   3.116458e-20   264
  4.362761e-01   3.792101e-19   2.025191e-04   1.959445e-20   480
  4.377318e-01   3.232955e-19   0.000000e+00   2.382580e-20   288
  4.383604e-01   2.735551e-19   2.176005e-04   1.810913e-20   168
  4.395105e-01   3.891354e-19   3.444610e-04   2.061213e-20   504
  4.408036e-01   4.924393e-19   7.492773e-09   4.512723e-20   144
  4.416171e-01   2.436837e-19   2.212265e-04   9.980103e-21   464
  4.428396e-01   3.492597e-19   3.246624e-04   2.153735e-20   432
  4.434197e-01   2.831236e-19   5.619580e-09   2.793010e-20   192
  4.449189e-01   2.676685e-19   2.406833e-04   1.539149e-20   396
  4.458042e-01   2.246610e-19   2.162000e-04   1.525244e-20   288
  4.466990e-01   2.432060e-19   2.135686e-04   1.730799e-20   336
  4.481283e-01   2.948784e-19   1.352359e-04   1.877897e-20   432
  4.490354e-01   2.748323e-19   3.505126e-04   1.956075e-20   360
  4.500539e-01   3.207400e-19   2.073334e-04   1.669102e-20   384
  4.515004e-01   2.771214e-19   1.830116e-04   2.502861e-20   198
  4.521974e-01   2.560750e-19   2.080246e-04   1.457132e-20   552
  4.534970e-01   3.604273e-19   2.912202e-04   2.272001e-20   432
  4.545821e-01   3.095993e-19   0.000000e+00   3.016092e-20   168
  4.554927e-01   3.665598e-19   3.610065e-04   2.154594e-20   480
  4.566974e-01   2.239313e-19   0.000000e+00   1.860955e-20   120
  4.572396e-01   3.356696e-19   2.948545e-04   2.314208e-20   336
  4.585628e-01   2.443548e-19   2.080152e-04   1.159881e-20   672
  4.598711e-01   3.280378e-19   3.025866e-04   1.843441e-20   528
  4.604805e-01   1.563483e-19   9.082613e-09   1.134992e-20   168
  4.618883e-01   2.734377e-19   3.375333e-04   1.654582e-20   456
  4.627474e-01   3.117349e-19   2.061344e-04   2.825113e-20   168
  4.636392e-01   2.618047e-19   2.057643e-04   1.339673e-20   504
  4.651216e-01   1.650717e-19   2.647872e-04   1.195707e-20   336
  4.660180e-01   2.702645e-19   1.908802e-04   1.700261e-20   312
  4.670124e-01   2.330684e-19   1.865029e-04   1.188540e-20   504
  4.683210e-01   2.107804e-19   1.294009e-04   1.369770e-20   432
  4.689362e-01   2.196444e-19   1.999672e-04   1.365242e-20   312
  4.702151e-01   1.980079e-19   2.049761e-04   1.026025e-20   384
  4.715504e-01   3.238029e-19   1.741510e-04   3.730867e-20   126
  4.723748e-01   3.098638e-19   3.057676e-04   2.244388e-20   492
  4.734278e-01   2.639367e-19   1.958445e-04   1.789841e-20   528
  4.747438e-01   2.137689e-19   1.989360e-04   1.510255e-20   480
  4.755596e-01   2.895328e-19   2.748289e-04   1.965952e-20   432
  4.767402e-01   2.449583e-19   2.161166e-04   1.730641e-20   440
  4.781114e-01   3.375764e-19   1.074739e-04   2.732777e-20   312
  4.786259e-01   2.325706e-19   1.610586e-04   1.692304e-20   480
  4.796813e-01   2.382903e-19   3.153497e-04   1.727450e-20   408
  4.812233e-01   3.240751e-19   1.888588e-04   2.243227e-20   360
  4.818747e-01   2.219023e-19   1.822418e-04   1.570461e-20   408
  4.830820e-01   1.875374e-19   1.854542e-04   1.410905e-20   456
  4.844414e-01   2.236290e-19   1.772485e-04   1.466840e-20   264
  4.851959e-01   2.230516e-19   1.923591e-04   1.465092e-20   384
  4.862943e-01   1.804826e-19   3.238501e-04   8.908207e-21   672
  4.875640e-01   2.553349e-19   1.937042e-04   2.119652e-20   240
  4.882967e-01   1.781708e-19   1.965613e-04   1.137502e-20   264
  4.893308e-01   1.387980e-19   2.424259e-04   8.500198e-21   624
  4.908739e-01   1.861010e-19   0.000000e+00   2.610150e-20   150
  4.914232e-01   2.600581e-19   2.716574e-04   1.445463e-20   600
  4.925819e-01   2.394427e-19   1.874909e-04   1.463213e-20   672
  4.938939e-01   2.053953e-19   1.763484e-04   1.956012e-20   336
  4.946248e-01   2.885308e-19   1.918157e-04   2.202183e-20   408
  4.957926e-01   2.180607e-19   1.913639e-04   1.780311e-20   408
  4.970915e-01   2.092512e-19   9.676385e-05   1.427278e-20   360
  4.978921e-01   2.283641e-19   3.552857e-04   1.583096e-20   456
  4.988592e-01   2.014099e-19   1.932065e-04   1.572397e-20   384
  5.000902e-01   1.297403e-19   1.783541e-04   8.821793e-21   348
  5.007554e-01   2.384118e-19   2.198754e-04   1.634655e-20   576
  5.020050e-01   1.566072e-19   1.810385e-04   8.963313e-21   504
  5.032833e-01   1.836137e-19   2.553443e-04   1.183694e-20   432
  5.043991e-01   1.862532e-19   3.473946e-04   1.039270e-20   576
  5.051948e-01   1.470110e-19   0.000000e+00   1.265128e-20   264
  5.064571e-01   1.468340e-19   2.764393e-04   7.272671e-21   768
  5.075549e-01   8.357715e-20   3.721752e-04   4.751985e-21   240
  5.084277e-01   2.033046e-19   3.282233e-04   2.522787e-20   192
  5.096990e-01   1.348508e-19   2.416124e-04   7.727002e-21   504
  5.106418e-01   2.519054e-19   3.255818e-04   1.602315e-20   590
  5.115460e-01   2.402122e-19   3.647966e-04   2.037565e-20   384
  5.126798e-01   2.099383e-19   3.048625e-04   1.833979e-20   504
  5.140486e-01   2.177687e-19   2.933830e-04   1.403960e-20   648
  5.153764e-01   1.603926e-19   7.967896e-05   1.271959e-20   504
  5.159117e-01   1.878524e-19   1.817627e-04   1.689331e-20   312
  5.168569e-01   2.060566e-19   2.618753e-04   1.297498e-20   576
  5.181545e-01   2.147737e-19   1.822405e-04   2.188634e-20   240
  5.189109e-01   1.138997e-19   1.841453e-04   5.606645e-21   552
  5.199816e-01   1.872849e-19   1.729082e-04   1.187100e-20   600
  5.215067e-01   1.549128e-19   2.111937e-04   9.964574e-21   600
  5.224237e-01   1.418782e-19   3.382099e-04   1.071064e-20   312
  5.233368e-01   1.791617e-19   2.945474e-04   1.101664e-20   480
  5.244775e-01   1.281633e-19   1.837693e-04   8.694453e-21   576
  5.254818e-01   1.818759e-19   2.959085e-04   1.381004e-20   408
  5.263729e-01   5.324096e-20   3.451909e-04   3.770604e-21   216
  5.275243e-01   1.587750e-19   2.643774e-04   8.940843e-21   516
  5.287578e-01   1.393527e-19   2.522429e-04   6.585133e-21   744
  5.300304e-01   1.612419e-19   1.684760e-04   1.067613e-20   462
  5.307494e-01   1.470997e-19   1.712315e-04   1.470412e-20   432
  5.318647e-01   1.716662e-19   1.588547e-04   1.250221e-20   648
  5.331761e-01   1.610793e-19   2.324340e-04   1.413653e-20   528
  5.342295e-01   1.783878e-19   2.799086e-04   1.008296e-20   600
  5.352820e-01   2.555683e-19   3.528915e-04   1.840479e-20   240
  5.363014e-01   1.474972e-19   2.703115e-04   1.033118e-20   720
  5.374863e-01   1.545720e-19   2.138653e-04   9.825141e-21   720
  5.387997e-01   5.362584e-20   0.000000e+00   5.100365e-21   144
  5.394909e-01   1.652935e-19   2.757364e-04   1.048698e-20   720
  5.404742e-01   1.689809e-19   1.653370e-04   1.399480e-20   384
  5.417051e-01   1.231993e-19   1.832848e-04   6.842795e-21   672
  5.428730e-01   1.418292e-19   3.209115e-04   1.077564e-20   336
  5.434308e-01   1.492491e-19   0.000000e+00   1.260451e-20   288
  5.447967e-01   1.132411e-19   2.539800e-04   6.683697e-21   776
  5.460612e-01   9.478661e-20   2.173184e-04   5.067847e-21   720
  5.471231e-01   9.224491e-20   1.750659e-04   5.259100e-21   432
  5.479725e-01   1.392268e-19   2.495786e-04   8.354636e-21   504
  5.489174e-01   1.284348e-19   1.748652e-04   8.593813e-21   528
  5.502396e-01   1.757927e-19   2.382437e-04   1.778118e-20   438
  5.513273e-01   1.634932e-19   2.772938e-04   1.414970e-20   624
  5.521470e-01   1.845724e-19   3.396475e-04   1.876293e-20   312
  5.532738e-01   2.054026e-19   1.829935e-04   1.259412e-20   696
  5.544390e-01   1.509504e-19   1.655760e-04   1.290643e-20   552
  5.556509e-01   1.610681e-19   1.281006e-04   1.266437e-20   516
  5.564006e-01   1.737756e-19   2.558713e-04   1.244653e-20   528
  5.573133e-01   5.862594e-20   1.664001e-04   3.041743e-21   528
  5.586097e-01   1.269221e-19   2.194479e-04   7.586654e-21   864
  5.594897e-01   1.480778e-19   3.005985e-04   1.699873e-20   408
  5.603706e-01   1.886983e-19   2.978186e-04   1.428915e-20   192
  5.616191e-01   1.013523e-19   2.464592e-04   6.576177e-21   720
  5.626731e-01   8.280697e-20   2.272475e-04   4.612667e-21   696
  5.639255e-01   1.030934e-19   2.454294e-04   6.548476e-21   720
  5.650713e-01   1.196279e-19   3.326501e-04   7.780454e-21   432
  5.657395e-01   6.574576e-20   1.958109e-04   5.525982e-21   264
  5.669418e-01   1.093689e-19   2.704061e-04   6.342302e-21   672
  5.680171e-01   1.044809e-19   2.768544e-04   7.084067e-21   600
  5.692933e-01   5.361810e-20   1.620980e-04   9.453389e-21   270
  5.699366e-01   1.577395e-19   2.440026e-04   1.806517e-20   528
  5.709591e-01   1.315809e-19   1.670843e-04   9.847280e-21   840
  5.723613e-01   1.365220e-19   3.194952e-04   8.532009e-21   888
  5.736568e-01   1.132458e-19   2.380474e-04   9.403165e-21   744
  5.747517e-01   1.016593e-19   1.223216e-04   7.629011e-21   456
  5.752963e-01   1.974096e-19   1.671601e-04   1.408731e-20   360
  5.762282e-01   1.084749e-19   1.448348e-04   1.291345e-20   384
  5.776580e-01   1.236455e-19   2.323137e-04   9.235965e-21   816
  5.787308e-01   9.616530e-20   3.370546e-04   6.830850e-21   824
  5.800348e-01   8.492024e-20   1.566791e-04   7.922233e-21   360
  5.807331e-01   9.419265e-20   2.311994e-04   5.769612e-21   624
  5.816941e-01   1.411025e-19   1.562320e-04   1.252019e-20   360
  5.829744e-01   8.633885e-20   2.125215e-04   6.377248e-21   876
  5.841306e-01   7.355369e-20   2.524119e-04   4.182287e-21   696
  5.852967e-01   5.306352e-20   1.629911e-04   4.118798e-21   336
  5.859080e-01   9.309839e-20   1.628079e-04   7.500678e-21   504
  5.869176e-01   7.014241e-20   1.642187e-04   4.955816e-21   672
  5.884155e-01   6.371597e-20   3.269213e-04   3.889606e-21   720
  5.894543e-01   8.673578e-20   2.469541e-04   6.063924e-21   774
  5.906010e-01   1.546077e-19   1.413501e-04   1.475272e-20   384
  5.912015e-01   8.097416e-20   2.720183e-04   5.572152e-21   528
  5.921335e-01   1.033205e-19   2.592486e-04   7.080828e-21   744
  5.936327e-01   1.003035e-19   2.138251e-04   6.698321e-21   768
  5.946281e-01   1.007438e-19   2.400348e-04   9.065361e-21   552
  5.958700e-01   8.565256e-20   2.616108e-04   6.705447e-21   696
  5.967938e-01   1.116210e-19   3.179026e-04   9.012227e-21   408
  5.975272e-01   8.731287e-20   1.373364e-04   7.279192e-21   504
  5.986899e-01   7.303945e-20   2.467198e-04   4.592337e-21   888
  5.998339e-01   6.599100e-20   2.564132e-04   4.949021e-21   648
  6.010230e-01   7.234773e-20   2.542153e-04   5.660564e-21   648
  6.021418e-01   6.923134e-20   2.741064e-04   4.281742e-21   792
  6.033268e-01   6.441699e-20   4.010364e-04   5.230783e-21   600
  6.042000e-01   3.477226e-20   2.717856e-04   2.259144e-21   456
  6.051191e-01   5.961218e-20   1.324567e-04   4.594569e-21   648
  6.062996e-01   4.608792e-20   2.583099e-04   2.575814e-21   936
  6.075741e-01   6.695313e-20   1.586356e-04   4.530384e-21   384
  6.086836e-01   7.955323e-20   1.334798e-08   1.013046e-20   198
  6.095398e-01   6.448456e-20   4.024720e-04   4.083979e-21   1224
  6.104634e-01   8.261378e-20   2.931235e-04   6.103229e-21   420
  6.115558e-01   5.378507e-20   2.836822e-04   3.604654e-21   792
  6.126238e-01   5.677934e-20   2.345810e-04   4.273350e-21   680
  6.138428e-01   5.713699e-20   2.154033e-04   5.597651e-21   600
  6.148235e-01   5.381357e-20   3.123938e-04   3.564394e-21   840
  6.161330e-01   4.005259e-20   1.474979e-04   2.797079e-21   432
  6.166334e-01   5.759089e-20   1.382249e-04   4.405146e-21   720
  6.177213e-01   4.146344e-20   2.768404e-04   2.793637e-21   960
  6.190745e-01   4.643044e-20   2.467829e-04   4.553998e-21   528
  6.200634e-01   4.342384e-20   2.522592e-04   3.089516e-21   624
  6.212404e-01   4.575061e-20   1.982740e-04   2.821277e-21   816
  6.224086e-01   3.588672e-20   3.260658e-04   2.680549e-21   696
  6.236996e-01   2.283310e-20   2.202416e-08   1.880186e-21   240
  6.241851e-01   3.473068e-20   1.922888e-04   2.565207e-21   672
  6.252686e-01   3.293227e-20   3.436476e-04   2.203224e-21   864
  6.264840e-01   2.293006e-20   2.636938e-04   1.703710e-21   816
  6.275795e-01   2.270806e-20   1.509292e-04   1.480726e-21   648
  6.287594e-01   3.832429e-20   1.542771e-04   2.387867e-21   843
  6.297611e-01   2.651695e-20   2.775825e-04   2.035341e-21   780
  6.309548e-01   3.555686e-20   1.489456e-04   5.217424e-21   216
  6.316911e-01   3.059221e-20   3.591661e-04   1.826823e-21   1056
  6.328235e-01   2.172200e-20   2.938382e-04   4.297687e-21   228
  6.338720e-01   3.061142e-20   3.658358e-04   2.073648e-21   924
  6.349484e-01   2.220059e-20   1.357046e-04   1.194548e-21   696
  6.360882e-01   2.330790e-20   2.415153e-04   1.726619e-21   996
  6.372543e-01   1.619483e-20   1.425858e-04   2.373358e-21   576
  6.384675e-01   2.168481e-20   2.200718e-04   2.468376e-21   552
  6.393519e-01   2.490998e-20   2.627580e-04   1.851923e-21   516
  6.402494e-01   2.293123e-20   3.821047e-04   1.601842e-21   744
  6.412749e-01   8.467258e-21   1.874451e-04   4.616944e-22   576
  6.421669e-01   1.544684e-20   1.929285e-04   1.252468e-21   792
  6.434346e-01   1.491365e-20   2.205530e-04   1.007156e-21   792
  6.443636e-01   1.715252e-20   2.378641e-04   1.271553e-21   720
  6.456200e-01   1.191947e-20   2.711104e-04   7.622988e-22   656
  6.467974e-01   1.249633e-20   2.960385e-04   9.225014e-22   816
  6.480043e-01   1.427250e-20   1.596190e-04   1.343950e-21   492
  6.486903e-01   1.293816e-20   2.296231e-04   9.394573e-22   552
  6.499778e-01   1.105509e-20   3.992867e-04   1.007146e-21   780
  6.508139e-01   1.102061e-20   2.452771e-04   8.849399e-22   528
  6.517148e-01   9.704171e-21   2.863130e-04   1.068614e-21   600
  6.530425e-01   1.291126e-20   2.379487e-04   7.581138e-22   900
  6.539577e-01   1.064888e-20   1.317325e-04   8.210424e-22   696
  6.552168e-01   8.524676e-21   3.330907e-04   5.996070e-22   696
  6.564349e-01   6.071413e-21   1.351317e-04   3.506291e-22   552
  6.574592e-01   9.476935e-21   1.571457e-04   7.806492e-22   708
  6.585322e-01   7.706318e-21   2.594565e-04   5.101979e-22   876
  6.596487e-01   9.850208e-21   1.377663e-04   1.199876e-21   216
  6.603980e-01   9.103730e-21   3.768094e-04   4.232990e-22   1032
  6.615201e-01   6.316488e-21   4.195357e-04   4.959887e-22   600
  6.626848e-01   5.230854e-21   2.001869e-04   4.635757e-22   600
  6.635732e-01   6.572233e-21   3.535112e-04   3.900942e-22   528
  6.646233e-01   6.733858e-21   1.940622e-04   4.814821e-22   732
  6.657296e-01   7.716718e-21   1.432973e-04   6.555581e-22   336
  6.670031e-01   6.039438e-21   2.042271e-04   3.342523e-22   912
  6.679548e-01   4.449202e-21   2.049821e-04   2.554375e-22   624
  6.689946e-01   5.378355e-21   1.727341e-04   2.645094e-22   768
  6.702082e-01   5.092936e-21   3.116463e-04   2.131574e-22   792
  6.713995e-01   5.282656e-21   1.545014e-04   3.376573e-22   660
  6.722471e-01   6.139206e-21   2.276826e-04   5.225196e-22   504
  6.731238e-01   3.644436e-21   3.719898e-04   2.005792e-22   480
  6.744376e-01   3.385000e-21   3.440421e-04   1.832523e-22   912
  6.754664e-01   4.735044e-21   3.831443e-04   3.441986e-22   432
  6.764380e-01   4.420238e-21   2.275021e-04   2.738463e-22   564
  6.773006e-01   3.594456e-21   2.177508e-04   1.408180e-22   600
  6.785149e-01   4.885975e-21   3.035240e-04   2.547564e-22   876
  6.794272e-01   3.982283e-21   1.364735e-04   3.318328e-22   264
  6.806846e-01   3.469219e-21   2.648123e-04   2.465813e-22   560
  6.816953e-01   3.360284e-21   1.799457e-04   1.635243e-22   840
  6.829222e-01   2.748865e-21   2.774244e-04   1.388023e-22   1008
  6.840568e-01   1.975484e-21   1.241010e-04   8.617130e-23   456
  6.850930e-01   3.687046e-21   1.607553e-04   2.295448e-22   576
  6.860509e-01   3.209044e-21   2.470177e-04   1.609540e-22   612
  6.873140e-01   3.284557e-21   2.206269e-04   1.725391e-22   780
  6.883444e-01   2.880543e-21   2.528284e-04   1.519059e-22   648
  6.893992e-01   3.216682e-21   1.178213e-04   2.459054e-22   312
  6.900734e-01   2.275639e-21   2.993645e-04   1.297876e-22   528
  6.912414e-01   1.998774e-21   3.909551e-04   7.219754e-23   720
  6.923583e-01   2.712619e-21   3.921794e-04   1.964528e-22   576
  6.937124e-01   2.495460e-21   3.383053e-04   1.691384e-22   444
  6.945549e-01   2.316024e-21   3.317685e-04   9.158397e-23   996
  6.955874e-01   1.905192e-21   2.771265e-04   1.308477e-22   432
  6.965633e-01   2.983999e-21   3.033990e-04   2.103980e-22   504
  6.974062e-01   1.296490e-21   1.367883e-04   5.327506e-23   504
  6.986065e-01   2.240633e-21   2.692009e-04   8.412770e-23   876
  6.996926e-01   1.581220e-21   3.098246e-04   7.421097e-23   504
  7.008236e-01   1.544212e-21   1.975899e-04   7.683646e-23   696
  7.017583e-01   1.765613e-21   1.689187e-04   1.009859e-22   492
  7.030300e-01   1.577053e-21   2.418152e-04   7.817274e-23   432
  7.039719e-01   1.924398e-21   2.264335e-04   8.750078e-23   768
  7.050885e-01   1.606609e-21   2.820533e-04   8.760088e-23   648
  7.061547e-01   1.494786e-21   1.840095e-04   8.664269e-23   456
  7.073798e-01   1.628862e-21   2.530430e-04   8.307453e-23   552
  7.082306e-01   1.412905e-21   1.734358e-04   6.189688e-23   648
  7.094016e-01   1.212370e-21   2.826907e-04   4.112916e-23   840
  7.105454e-01   1.277761e-21   1.348092e-04   5.953949e-23   432
  7.116906e-01   1.464058e-21   1.651183e-04   7.558825e-23   600
  7.124870e-01   1.453951e-21   1.759227e-04   6.715124e-23   432
  7.138248e-01   1.506982e-21   1.751482e-04   7.011055e-23   560
  7.147308e-01   1.121706e-21   2.772412e-04   3.766798e-23   840
  7.158652e-01   1.225048e-21   1.642140e-04   7.137328e-23   504
  7.167662e-01   1.132614e-21   3.351509e-04   4.995833e-23   696
  7.180362e-01   1.342214e-21   1.830475e-04   7.586784e-23   384
  7.190254e-01   9.270477e-22   2.681431e-04   3.748287e-23   576
  7.202219e-01   9.230857e-22   1.654845e-04   4.743376e-23   360
  7.211864e-01   1.180256e-21   2.464465e-04   4.605841e-23   828
  7.222268e-01   9.168887e-22   2.195064e-04   4.886978e-23   372
  7.231800e-01   1.041522e-21   3.352284e-04   4.409412e-23   576
  7.244428e-01   1.219914e-21   1.403933e-04   5.627362e-23   636
  7.253425e-01   1.022257e-21   2.706420e-04   4.342885e-23   648
  7.265596e-01   7.686012e-22   2.200024e-04   3.344803e-23   576
  7.274333e-01   8.812903e-22   3.548870e-04   3.955293e-23   528
  7.285953e-01   9.066113e-22   1.517289e-04   5.140498e-23   360
  7.295571e-01   7.036958e-22   3.490332e-04   2.576194e-23   672
  7.308130e-01   9.905464e-22   1.787806e-04   4.192580e-23   804
  7.318582e-01   8.921266e-22   1.972163e-04   4.629776e-23   408
  7.330145e-01   1.010041e-21   1.219011e-04   5.858607e-23   384
  7.337931e-01   6.688090e-22   2.789567e-04   3.602035e-23   480
  7.348913e-01   7.648193e-22   1.802469e-04   4.267714e-23   432
  7.359446e-01   8.421916e-22   3.321566e-04   2.725540e-23   648
  7.371913e-01   7.563542e-22   2.061016e-04   3.523005e-23   624
  7.381033e-01   5.803191e-22   1.874668e-04   2.559535e-23   456
  7.393486e-01   6.395086e-22   2.560963e-04   2.468199e-23   588
  7.401831e-01   6.203222e-22   1.633884e-04   2.181728e-23   600
  7.414016e-01   6.726836e-22   2.548458e-04   2.718978e-23   708
  7.423640e-01   6.767305e-22   1.605479e-04   3.452031e-23   360
  7.434275e-01   7.012928e-22   1.845541e-04   3.344160e-23   552
  7.444470e-01   5.718311e-22   1.294691e-04   3.436487e-23   288
  7.454820e-01   5.908894e-22   2.434372e-04   2.967459e-23   528
  7.464545e-01   6.632027e-22   1.642340e-04   2.862601e-23   456
  7.475410e-01   6.166916e-22   2.912225e-04   2.677394e-23   608
  7.486338e-01   4.738745e-22   1.408967e-04   2.144308e-23   504
  7.498278e-01   4.301597e-22   3.024972e-04   2.095958e-23   540
  7.507642e-01   6.164549e-22   3.247222e-04   3.230627e-23   360
  7.517735e-01   6.058387e-22   1.470509e-04   3.028744e-23   540
  7.526661e-01   5.035314e-22   1.262606e-04   2.219629e-23   576
  7.539642e-01   4.799038e-22   2.927555e-04   1.906582e-23   588
  7.551985e-01   4.549491e-22   4.039143e-04   1.781956e-23   672
  7.562588e-01   5.446339e-22   3.087151e-04   2.233999e-23   552
  7.571135e-01   3.682624e-22   3.088712e-04   2.343213e-23   144
  7.582042e-01   4.779093e-22   2.624178e-04   1.884836e-23   600
  7.592383e-01   3.818051e-22   3.288668e-04   1.895084e-23   504
  7.603860e-01   4.987550e-22   3.378126e-04   3.025924e-23   336
  7.615932e-01   4.560944e-22   3.797028e-04   1.841511e-23   600
  7.626744e-01   3.841286e-22   2.450478e-04   1.620411e-23   636
  7.638413e-01   4.766873e-22   1.970206e-04   3.023846e-23   384
  7.646595e-01   4.370892e-22   2.748205e-04   1.677473e-23   504
  7.658387e-01   3.338348e-22   1.153383e-04   2.134045e-23   240
  7.667694e-01   4.388519e-22   2.709461e-04   1.655015e-23   744
  7.678860e-01   3.400251e-22   1.850150e-04   1.333013e-23   648
  7.688783e-01   6.237576e-22   1.228185e-04   3.797608e-23   120
  7.700414e-01   3.674949e-22   1.929319e-04   1.655494e-23   564
  7.709202e-01   4.135684e-22   3.030111e-04   1.854052e-23   432
  7.720932e-01   3.612839e-22   2.351965e-04   1.692585e-23   480
  7.729764e-01   2.359909e-22   1.731106e-04   1.010786e-23   456
  7.740189e-01   3.880741e-22   2.864725e-04   1.859468e-23   444
  7.752020e-01   3.092237e-22   4.383180e-04   1.602480e-23   528
  7.762412e-01   3.878754e-22   3.255297e-04   2.627982e-23   264
  7.772498e-01   3.241257e-22   3.336195e-04   1.452197e-23   444
  7.786065e-01   3.337762e-22   3.654311e-04   1.362553e-23   696
  7.797327e-01   3.356426e-22   1.954448e-04   2.009869e-23   384
  7.805563e-01   3.219833e-22   2.469609e-04   1.576693e-23   432
  7.818373e-01   3.176055e-22   1.706384e-04   1.472234e-23   488
  7.826690e-01   3.658934e-22   2.571733e-04   1.729834e-23   480
  7.838749e-01   2.798631e-22   2.868014e-04   1.319096e-23   480
  7.848089e-01   2.464993e-22   1.203331e-04   1.271180e-23   240
  7.858692e-01   3.541153e-22   2.810886e-04   1.777111e-23   600
  7.868694e-01   2.115059e-22   2.449399e-04   1.353814e-23   288
  7.879343e-01   2.981721e-22   2.356143e-04   1.404002e-23   480
  7.890129e-01   2.080387e-22   4.191157e-04   9.991803e-24   504
  7.900748e-01   2.525376e-22   1.798267e-04   1.976330e-23   216
  7.914291e-01   2.509889e-22   2.944050e-04   1.261193e-23   504
  7.924838e-01   2.415952e-22   2.367912e-04   1.362023e-23   456
  7.936384e-01   2.876621e-22   1.358038e-04   1.221295e-23   384
  7.944031e-01   3.002411e-22   2.756326e-04   1.488519e-23   480
  7.954897e-01   1.897881e-22   2.420363e-04   9.326956e-24   504
  7.964966e-01   2.486863e-22   1.535327e-04   1.564504e-23   312
  7.975815e-01   2.426356e-22   2.474127e-04   1.173618e-23   492
  7.985417e-01   2.835836e-22   2.318919e-04   2.093078e-23   312
  7.997779e-01   2.024090e-22   3.766899e-04   9.192105e-24   576
  8.008661e-01   2.474976e-22   3.477153e-04   1.482086e-23   336
  8.017699e-01   1.535503e-22   2.677247e-04   9.585777e-24   240
  8.030228e-01   2.164112e-22   3.549351e-04   1.040996e-23   468
  8.041047e-01   2.126912e-22   2.222407e-04   1.540935e-23   192
  8.052370e-01   1.809532e-22   2.229031e-04   1.203426e-23   324
  8.060669e-01   2.286355e-22   1.617794e-04   1.289938e-23   600
  8.071978e-01   2.392957e-22   2.624704e-04   1.164803e-23   456
  8.080377e-01   2.225457e-22   1.180592e-04   1.659068e-23   336
  8.094297e-01   2.249388e-22   3.535027e-04   1.106406e-23   612
  8.104424e-01   1.529655e-22   2.966749e-04   1.648191e-23   144
  8.114002e-01   2.057224e-22   3.462957e-04   8.516006e-24   552
  8.127025e-01   1.422387e-22   1.363755e-04   9.639031e-24   264
  8.134384e-01   2.172353e-22   3.157441e-04   1.756618e-23   336
  8.145992e-01   1.439880e-22   2.086329e-04   6.982920e-24   384
  8.156059e-01   2.141224e-22   1.174397e-04   1.650823e-23   216
  8.167203e-01   1.376845e-22   2.489964e-04   9.570839e-24   344
  8.177364e-01   1.533955e-22   3.715143e-04   1.056733e-23   408
  8.189746e-01   1.715072e-22   2.854845e-04   1.485616e-23   264
  8.200718e-01   1.920043e-22   3.979796e-04   1.064330e-23   612
  8.211681e-01   2.067911e-22   2.048307e-04   1.140481e-23   408
  8.222956e-01   1.521079e-22   2.051251e-04   1.016497e-23   444
  8.231239e-01   3.054546e-22   1.147249e-04   2.453825e-23   120
  8.242338e-01   1.781232e-22   3.169640e-04   1.346105e-23   336
  8.250576e-01   1.271476e-22   1.101437e-04   8.878719e-24   288
  8.261708e-01   1.415305e-22   3.427692e-04   6.396935e-24   552
  8.277012e-01   1.577566e-22   1.835347e-08   1.926078e-23   72
  8.284882e-01   1.242911e-22   3.404572e-04   6.739984e-24   504
  8.294074e-01   8.276917e-23   1.095558e-04   5.592910e-24   216
  8.305983e-01   1.172490e-22   1.956043e-04   7.906394e-24   312
  8.316675e-01   1.043484e-22   2.227263e-04   6.398675e-24   336
  8.326865e-01   1.094579e-22   3.087236e-04   8.383824e-24   204
  8.337014e-01   1.745418e-22   3.587838e-04   8.987266e-24   504
  8.347777e-01   1.544817e-22   3.416652e-04   9.238986e-24   396
  8.358127e-01   1.534075e-22   3.133249e-04   1.123561e-23   312
  8.370674e-01   2.327429e-22   1.914750e-04   1.810313e-23   216
  8.379516e-01   1.331402e-22   1.039172e-04   9.022978e-24   168
  8.390260e-01   1.184137e-22   2.623966e-04   5.829516e-24   588
  8.402521e-01   8.520250e-23   3.561727e-04   7.215699e-24   240
  8.412047e-01   8.687245e-23   3.145601e-04   7.387180e-24   264
  8.423219e-01   1.113114e-22   3.890183e-04   8.593767e-24   288
  8.433131e-01   1.053988e-22   1.942596e-04   8.690288e-24   288
  8.445693e-01   1.058392e-22   1.824406e-04   8.334459e-24   288
  8.454153e-01   8.157347e-23   2.113423e-04   7.083333e-24   192
  8.464795e-01   7.351753e-23   2.248894e-04   6.309406e-24   264
  8.474933e-01   1.825042e-22   3.699119e-04   1.319065e-23   372
  8.485844e-01   1.722183e-22   3.995208e-04   1.124405e-23   360
  8.499161e-01   1.568186e-22   1.690810e-04   1.505869e-23   144
  8.506044e-01   7.881312e-23   2.348461e-04   8.365443e-24   296
  8.516909e-01   1.067046e-22   2.530345e-04   9.501107e-24   288
  8.529347e-01   9.028900e-23   3.781537e-04   5.468812e-24   480
  8.540076e-01   7.218406e-23   3.142096e-04   8.169182e-24   192
  8.550509e-01   1.104500e-22   3.370327e-04   9.820818e-24   192
  8.559992e-01   8.299304e-23   2.147949e-04   8.516843e-24   288
  8.573180e-01   4.262069e-23   1.869760e-04   4.127659e-24   108
  8.579823e-01   1.063243e-22   1.797545e-04   7.846144e-24   240
  8.591554e-01   6.620927e-23   3.353363e-04   4.742967e-24   384
  8.603605e-01   1.627909e-22   4.090723e-04   2.360646e-23   108
  8.614261e-01   1.314438e-22   2.398466e-04   9.635888e-24   348
  8.625466e-01   1.099363e-22   2.503134e-04   1.059479e-23   312
  8.635474e-01   6.769121e-23   2.432319e-04   1.162633e-23   96
  8.644677e-01   7.491237e-23   3.238194e-04   5.185075e-24   384
  8.654984e-01   8.554150e-23   2.227222e-04   1.053151e-23   144
  8.665066e-01   8.580607e-23   3.422225e-04   6.249040e-24   408
  8.677598e-01   4.419704e-23   1.526554e-04   4.452626e-24   144
  8.689437e-01   7.857170e-23   2.934816e-04   7.644290e-24   192
  8.696459e-01   1.003785e-22   3.303190e-04   1.062977e-23   144
  8.707904e-01   3.925039e-23   2.685615e-04   2.522568e-24   144
  8.718702e-01   7.880981e-23   3.282257e-04   5.909084e-24   336
  8.731927e-01   3.728932e-23   2.428454e-04   2.672065e-24   240
  8.740312e-01   6.489274e-23   1.102739e-04   7.677399e-24   96
  8.752007e-01   1.044490e-22   3.233803e-04   9.091117e-24   372
  8.763838e-01   7.383270e-23   3.846540e-04   1.119820e-23   132
  8.774230e-01   3.964469e-23   2.380193e-04   2.846145e-24   264
  8.783527e-01   9.956521e-23   1.827880e-04   1.243190e-23   168
  8.793449e-01   8.325111e-23   2.922429e-04   8.792919e-24   216
  8.802213e-01   6.915600e-23   1.787978e-04   7.620709e-24   216
  8.814979e-01   2.517894e-23   3.280196e-04   1.861663e-24   96
  8.826561e-01   8.661473e-23   2.140028e-04   1.220256e-23   120
  8.837183e-01   5.624338e-23   2.720578e-04   7.404444e-24   216
  8.845934e-01   4.747817e-23   1.188902e-04   4.115147e-24   200
  8.857519e-01   5.630386e-23   3.077557e-04   6.576793e-24   288
  8.872378e-01   1.994980e-23   8.097649e-05   1.850618e-24   144
  8.878635e-01   4.601027e-23   2.519939e-04   5.069276e-24   168
  8.891412e-01   7.764437e-23   2.835956e-04   9.008967e-24   159
  8.901386e-01   4.026389e-23   2.975600e-04   4.715558e-24   174
  8.911039e-01   3.384332e-23   2.698170e-04   2.557791e-24   144
  8.923678e-01   5.947637e-23   1.557998e-04   6.243003e-24   222
  8.932131e-01   2.784732e-23   1.572158e-04   1.942187e-24   168
  8.946732e-01   3.937759e-23   3.448346e-04   6.032193e-24   30
  8.952763e-01   1.470529e-23   3.044637e-04   1.310653e-24   72
  8.964123e-01   3.548633e-23   2.717302e-04   3.860424e-24   258
  8.976612e-01   2.741283e-23   1.701916e-04   1.677842e-24   264
  8.982857e-01   2.920353e-23   0.000000e+00   5.141706e-24   72
  8.995871e-01   2.134228e-23   3.373270e-04   2.203719e-24   174
  9.007654e-01   3.044690e-23   3.591909e-04   3.624158e-24   168
  9.017127e-01   9.021517e-24   1.123916e-08   9.633850e-25   48
  9.027297e-01   2.020371e-23   2.028435e-04   3.944842e-24   150
  9.039088e-01   4.142778e-23   3.731453e-04   3.224679e-24   168
  9.050911e-01   1.749795e-23   2.273028e-04   1.530071e-24   144
  9.061784e-01   5.103603e-23   2.123525e-04   7.737507e-24   102
  9.069882e-01   1.338535e-23   3.143182e-04   1.630289e-24   96
  9.082731e-01   1.088374e-23   3.119397e-04   8.311165e-25   120
  9.092246e-01   9.344253e-24   3.345635e-04   5.945984e-25   168
  9.102538e-01   4.906622e-23   2.470487e-04   5.446032e-24   126
  9.111308e-01   2.520292e-23   1.863241e-04   2.434706e-24   168
  9.123389e-01   1.134421e-23   2.987709e-04   1.497852e-24   72
  9.133947e-01   1.134047e-23   3.741278e-04   6.198878e-25   168
  9.143196e-01   1.880399e-23   1.025668e-04   2.547961e-24   78
  9.155870e-01   1.156117e-23   1.684070e-04   8.275440e-25   60
  9.166075e-01   4.650648e-23   2.731835e-04   5.238053e-24   96
  9.176659e-01   1.679494e-23   3.314854e-04   1.391711e-24   168
  9.186605e-01   1.657984e-23   2.097511e-04   2.762043e-24   86
  9.197042e-01   8.407911e-24   1.874678e-04   1.043615e-24   120
  9.212002e-01   8.529772e-24   1.336894e-04   6.114879e-25   168
  9.220069e-01   6.797481e-24   0.000000e+00   7.006170e-25   48
  9.230934e-01   2.550134e-23   2.435676e-04   3.039365e-24   120
  9.237177e-01   1.387003e-23   1.776924e-04   1.776836e-24   126
  9.252418e-01   1.273186e-23   3.125113e-04   1.518170e-24   96
  9.262310e-01   9.913811e-24   9.011285e-05   8.747897e-25   96
  9.270111e-01   9.567666e-24   0.000000e+00   8.317575e-25   72
  9.286731e-01   1.545965e-23   1.123916e-08   1.745920e-24   24
  9.297104e-01   2.477402e-23   1.854501e-04   3.484784e-24   120
  9.305196e-01   1.748848e-23   2.705147e-04   2.379137e-24   126
  9.314194e-01   7.939652e-24   2.255107e-04   1.014791e-24   96
  9.324708e-01   4.785989e-24   3.897482e-04   3.405350e-25   72
  9.336415e-01   8.233600e-24   1.685792e-04   6.475354e-25   144
  9.346046e-01   8.929159e-24   9.723254e-05   8.081860e-25   72
  9.355666e-01   9.276643e-24   1.942081e-04   1.150465e-24   54
  9.364132e-01   1.434154e-23   1.711436e-04   1.834802e-24   108
  9.381728e-01   1.103507e-23   1.677650e-04   1.402018e-24   72
  9.387206e-01   1.050255e-23   9.680617e-05   1.309465e-24   72
  9.400202e-01   7.602560e-24   1.946680e-08   1.123440e-24   24
  9.412498e-01   2.695755e-24   2.047976e-04   3.250228e-25   48
  9.419964e-01   7.789848e-24   1.560029e-04   6.664421e-25   102
  9.431203e-01   8.595071e-24   3.528137e-04   1.051420e-24   168
  9.445889e-01   5.405891e-24   1.924163e-04   4.302981e-25   72
  9.451330e-01   4.640429e-24   0.000000e+00   4.427513e-25   48
  9.462744e-01   1.116448e-23   3.309678e-04   9.077489e-25   120
  9.477807e-01   5.657687e-24   2.033864e-04   4.452447e-25   96
  9.492033e-01   1.036596e-23   2.202416e-08   2.215751e-24   30
  9.508942e-01   1.250170e-23   9.555995e-05   1.480392e-24   72
  9.516372e-01   7.792850e-24   1.123916e-08   1.195551e-24   24
  9.525916e-01   2.649428e-24   1.416435e-04   2.314423e-25   56
  9.536606e-01   3.066369e-24   2.021324e-04   2.332764e-25   96
  9.549399e-01   6.463985e-24   2.232036e-04   5.582877e-25   144
  9.559263e-01   6.608341e-24   1.267263e-04   1.422128e-24   54
  9.573592e-01   4.105542e-24   1.898493e-04   2.589360e-25   108
  9.588012e-01   9.762010e-24   1.005243e-04   1.249309e-24   48
  9.601739e-01   6.118436e-24   3.785063e-04   5.302146e-25   72
  9.634680e-01   5.815654e-24   2.500803e-04   5.405594e-25   78
  9.643808e-01   2.595046e-24   1.884669e-04   2.062614e-25   72
  9.654462e-01   2.903292e-24   1.882329e-04   2.507502e-25   72
  9.665603e-01   4.475530e-24   4.542266e-04   4.876918e-25   96
  9.674408e-01   3.252311e-24   1.878449e-04   2.666867e-25   72
  9.685029e-01   5.427755e-24   0.000000e+00   9.419195e-25   24
  9.695638e-01   3.778440e-24   3.748416e-04   3.083960e-25   72
  9.719599e-01   7.364619e-24   2.380359e-04   1.333552e-24   30
  9.724755e-01   4.095622e-24   0.000000e+00   4.674547e-25   24
  9.752466e-01   2.445358e-24   1.976584e-04   1.938058e-25   48
  9.761159e-01   3.691887e-24   4.253608e-04   3.393760e-25   120
  9.772870e-01   2.303618e-24   1.859776e-04   2.061073e-25   72
  9.784697e-01   1.353753e-24   1.857528e-04   1.527685e-25   36
  9.792826e-01   3.076131e-24   3.671339e-04   2.261010e-25   78
  9.815513e-01   5.772925e-24   1.963888e-04   7.650486e-25   48
  9.844928e-01   3.884975e-24   1.589457e-08   4.891954e-25   24
  9.865884e-01   1.508435e-24   1.367612e-04   1.531240e-25   56
  9.876436e-01   2.301998e-24   2.104496e-04   1.688017e-25   102
  9.889860e-01   2.025956e-24   1.498555e-08   1.803356e-25   72
  9.897653e-01   2.575139e-24   0.000000e+00   2.553037e-25   24
  9.911277e-01   3.432706e-24   1.944913e-04   3.767532e-25   48
  9.936528e-01   3.691261e-24   0.000000e+00   5.037861e-25   24
  9.967520e-01   3.447509e-24   0.000000e+00   5.326866e-25   6
  9.977185e-01   1.341642e-24   0.000000e+00   2.123366e-25   24
  9.983623e-01   1.350475e-24   1.820511e-04   1.163850e-25   72
  9.995384e-01   1.840651e-24   3.396336e-04   1.390755e-25   84
  1.000805e+00   2.836629e-24   0.000000e+00   3.653318e-25   24
  1.001190e+00   1.963545e-24   1.589457e-08   2.094769e-25   24
  1.003114e+00   2.947020e-24   1.123916e-08   3.593507e-25   24
  1.005800e+00   2.136176e-24   0.000000e+00   7.101523e-25   6
  1.009244e+00   1.175182e-24   1.910001e-04   1.150268e-25   48
  1.010072e+00   1.438459e-24   3.598129e-04   9.412451e-26   72
  1.011152e+00   1.802528e-24   1.906396e-04   2.285843e-25   48
  1.012867e+00   2.065320e-24   0.000000e+00   2.052989e-25   24
  1.015148e+00   1.532855e-24   1.123916e-08   1.161521e-25   6
  1.020262e+00   4.836649e-25   0.000000e+00   8.393498e-26   8
  1.020640e+00   1.102804e-24   1.123916e-08   9.760683e-26   48
  1.021546e+00   1.515361e-24   1.848806e-04   1.257696e-25   60
  1.022904e+00   1.621294e-24   0.000000e+00   2.290011e-25   24
  1.024787e+00   4.032251e-24   0.000000e+00   9.444833e-25   6
  1.031723e+00   1.234255e-24   0.000000e+00   1.950396e-25   24
  1.032283e+00   8.844438e-25   1.867372e-04   9.072540e-26   48
  1.033217e+00   1.518219e-24   0.000000e+00   1.737871e-25   24
  1.034708e+00   1.367206e-24   1.123916e-08   2.436253e-25   6
  1.043181e+00   9.417753e-25   1.742080e-04   1.333955e-25   36
  1.043797e+00   1.470345e-24   0.000000e+00   2.098352e-25   24
  1.044904e+00   9.084296e-25   0.000000e+00   2.093252e-25   6
  1.054545e+00   7.364887e-25   1.583190e-04   8.450817e-26   32
  1.055367e+00   8.483429e-25   1.123916e-08   1.577087e-25   6
  1.065728e+00   8.401853e-25   0.000000e+00   1.509623e-25   12
  1.066089e+00   7.887602e-25   0.000000e+00   1.280879e-25   6
  1.077063e+00   7.893927e-25   1.589457e-08   5.694181e-26   6
