# power spectrum of hij
# redshift z=1.000000
# k              Pk             sigma(k)       sigma(Pk)      count
  1.963495e-02   3.617442e-19   0.000000e+00   1.252044e-19   6
  2.776802e-02   2.441921e-19   0.000000e+00   2.317816e-20   12
  3.400874e-02   1.067140e-19   3.725290e-10   1.155414e-20   8
  3.926991e-02   9.888845e-20   0.000000e+00   1.036761e-20   6
  4.390509e-02   8.059091e-20   0.000000e+00   8.478413e-21   24
  4.809562e-02   3.542826e-20   7.024475e-10   6.094325e-21   24
  5.553604e-02   3.635585e-20   0.000000e+00   4.644864e-21   12
  5.890486e-02   1.537290e-20   7.947286e-10   1.425249e-21   30
  6.209118e-02   1.652839e-20   0.000000e+00   2.481360e-21   24
  6.512178e-02   1.897875e-20   1.216675e-09   2.934766e-21   24
  6.801748e-02   1.102498e-20   7.450581e-10   1.921510e-21   8
  7.079483e-02   9.993452e-21   9.934107e-10   1.214048e-21   24
  7.346727e-02   8.881286e-21   0.000000e+00   8.427218e-22   48
  7.853982e-02   9.043543e-21   0.000000e+00   1.194234e-21   6
  8.095699e-02   5.500907e-21   1.404895e-09   5.966790e-22   48
  8.330406e-02   6.339538e-21   0.000000e+00   7.052445e-22   36
  8.558678e-02   4.860932e-21   9.934107e-10   8.226537e-22   24
  8.781018e-02   5.030229e-21   0.000000e+00   8.199670e-22   24
  8.997866e-02   3.640517e-21   0.000000e+00   4.011833e-22   48
  9.209610e-02   4.109502e-21   1.404895e-09   5.339251e-22   24
  9.619124e-02   2.645314e-21   1.404895e-09   3.294251e-22   24
  9.817477e-02   3.554422e-21   0.000000e+00   6.135737e-22   30
  1.001190e-01   2.187660e-21   0.000000e+00   1.613946e-22   72
  1.020262e-01   2.025681e-21   1.490116e-09   1.919377e-22   32
  1.057375e-01   2.078412e-21   0.000000e+00   1.819076e-22   72
  1.075451e-01   1.677480e-21   0.000000e+00   1.609192e-22   48
  1.110721e-01   1.741201e-21   0.000000e+00   4.002353e-22   12
  1.127942e-01   1.403596e-21   0.000000e+00   1.165167e-22   48
  1.144905e-01   1.542385e-21   0.000000e+00   1.187113e-22   48
  1.161620e-01   1.216070e-21   1.404895e-09   1.245169e-22   48
  1.178097e-01   1.240087e-21   1.589457e-09   1.657009e-22   30
  1.194348e-01   1.080644e-21   1.404895e-09   9.995228e-23   24
  1.210380e-01   1.138240e-21   2.961779e-09   8.272113e-23   72
  1.241824e-01   8.078503e-22   0.000000e+00   1.166550e-22   24
  1.257251e-01   7.628568e-22   0.000000e+00   4.665167e-23   96
  1.272490e-01   9.203419e-22   0.000000e+00   8.091153e-23   48
  1.287550e-01   7.918678e-22   2.433349e-09   8.939636e-23   24
  1.302436e-01   8.641509e-22   2.433349e-09   1.385485e-22   24
  1.317153e-01   6.477467e-22   0.000000e+00   4.247738e-23   72
  1.331707e-01   7.910010e-22   0.000000e+00   5.886314e-23   48
  1.360350e-01   5.836540e-22   1.490116e-09   3.837747e-23   8
  1.374447e-01   5.254442e-22   1.766064e-09   6.598619e-23   54
  1.388401e-01   4.792875e-22   0.000000e+00   3.478015e-23   84
  1.402216e-01   4.585495e-22   0.000000e+00   6.394869e-23   48
  1.415897e-01   5.692962e-22   1.986821e-09   5.857335e-23   24
  1.429446e-01   4.776441e-22   1.873193e-09   5.391737e-23   72
  1.442869e-01   4.465063e-22   0.000000e+00   4.563613e-23   96
  1.469345e-01   3.516622e-22   0.000000e+00   3.703772e-23   48
  1.482407e-01   4.563444e-22   0.000000e+00   4.110853e-23   48
  1.495354e-01   3.139921e-22   1.986821e-09   3.945023e-23   24
  1.508189e-01   3.541898e-22   0.000000e+00   2.505496e-23   72
  1.533539e-01   3.351101e-22   1.873193e-09   2.726187e-23   72
  1.546058e-01   2.786253e-22   0.000000e+00   1.772045e-23   96
  1.570796e-01   3.035289e-22   0.000000e+00   8.772605e-23   6
  1.583021e-01   3.148984e-22   0.000000e+00   2.457668e-23   96
  1.595151e-01   3.181617e-22   1.986821e-09   2.008099e-23   96
  1.607190e-01   3.093915e-22   0.000000e+00   3.849428e-23   24
  1.619140e-01   2.955085e-22   2.809790e-09   3.017098e-23   48
  1.631002e-01   2.217185e-22   0.000000e+00   1.592541e-23   96
  1.642778e-01   1.962321e-22   0.000000e+00   1.610128e-23   48
  1.666081e-01   2.781802e-22   0.000000e+00   2.790239e-23   36
  1.677611e-01   1.993036e-22   3.441276e-09   2.253480e-23   48
  1.689063e-01   2.178256e-22   3.893359e-09   1.479411e-23   120
  1.700437e-01   1.916506e-22   0.000000e+00   1.190115e-23   56
  1.711736e-01   2.147823e-22   1.986821e-09   3.453080e-23   24
  1.722960e-01   1.696871e-22   0.000000e+00   1.391800e-23   96
  1.734112e-01   2.102176e-22   0.000000e+00   1.882677e-23   48
  1.756204e-01   1.665507e-22   0.000000e+00   2.734469e-23   24
  1.767146e-01   1.729225e-22   0.000000e+00   1.194671e-23   102
  1.778021e-01   1.684991e-22   0.000000e+00   1.869566e-23   48
  1.788829e-01   1.806680e-22   0.000000e+00   1.458476e-23   72
  1.799573e-01   1.684651e-22   0.000000e+00   1.417167e-23   48
  1.810253e-01   1.962930e-22   0.000000e+00   1.918565e-23   48
  1.820871e-01   1.614017e-22   4.495664e-09   1.016219e-23   120
  1.841922e-01   1.469144e-22   2.809790e-09   1.514277e-23   24
  1.852358e-01   1.397694e-22   2.649095e-09   8.436601e-24   144
  1.862735e-01   1.290067e-22   3.178914e-09   8.077189e-24   120
  1.873055e-01   1.004854e-22   2.809790e-09   9.539455e-24   48
  1.893526e-01   1.161452e-22   2.809790e-09   1.110406e-23   48
  1.903679e-01   1.151170e-22   2.809790e-09   8.539892e-24   96
  1.930487e-01   9.878874e-23   4.711199e-04   7.921922e-24   72
  1.943761e-01   9.489083e-23   3.532127e-09   5.416839e-24   108
  1.953653e-01   1.101104e-22   0.000000e+00   9.514325e-24   72
  1.963495e-01   8.958830e-23   0.000000e+00   8.126334e-24   30
  1.973288e-01   1.024985e-22   0.000000e+00   4.606718e-24   168
  1.983033e-01   8.621060e-23   0.000000e+00   1.362823e-23   48
  2.002380e-01   9.571442e-23   0.000000e+00   9.199598e-24   72
  2.011984e-01   8.419834e-23   0.000000e+00   4.511312e-24   96
  2.021542e-01   8.941273e-23   5.298191e-09   7.209877e-24   72
  2.031055e-01   7.454407e-23   0.000000e+00   6.138573e-24   72
  2.047049e-01   9.432044e-23   4.350048e-04   6.682618e-24   104
  2.059331e-01   9.359963e-23   3.746387e-09   5.719979e-24   144
  2.087224e-01   7.730440e-23   6.282881e-09   6.071382e-24   96
  2.096439e-01   6.942715e-23   0.000000e+00   5.605134e-24   96
  2.111095e-01   7.999428e-23   4.475232e-04   4.573583e-24   120
  2.123845e-01   8.745659e-23   0.000000e+00   6.022882e-24   120
  2.132902e-01   7.909278e-23   0.000000e+00   6.208844e-24   72
  2.150901e-01   8.383751e-23   0.000000e+00   8.252543e-24   48
  2.159845e-01   7.110749e-23   4.235416e-09   4.064259e-24   78
  2.171286e-01   7.092498e-23   4.007142e-04   3.691739e-24   168
  2.195255e-01   7.037396e-23   3.746387e-09   4.424260e-24   144
  2.204018e-01   6.292434e-23   3.746387e-09   3.628006e-24   144
  2.229436e-01   4.726963e-23   2.307791e-04   2.848102e-24   156
  2.238729e-01   6.162247e-23   4.866699e-09   5.269247e-24   48
  2.247323e-01   5.707008e-23   3.178914e-09   3.266711e-24   120
  2.255884e-01   6.807040e-23   0.000000e+00   5.941730e-24   48
  2.271022e-01   5.430329e-23   3.532495e-04   2.397709e-24   216
  2.289809e-01   4.906901e-23   0.000000e+00   4.433809e-24   48
  2.298212e-01   4.799903e-23   2.809790e-09   3.159017e-24   96
  2.310160e-01   5.295060e-23   4.128272e-04   2.729082e-24   168
  2.323239e-01   4.322108e-23   2.809790e-09   5.660552e-24   48
  2.331522e-01   5.920620e-23   0.000000e+00   4.110359e-24   96
  2.339775e-01   4.783615e-23   0.000000e+00   4.396248e-24   48
  2.356194e-01   4.045739e-23   3.178914e-09   3.903362e-24   30
  2.364362e-01   4.571279e-23   2.809790e-09   3.364200e-24   96
  2.374123e-01   3.983530e-23   3.244455e-04   1.797260e-24   240
  2.386674e-01   4.156703e-23   3.500299e-04   5.584645e-24   32
  2.396752e-01   3.988275e-23   0.000000e+00   2.454047e-24   168
  2.404781e-01   3.754502e-23   0.000000e+00   2.761780e-24   120
  2.420760e-01   4.063734e-23   5.923557e-09   3.875793e-24   72
  2.428710e-01   3.746145e-23   3.746387e-09   2.193754e-24   144
  2.436634e-01   3.657474e-23   0.000000e+00   2.430090e-24   96
  2.444532e-01   3.317526e-23   0.000000e+00   2.027889e-24   96
  2.460253e-01   5.065777e-23   4.588368e-09   3.463226e-24   72
  2.468075e-01   4.051177e-23   3.973643e-09   3.028015e-24   96
  2.483647e-01   3.966105e-23   0.000000e+00   5.426839e-24   24
  2.491396e-01   3.678239e-23   0.000000e+00   1.760553e-24   192
  2.500522e-01   4.044726e-23   2.970416e-04   2.695485e-24   132
  2.514501e-01   3.060980e-23   0.000000e+00   2.355925e-24   96
  2.522156e-01   3.129490e-23   0.000000e+00   2.288109e-24   96
  2.529787e-01   3.277732e-23   3.178914e-09   2.185347e-24   120
  2.544981e-01   2.965395e-23   0.000000e+00   2.539031e-24   48
  2.557435e-01   3.280023e-23   3.599905e-04   1.658846e-24   222
  2.567603e-01   3.521774e-23   0.000000e+00   2.526546e-24   120
  2.575100e-01   3.119730e-23   4.866699e-09   5.481961e-24   24
  2.586015e-01   3.224285e-23   3.715625e-04   1.376102e-24   312
  2.609797e-01   2.987895e-23   3.483547e-04   2.367092e-24   72
  2.619630e-01   2.977333e-23   2.809790e-09   1.597701e-24   96
  2.629726e-01   2.556559e-23   3.547511e-04   1.161724e-24   192
  2.641613e-01   3.132543e-23   4.495664e-09   2.038504e-24   120
  2.648900e-01   2.747787e-23   0.000000e+00   1.649181e-24   144
  2.663415e-01   2.379526e-23   0.000000e+00   2.098981e-24   48
  2.673732e-01   2.708636e-23   3.567146e-04   1.023193e-24   336
  2.685040e-01   2.843713e-23   0.000000e+00   2.889050e-24   48
  2.699360e-01   2.337713e-23   0.000000e+00   1.133739e-24   192
  2.706492e-01   2.442066e-23   0.000000e+00   2.587645e-24   48
  2.726764e-01   1.869542e-23   2.476067e-04   1.755857e-24   56
  2.736844e-01   2.344893e-23   3.180112e-04   9.338925e-25   336
  2.748894e-01   1.954838e-23   3.532127e-09   1.291895e-24   54
  2.759390e-01   2.156347e-23   3.492904e-04   8.787420e-25   240
  2.781181e-01   2.496776e-23   3.344484e-04   1.125999e-24   228
  2.790651e-01   1.894337e-23   3.746387e-09   1.652927e-24   72
  2.799844e-01   2.248322e-23   3.244231e-04   1.321436e-24   144
  2.811298e-01   2.799355e-23   0.000000e+00   2.610039e-24   96
  2.818146e-01   1.805729e-23   4.495664e-09   8.275703e-25   240
  2.831793e-01   2.318405e-23   3.973643e-09   2.625344e-24   24
  2.840530e-01   1.989536e-23   3.064151e-04   8.172306e-25   336
  2.852142e-01   1.760725e-23   0.000000e+00   1.299972e-24   72
  2.862741e-01   2.019104e-23   3.332831e-04   1.072985e-24   168
  2.872346e-01   2.250332e-23   0.000000e+00   1.849495e-24   72
  2.885737e-01   1.763720e-23   0.000000e+00   1.597158e-24   96
  2.896108e-01   1.859661e-23   3.307829e-04   1.009110e-24   216
  2.905708e-01   1.701668e-23   3.973643e-09   1.215044e-24   96
  2.918946e-01   1.579208e-23   0.000000e+00   8.398543e-25   192
  2.925542e-01   2.165802e-23   3.746387e-09   1.248234e-24   144
  2.938691e-01   1.558509e-23   0.000000e+00   1.553070e-24   48
  2.947794e-01   1.840929e-23   3.189136e-04   9.850455e-25   246
  2.960164e-01   1.535285e-23   2.940434e-04   8.307607e-25   168
  2.971308e-01   1.873837e-23   5.506041e-09   1.435819e-24   120
  2.977788e-01   1.610773e-23   0.000000e+00   7.362763e-25   240
  2.990707e-01   2.066493e-23   3.973643e-09   5.006635e-24   24
  3.001001e-01   1.686975e-23   3.147475e-04   7.186950e-25   360
  3.013820e-01   1.910500e-23   3.134082e-04   1.303576e-24   120
  3.022763e-01   1.534794e-23   0.000000e+00   8.280200e-25   144
  3.029133e-01   1.634989e-23   0.000000e+00   1.686341e-24   96
  3.048165e-01   1.254170e-23   0.000000e+00   7.109376e-25   144
  3.054482e-01   1.339776e-23   0.000000e+00   9.900312e-25   132
  3.063360e-01   1.361658e-23   3.093292e-04   7.176877e-25   176
  3.076248e-01   1.328643e-23   3.123602e-04   4.738243e-25   312
  3.092116e-01   1.304832e-23   0.000000e+00   1.233869e-24   96
  3.098343e-01   1.139494e-23   0.000000e+00   6.350975e-25   144
  3.107899e-01   1.376127e-23   3.092271e-04   5.772960e-25   312
  3.123131e-01   1.303995e-23   0.000000e+00   1.298664e-24   48
  3.129297e-01   1.319917e-23   3.973643e-09   6.927075e-25   192
  3.141593e-01   1.365332e-23   0.000000e+00   3.584155e-24   6
  3.149762e-01   1.200405e-23   2.884066e-04   5.386527e-25   288
  3.162994e-01   1.331172e-23   3.047203e-04   7.175043e-25   192
  3.172124e-01   1.379657e-23   9.345130e-09   6.173875e-25   216
  3.178195e-01   1.241749e-23   0.000000e+00   8.762511e-25   72
  3.193321e-01   1.332928e-23   3.018264e-04   6.408763e-25   192
  3.203366e-01   1.146949e-23   2.241224e-04   5.796188e-25   288
  3.214381e-01   1.168704e-23   0.000000e+00   1.725499e-24   24
  3.222890e-01   1.088220e-23   2.952626e-04   3.525702e-25   456
  3.238280e-01   1.000738e-23   5.619580e-09   1.175263e-24   48
  3.247789e-01   1.266937e-23   2.908218e-04   5.052255e-25   240
  3.258718e-01   1.222194e-23   2.939082e-04   5.662992e-25   216
  3.267908e-01   1.085226e-23   0.000000e+00   9.861599e-25   72
  3.273801e-01   1.038502e-23   1.015467e-08   5.239364e-25   168
  3.290441e-01   1.059803e-23   2.184577e-04   4.428467e-25   288
  3.299773e-01   9.842743e-24   2.890570e-04   5.333379e-25   168
  3.314762e-01   1.043002e-23   0.000000e+00   5.542676e-25   192
  3.320572e-01   9.017046e-24   3.746387e-09   5.625848e-25   144
  3.332162e-01   1.399268e-23   0.000000e+00   1.898335e-24   36
  3.341991e-01   9.713374e-24   2.639705e-04   3.816207e-25   342
  3.351389e-01   9.498472e-24   2.710657e-04   7.067454e-25   144
  3.363470e-01   9.914768e-24   2.842800e-04   4.086704e-25   384
  3.378125e-01   1.070324e-23   7.786718e-09   8.246670e-25   120
  3.385379e-01   1.117682e-23   2.534951e-04   5.280570e-25   264
  3.395201e-01   9.513191e-24   1.256576e-08   4.991937e-25   192
  3.404451e-01   9.053570e-24   2.731894e-04   5.324805e-25   152
  3.412191e-01   9.279750e-24   7.492773e-09   5.881149e-25   144
  3.428472e-01   8.479076e-24   1.768108e-04   4.470220e-25   216
  3.436008e-01   8.811491e-24   2.362665e-04   3.703098e-25   312
  3.449274e-01   8.713994e-24   2.738281e-04   3.857178e-25   240
  3.457090e-01   7.541573e-24   3.973643e-09   5.985559e-25   96
  3.471927e-01   7.986266e-24   2.617995e-04   5.383780e-25   144
  3.481071e-01   7.868450e-24   2.573258e-04   2.797750e-25   456
  3.495904e-01   8.167015e-24   0.000000e+00   6.052721e-25   120
  3.501414e-01   8.469348e-24   0.000000e+00   5.191295e-25   144
  3.512407e-01   1.276872e-23   0.000000e+00   1.766312e-24   24
  3.519456e-01   6.618361e-24   2.473498e-04   2.882327e-25   336
  3.531645e-01   8.282548e-24   2.727931e-04   3.958659e-25   198
  3.543067e-01   8.022053e-24   2.652756e-04   2.883015e-25   432
  3.556041e-01   1.035565e-23   0.000000e+00   9.453226e-25   48
  3.562810e-01   8.138493e-24   2.341925e-04   2.988029e-25   384
  3.574963e-01   7.774528e-24   2.696052e-04   4.725138e-25   144
  3.585975e-01   8.075308e-24   2.676825e-04   3.749670e-25   264
  3.599147e-01   6.963598e-24   0.000000e+00   7.358748e-25   48
  3.607984e-01   7.546221e-24   2.545223e-04   3.700443e-25   276
  3.616510e-01   7.254022e-24   2.307176e-04   3.972063e-25   192
  3.627906e-01   7.148534e-24   2.592759e-04   2.060095e-25   552
  3.641741e-01   8.311235e-24   8.991328e-09   6.986916e-25   120
  3.649965e-01   5.795881e-24   2.624511e-04   2.896140e-25   216
  3.657587e-01   7.019729e-24   4.495664e-09   4.710315e-25   120
  3.671201e-01   6.935430e-24   2.584500e-04   2.602449e-25   408
  3.683844e-01   4.967343e-24   5.619580e-09   5.770572e-25   24
  3.691684e-01   6.837624e-24   2.610810e-04   2.611194e-25   384
  3.702633e-01   6.369305e-24   2.550855e-04   3.408587e-25   240
  3.712141e-01   6.472015e-24   2.569535e-04   3.731343e-25   168
  3.725471e-01   6.550515e-24   6.357829e-09   4.567829e-25   120
  3.734064e-01   6.237948e-24   2.678605e-04   2.931911e-25   350
  3.748037e-01   7.097146e-24   4.409502e-04   3.102556e-25   384
  3.756388e-01   6.614958e-24   0.000000e+00   5.252359e-25   144
  3.771752e-01   6.104229e-24   1.059638e-08   2.796787e-25   288
  3.779773e-01   5.971535e-24   2.524053e-04   2.327822e-25   336
  3.790686e-01   5.321897e-24   2.297941e-04   3.240371e-25   168
  3.797219e-01   6.176904e-24   4.541306e-09   2.433189e-25   336
  3.810732e-01   5.386264e-24   2.385126e-04   2.804971e-25   288
  3.818848e-01   6.569957e-24   2.247398e-04   2.991152e-25   264
  3.832590e-01   5.612092e-24   0.000000e+00   2.681714e-25   240
  3.837616e-01   5.350280e-24   7.947286e-09   4.467653e-25   96
  3.855656e-01   5.256203e-24   3.056310e-04   2.063640e-25   360
  3.864075e-01   5.634869e-24   2.253025e-04   2.973746e-25   168
  3.874713e-01   5.146778e-24   2.456032e-04   1.797559e-25   456
  3.887523e-01   5.541837e-24   7.064254e-09   4.167468e-25   108
  3.894728e-01   4.733207e-24   2.464311e-04   2.157392e-25   264
  3.903716e-01   4.850260e-24   2.198567e-04   2.826289e-25   264
  3.916025e-01   5.311840e-24   2.074668e-04   2.214537e-25   312
  3.931351e-01   4.769798e-24   1.541705e-04   1.976070e-25   270
  3.937775e-01   4.738377e-24   1.957388e-04   1.827647e-25   240
  3.949323e-01   5.355971e-24   2.421536e-04   2.033598e-25   384
  3.956334e-01   6.136788e-24   0.000000e+00   3.092188e-25   192
  3.969952e-01   5.583562e-24   1.942960e-04   2.811886e-25   240
  3.977852e-01   5.674171e-24   2.397927e-04   2.714194e-25   336
  3.992708e-01   4.816595e-24   2.413972e-04   1.663790e-25   480
  4.004761e-01   4.437226e-24   0.000000e+00   4.372055e-25   72
  4.011493e-01   4.727784e-24   2.353842e-04   2.407345e-25   240
  4.020650e-01   4.616518e-24   2.212289e-04   1.950118e-25   312
  4.031147e-01   4.427721e-24   2.390954e-04   1.860965e-25   240
  4.047009e-01   4.843079e-24   1.816506e-04   1.915719e-25   408
  4.053288e-01   4.976554e-24   1.663482e-04   2.054957e-25   336
  4.065560e-01   5.213758e-24   2.112212e-04   2.451468e-25   264
  4.071591e-01   3.947509e-24   0.000000e+00   2.594561e-25   144
  4.088370e-01   4.557572e-24   2.927651e-04   1.517314e-25   464
  4.097211e-01   4.437183e-24   2.328083e-04   2.832520e-25   168
  4.105939e-01   3.840258e-24   2.120376e-04   1.448793e-25   336
  4.121713e-01   4.481360e-24   2.227870e-04   1.929692e-25   414
  4.130606e-01   4.982507e-24   2.319080e-04   2.434977e-25   216
  4.141998e-01   4.941246e-24   5.619580e-09   4.719320e-25   96
  4.146649e-01   4.408229e-24   1.685874e-08   1.766503e-25   384
  4.162944e-01   4.318256e-24   2.314600e-04   1.567618e-25   492
  4.171676e-01   4.774283e-24   2.263480e-04   2.786065e-25   240
  4.181546e-01   5.072043e-24   2.298225e-04   2.310755e-25   312
  4.195176e-01   3.674850e-24   2.297469e-04   1.810697e-25   192
  4.203810e-01   3.918457e-24   2.226525e-04   1.469258e-25   504
  4.215265e-01   4.103278e-24   1.473998e-04   1.634279e-25   408
  4.224284e-01   3.299948e-24   4.515774e-04   1.892752e-25   168
  4.235571e-01   4.407222e-24   2.145032e-04   1.939169e-25   288
  4.245041e-01   3.907623e-24   2.238525e-04   1.888858e-25   288
  4.254743e-01   3.684324e-24   2.251410e-04   1.273004e-25   432
  4.268815e-01   3.458912e-24   2.129084e-04   1.800632e-25   216
  4.276334e-01   3.801424e-24   2.124592e-04   1.555301e-25   360
  4.289721e-01   3.682196e-24   2.073582e-04   1.569763e-25   312
  4.301803e-01   3.962465e-24   0.000000e+00   3.735850e-25   48
  4.308767e-01   3.404828e-24   2.223178e-04   1.225046e-25   432
  4.321240e-01   3.731893e-24   3.708284e-04   1.594904e-25   414
  4.328606e-01   3.352579e-24   1.956255e-08   1.381345e-25   312
  4.342347e-01   3.644304e-24   3.253813e-04   1.376420e-25   528
  4.351620e-01   4.414208e-24   1.707976e-04   1.902249e-25   264
  4.362761e-01   3.896865e-24   2.025191e-04   1.439414e-25   480
  4.377318e-01   3.757141e-24   0.000000e+00   1.891248e-25   288
  4.383604e-01   3.436015e-24   2.176005e-04   2.074518e-25   168
  4.395105e-01   3.646400e-24   3.444610e-04   1.390779e-25   504
  4.408036e-01   3.981302e-24   7.492773e-09   2.686186e-25   144
  4.416171e-01   3.672657e-24   2.212265e-04   1.346878e-25   464
  4.428396e-01   3.211734e-24   3.246624e-04   1.305163e-25   432
  4.434197e-01   3.525695e-24   5.619580e-09   1.858864e-25   192
  4.449189e-01   3.332635e-24   2.406833e-04   1.385536e-25   396
  4.458042e-01   3.040371e-24   2.162000e-04   1.439256e-25   288
  4.466990e-01   3.104548e-24   2.135686e-04   1.287751e-25   336
  4.481283e-01   3.131561e-24   1.352359e-04   1.288886e-25   432
  4.490354e-01   3.096743e-24   3.505126e-04   1.387174e-25   360
  4.500539e-01   2.990953e-24   2.073334e-04   1.092383e-25   384
  4.515004e-01   3.134784e-24   1.830116e-04   1.751522e-25   198
  4.521974e-01   3.367844e-24   2.080246e-04   1.239461e-25   552
  4.534970e-01   3.259589e-24   2.912202e-04   1.421446e-25   432
  4.545821e-01   3.216606e-24   0.000000e+00   1.802340e-25   168
  4.554927e-01   3.684450e-24   3.610065e-04   1.303056e-25   480
  4.566974e-01   3.315275e-24   0.000000e+00   2.516538e-25   120
  4.572396e-01   3.067062e-24   2.948545e-04   1.523853e-25   336
  4.585628e-01   2.852541e-24   2.080152e-04   8.192439e-26   672
  4.598711e-01   3.593970e-24   3.025866e-04   1.184177e-25   528
  4.604805e-01   2.396853e-24   9.082613e-09   1.374534e-25   168
  4.618883e-01   3.051666e-24   3.375333e-04   1.249399e-25   456
  4.627474e-01   3.130707e-24   2.061344e-04   2.130583e-25   168
  4.636392e-01   3.208299e-24   2.057643e-04   1.139613e-25   504
  4.651216e-01   2.779688e-24   2.647872e-04   1.153409e-25   336
  4.660180e-01   3.103227e-24   1.908802e-04   1.534488e-25   312
  4.670124e-01   2.983908e-24   1.865029e-04   9.495122e-26   504
  4.683210e-01   2.795866e-24   1.294009e-04   1.195718e-25   432
  4.689362e-01   2.811173e-24   1.999672e-04   1.310598e-25   312
  4.702151e-01   2.525121e-24   2.049761e-04   1.078027e-25   384
  4.715504e-01   3.616068e-24   1.741510e-04   3.644761e-25   126
  4.723748e-01   2.897366e-24   3.057676e-04   1.158547e-25   492
  4.734278e-01   2.972880e-24   1.958445e-04   1.006904e-25   528
  4.747438e-01   2.691307e-24   1.989360e-04   1.044750e-25   480
  4.755596e-01   3.021741e-24   2.748289e-04   1.536077e-25   432
  4.767402e-01   2.603284e-24   2.161166e-04   1.082529e-25   440
  4.781114e-01   2.980097e-24   1.074739e-04   1.493948e-25   312
  4.786259e-01   2.497833e-24   1.610586e-04   1.008707e-25   480
  4.796813e-01   2.787097e-24   3.153497e-04   1.226079e-25   408
  4.812233e-01   3.048525e-24   1.888588e-04   1.414020e-25   360
  4.818747e-01   2.756309e-24   1.822418e-04   1.156862e-25   408
  4.830820e-01   2.451001e-24   1.854542e-04   9.423480e-26   456
  4.844414e-01   2.671939e-24   1.772485e-04   1.596298e-25   264
  4.851959e-01   2.805589e-24   1.923591e-04   1.292113e-25   384
  4.862943e-01   2.543361e-24   3.238501e-04   8.223326e-26   672
  4.875640e-01   2.883162e-24   1.937042e-04   1.452733e-25   240
  4.882967e-01   2.514381e-24   1.965613e-04   1.248566e-25   264
  4.893308e-01   2.252317e-24   2.424259e-04   7.174055e-26   624
  4.908739e-01   2.161956e-24   0.000000e+00   1.332744e-25   150
  4.914232e-01   2.738424e-24   2.716574e-04   1.112655e-25   600
  4.925819e-01   2.785960e-24   1.874909e-04   1.037734e-25   672
  4.938939e-01   2.245447e-24   1.763484e-04   1.184653e-25   336
  4.946248e-01   2.831844e-24   1.918157e-04   1.157450e-25   408
  4.957926e-01   2.719723e-24   1.913639e-04   1.428206e-25   408
  4.970915e-01   2.646305e-24   9.676385e-05   1.110839e-25   360
  4.978921e-01   2.468536e-24   3.552857e-04   9.421797e-26   456
  4.988592e-01   2.630641e-24   1.932065e-04   1.301769e-25   384
  5.000902e-01   2.300789e-24   1.783541e-04   9.539024e-26   348
  5.007554e-01   2.619081e-24   2.198754e-04   1.018694e-25   576
  5.020050e-01   2.456191e-24   1.810385e-04   9.475992e-26   504
  5.032833e-01   2.422817e-24   2.553443e-04   8.965718e-26   432
  5.043991e-01   2.506661e-24   3.473946e-04   7.993989e-26   576
  5.051948e-01   2.292488e-24   0.000000e+00   9.970532e-26   264
  5.064571e-01   2.337438e-24   2.764393e-04   7.213367e-26   768
  5.075549e-01   1.695199e-24   3.721752e-04   7.622244e-26   240
  5.084277e-01   2.150460e-24   3.282233e-04   1.357542e-25   192
  5.096990e-01   2.136841e-24   2.416124e-04   7.653892e-26   504
  5.106418e-01   2.344043e-24   3.255818e-04   8.868127e-26   590
  5.115460e-01   2.797562e-24   3.647966e-04   1.343409e-25   384
  5.126798e-01   2.369218e-24   3.048625e-04   9.376788e-26   504
  5.140486e-01   2.555886e-24   2.933830e-04   8.907959e-26   648
  5.153764e-01   2.197254e-24   7.967896e-05   9.050476e-26   504
  5.159117e-01   2.166871e-24   1.817627e-04   1.005001e-25   312
  5.168569e-01   2.275465e-24   2.618753e-04   8.034912e-26   576
  5.181545e-01   2.633818e-24   1.822405e-04   1.583535e-25   240
  5.189109e-01   2.204250e-24   1.841453e-04   6.714123e-26   552
  5.199816e-01   2.380164e-24   1.729082e-04   9.023911e-26   600
  5.215067e-01   2.214071e-24   2.111937e-04   8.311573e-26   600
  5.224237e-01   2.149114e-24   3.382099e-04   9.779188e-26   312
  5.233368e-01   2.282578e-24   2.945474e-04   9.016921e-26   480
  5.244775e-01   1.871893e-24   1.837693e-04   6.964052e-26   576
  5.254818e-01   2.102461e-24   2.959085e-04   9.273100e-26   408
  5.263729e-01   1.647296e-24   3.451909e-04   1.011706e-25   216
  5.275243e-01   2.268612e-24   2.643774e-04   7.527671e-26   516
  5.287578e-01   1.995003e-24   2.522429e-04   5.466726e-26   744
  5.300304e-01   2.247511e-24   1.684760e-04   8.632504e-26   462
  5.307494e-01   1.944462e-24   1.712315e-04   8.428228e-26   432
  5.318647e-01   2.180139e-24   1.588547e-04   7.298654e-26   648
  5.331761e-01   2.110200e-24   2.324340e-04   8.715766e-26   528
  5.342295e-01   2.192901e-24   2.799086e-04   7.034712e-26   600
  5.352820e-01   2.413411e-24   3.528915e-04   1.442050e-25   240
  5.363014e-01   2.001943e-24   2.703115e-04   7.213707e-26   720
  5.374863e-01   2.212428e-24   2.138653e-04   7.318073e-26   720
  5.387997e-01   1.488852e-24   0.000000e+00   8.796214e-26   144
  5.394909e-01   2.594674e-24   2.757364e-04   9.715762e-26   720
  5.404742e-01   1.989896e-24   1.653370e-04   7.666655e-26   384
  5.417051e-01   1.965480e-24   1.832848e-04   6.332351e-26   672
  5.428730e-01   1.916160e-24   3.209115e-04   7.587533e-26   336
  5.434308e-01   1.918147e-24   0.000000e+00   1.060358e-25   288
  5.447967e-01   1.909025e-24   2.539800e-04   5.890695e-26   776
  5.460612e-01   1.752172e-24   2.173184e-04   5.125262e-26   720
  5.471231e-01   1.792777e-24   1.750659e-04   7.026051e-26   432
  5.479725e-01   2.106078e-24   2.495786e-04   8.679361e-26   504
  5.489174e-01   1.799622e-24   1.748652e-04   7.471325e-26   528
  5.502396e-01   1.959144e-24   2.382437e-04   7.734682e-26   438
  5.513273e-01   2.108833e-24   2.772938e-04   8.566402e-26   624
  5.521470e-01   2.266899e-24   3.396475e-04   1.320075e-25   312
  5.532738e-01   2.313465e-24   1.829935e-04   8.764597e-26   696
  5.544390e-01   2.139064e-24   1.655760e-04   9.808146e-26   552
  5.556509e-01   2.003079e-24   1.281006e-04   7.467330e-26   516
  5.564006e-01   2.197822e-24   2.558713e-04   7.917967e-26   528
  5.573133e-01   1.641271e-24   1.664001e-04   5.001971e-26   528
  5.586097e-01   1.908121e-24   2.194479e-04   6.242506e-26   864
  5.594897e-01   2.041762e-24   3.005985e-04   9.156373e-26   408
  5.603706e-01   2.394685e-24   2.978186e-04   1.778271e-25   192
  5.616191e-01   1.744035e-24   2.464592e-04   6.366316e-26   720
  5.626731e-01   1.896599e-24   2.272475e-04   5.999555e-26   696
  5.639255e-01   1.860512e-24   2.454294e-04   5.593915e-26   720
  5.650713e-01   1.795329e-24   3.326501e-04   7.510137e-26   432
  5.657395e-01   1.877476e-24   1.958109e-04   9.448747e-26   264
  5.669418e-01   1.771208e-24   2.704061e-04   5.908844e-26   672
  5.680171e-01   2.016361e-24   2.768544e-04   7.948720e-26   600
  5.692933e-01   1.311116e-24   1.620980e-04   5.695955e-26   270
  5.699366e-01   1.815754e-24   2.440026e-04   8.354068e-26   528
  5.709591e-01   1.897284e-24   1.670843e-04   5.818347e-26   840
  5.723613e-01   2.028974e-24   3.194952e-04   6.292754e-26   888
  5.736568e-01   1.749688e-24   2.380474e-04   6.131771e-26   744
  5.747517e-01   2.031480e-24   1.223216e-04   7.708613e-26   456
  5.752963e-01   2.457093e-24   1.671601e-04   1.130690e-25   360
  5.762282e-01   1.671171e-24   1.448348e-04   7.917204e-26   384
  5.776580e-01   1.945956e-24   2.323137e-04   6.404230e-26   816
  5.787308e-01   1.773969e-24   3.370546e-04   5.745578e-26   824
  5.800348e-01   1.651004e-24   1.566791e-04   7.090095e-26   360
  5.807331e-01   2.023085e-24   2.311994e-04   7.881764e-26   624
  5.816941e-01   1.958813e-24   1.562320e-04   8.710934e-26   360
  5.829744e-01   1.780737e-24   2.125215e-04   5.782580e-26   876
  5.841306e-01   1.734068e-24   2.524119e-04   5.876555e-26   696
  5.852967e-01   1.427410e-24   1.629911e-04   6.070052e-26   336
  5.859080e-01   1.843777e-24   1.628079e-04   7.092051e-26   504
  5.869176e-01   1.759909e-24   1.642187e-04   6.452642e-26   672
  5.884155e-01   1.669788e-24   3.269213e-04   5.380765e-26   720
  5.894543e-01   1.869079e-24   2.469541e-04   6.938525e-26   774
  5.906010e-01   1.927988e-24   1.413501e-04   9.636119e-26   384
  5.912015e-01   1.884863e-24   2.720183e-04   7.777643e-26   528
  5.921335e-01   2.009730e-24   2.592486e-04   7.317707e-26   744
  5.936327e-01   2.005637e-24   2.138251e-04   6.571184e-26   768
  5.946281e-01   1.750789e-24   2.400348e-04   8.989828e-26   552
  5.958700e-01   1.790412e-24   2.616108e-04   6.663582e-26   696
  5.967938e-01   2.137941e-24   3.179026e-04   1.081592e-25   408
  5.975272e-01   1.948658e-24   1.373364e-04   8.521003e-26   504
  5.986899e-01   1.752824e-24   2.467198e-04   6.159535e-26   888
  5.998339e-01   1.763686e-24   2.564132e-04   6.417960e-26   648
  6.010230e-01   1.781047e-24   2.542153e-04   6.028729e-26   648
  6.021418e-01   1.513003e-24   2.741064e-04   4.910787e-26   792
  6.033268e-01   1.663214e-24   4.010364e-04   6.556800e-26   600
  6.042000e-01   1.463055e-24   2.717856e-04   5.635595e-26   456
  6.051191e-01   1.655673e-24   1.324567e-04   6.342078e-26   648
  6.062996e-01   1.610978e-24   2.583099e-04   4.916112e-26   936
  6.075741e-01   1.912823e-24   1.586356e-04   9.213912e-26   384
  6.086836e-01   2.041982e-24   1.334798e-08   1.525022e-25   198
  6.095398e-01   1.809975e-24   4.024720e-04   5.954708e-26   1224
  6.104634e-01   2.070566e-24   2.931235e-04   1.106344e-25   420
  6.115558e-01   1.786979e-24   2.836822e-04   6.489071e-26   792
  6.126238e-01   1.730463e-24   2.345810e-04   7.016851e-26   680
  6.138428e-01   1.666823e-24   2.154033e-04   7.418131e-26   600
  6.148235e-01   1.726305e-24   3.123938e-04   5.754106e-26   840
  6.161330e-01   1.712020e-24   1.474979e-04   7.929390e-26   432
  6.166334e-01   2.018412e-24   1.382249e-04   8.401996e-26   720
  6.177213e-01   1.647738e-24   2.768404e-04   5.204279e-26   960
  6.190745e-01   1.745046e-24   2.467829e-04   8.795552e-26   528
  6.200634e-01   1.813150e-24   2.522592e-04   7.274508e-26   624
  6.212404e-01   1.858051e-24   1.982740e-04   6.511468e-26   816
  6.224086e-01   1.801629e-24   3.260658e-04   6.790352e-26   696
  6.236996e-01   1.614587e-24   2.202416e-08   9.071886e-26   240
  6.241851e-01   1.742944e-24   1.922888e-04   7.335299e-26   672
  6.252686e-01   1.617627e-24   3.436476e-04   5.610981e-26   864
  6.264840e-01   1.517004e-24   2.636938e-04   5.095918e-26   816
  6.275795e-01   1.465654e-24   1.509292e-04   5.360459e-26   648
  6.287594e-01   1.958685e-24   1.542771e-04   6.583488e-26   843
  6.297611e-01   1.474863e-24   2.775825e-04   5.011763e-26   780
  6.309548e-01   1.769111e-24   1.489456e-04   1.891071e-25   216
  6.316911e-01   1.713915e-24   3.591661e-04   5.898607e-26   1056
  6.328235e-01   1.492308e-24   2.938382e-04   7.879368e-26   228
  6.338720e-01   1.750399e-24   3.658358e-04   6.214174e-26   924
  6.349484e-01   1.620179e-24   1.357046e-04   5.302969e-26   696
  6.360882e-01   1.539239e-24   2.415153e-04   4.944805e-26   996
  6.372543e-01   1.438072e-24   1.425858e-04   6.231695e-26   576
  6.384675e-01   1.547697e-24   2.200718e-04   6.428976e-26   552
  6.393519e-01   1.714559e-24   2.627580e-04   7.520738e-26   516
  6.402494e-01   1.670652e-24   3.821047e-04   5.824466e-26   744
  6.412749e-01   1.225090e-24   1.874451e-04   4.435019e-26   576
  6.421669e-01   1.394579e-24   1.929285e-04   4.209287e-26   792
  6.434346e-01   1.520599e-24   2.205530e-04   5.291928e-26   792
  6.443636e-01   1.489431e-24   2.378641e-04   5.453645e-26   720
  6.456200e-01   1.469942e-24   2.711104e-04   4.715297e-26   656
  6.467974e-01   1.513313e-24   2.960385e-04   5.217337e-26   816
  6.480043e-01   1.542802e-24   1.596190e-04   7.388348e-26   492
  6.486903e-01   1.688742e-24   2.296231e-04   6.732748e-26   552
  6.499778e-01   1.306979e-24   3.992867e-04   4.682102e-26   780
  6.508139e-01   1.410468e-24   2.452771e-04   4.779563e-26   528
  6.517148e-01   1.281096e-24   2.863130e-04   5.381127e-26   600
  6.530425e-01   1.497743e-24   2.379487e-04   4.877148e-26   900
  6.539577e-01   1.422546e-24   1.317325e-04   5.480456e-26   696
  6.552168e-01   1.374182e-24   3.330907e-04   5.218266e-26   696
  6.564349e-01   1.263674e-24   1.351317e-04   4.103003e-26   552
  6.574592e-01   1.242346e-24   1.571457e-04   4.217032e-26   708
  6.585322e-01   1.288221e-24   2.594565e-04   4.032642e-26   876
  6.596487e-01   1.397185e-24   1.377663e-04   6.988898e-26   216
  6.603980e-01   1.424054e-24   3.768094e-04   3.827958e-26   1032
  6.615201e-01   1.253986e-24   4.195357e-04   4.413463e-26   600
  6.626848e-01   1.113981e-24   2.001869e-04   3.872274e-26   600
  6.635732e-01   1.430925e-24   3.535112e-04   5.544610e-26   528
  6.646233e-01   1.243608e-24   1.940622e-04   3.758345e-26   732
  6.657296e-01   1.315200e-24   1.432973e-04   6.158692e-26   336
  6.670031e-01   1.229601e-24   2.042271e-04   3.691432e-26   912
  6.679548e-01   1.141309e-24   2.049821e-04   3.622609e-26   624
  6.689946e-01   1.344742e-24   1.727341e-04   4.333822e-26   768
  6.702082e-01   1.214437e-24   3.116463e-04   3.950928e-26   792
  6.713995e-01   1.271544e-24   1.545014e-04   4.456780e-26   660
  6.722471e-01   1.244414e-24   2.276826e-04   5.169463e-26   504
  6.731238e-01   1.198008e-24   3.719898e-04   5.087182e-26   480
  6.744376e-01   1.071786e-24   3.440421e-04   2.707643e-26   912
  6.754664e-01   1.219121e-24   3.831443e-04   5.149565e-26   432
  6.764380e-01   1.218633e-24   2.275021e-04   4.308357e-26   564
  6.773006e-01   1.172533e-24   2.177508e-04   3.529355e-26   600
  6.785149e-01   1.225170e-24   3.035240e-04   3.779974e-26   876
  6.794272e-01   1.331313e-24   1.364735e-04   6.090497e-26   264
  6.806846e-01   1.125002e-24   2.648123e-04   3.800452e-26   560
  6.816953e-01   1.198350e-24   1.799457e-04   3.308021e-26   840
  6.829222e-01   1.138781e-24   2.774244e-04   3.288826e-26   1008
  6.840568e-01   9.689789e-25   1.241010e-04   3.609647e-26   456
  6.850930e-01   1.184441e-24   1.607553e-04   4.025204e-26   576
  6.860509e-01   1.236421e-24   2.470177e-04   4.432136e-26   612
  6.873140e-01   1.121744e-24   2.206269e-04   3.526515e-26   780
  6.883444e-01   1.105387e-24   2.528284e-04   3.445160e-26   648
  6.893992e-01   1.081791e-24   1.178213e-04   5.663963e-26   312
  6.900734e-01   1.148883e-24   2.993645e-04   3.968734e-26   528
  6.912414e-01   1.062988e-24   3.909551e-04   2.999418e-26   720
  6.923583e-01   1.089492e-24   3.921794e-04   4.442621e-26   576
  6.937124e-01   1.121494e-24   3.383053e-04   4.298562e-26   444
  6.945549e-01   1.133240e-24   3.317685e-04   2.826128e-26   996
  6.955874e-01   1.069485e-24   2.771265e-04   5.298735e-26   432
  6.965633e-01   1.113866e-24   3.033990e-04   4.068294e-26   504
  6.974062e-01   9.065858e-25   1.367883e-04   2.969393e-26   504
  6.986065e-01   1.184826e-24   2.692009e-04   3.131787e-26   876
  6.996926e-01   1.091225e-24   3.098246e-04   4.100443e-26   504
  7.008236e-01   9.757844e-25   1.975899e-04   3.111668e-26   696
  7.017583e-01   1.040608e-24   1.689187e-04   3.587685e-26   492
  7.030300e-01   9.811414e-25   2.418152e-04   4.160084e-26   432
  7.039719e-01   1.040486e-24   2.264335e-04   3.095327e-26   768
  7.050885e-01   1.085962e-24   2.820533e-04   3.202263e-26   648
  7.061547e-01   9.552339e-25   1.840095e-04   3.457382e-26   456
  7.073798e-01   1.048957e-24   2.530430e-04   3.546077e-26   552
  7.082306e-01   9.380237e-25   1.734358e-04   2.845561e-26   648
  7.094016e-01   9.425062e-25   2.826907e-04   2.575307e-26   840
  7.105454e-01   1.085003e-24   1.348092e-04   3.996489e-26   432
  7.116906e-01   9.482554e-25   1.651183e-04   3.291719e-26   600
  7.124870e-01   1.116264e-24   1.759227e-04   4.041997e-26   432
  7.138248e-01   1.066359e-24   1.751482e-04   3.196215e-26   560
  7.147308e-01   8.707094e-25   2.772412e-04   2.201402e-26   840
  7.158652e-01   9.936268e-25   1.642140e-04   3.454916e-26   504
  7.167662e-01   9.042562e-25   3.351509e-04   2.453156e-26   696
  7.180362e-01   1.058550e-24   1.830475e-04   4.227325e-26   384
  7.190254e-01   8.814463e-25   2.681431e-04   2.630528e-26   576
  7.202219e-01   8.950420e-25   1.654845e-04   3.940836e-26   360
  7.211864e-01   9.928640e-25   2.464465e-04   2.716855e-26   828
  7.222268e-01   8.624204e-25   2.195064e-04   3.618449e-26   372
  7.231800e-01   9.263763e-25   3.352284e-04   2.850773e-26   576
  7.244428e-01   9.554506e-25   1.403933e-04   2.968297e-26   636
  7.253425e-01   9.974154e-25   2.706420e-04   3.099833e-26   648
  7.265596e-01   8.948478e-25   2.200024e-04   2.727979e-26   576
  7.274333e-01   9.598644e-25   3.548870e-04   3.048399e-26   528
  7.285953e-01   9.588584e-25   1.517289e-04   3.788266e-26   360
  7.295571e-01   8.897760e-25   3.490332e-04   2.461606e-26   672
  7.308130e-01   9.568679e-25   1.787806e-04   2.660514e-26   804
  7.318582e-01   9.532003e-25   1.972163e-04   3.542102e-26   408
  7.330145e-01   9.895077e-25   1.219011e-04   3.994592e-26   384
  7.337931e-01   8.251714e-25   2.789567e-04   3.485619e-26   480
  7.348913e-01   8.673158e-25   1.802469e-04   3.090641e-26   432
  7.359446e-01   9.721837e-25   3.321566e-04   2.842842e-26   648
  7.371913e-01   9.021774e-25   2.061016e-04   3.010731e-26   624
  7.381033e-01   9.506586e-25   1.874668e-04   3.146069e-26   456
  7.393486e-01   8.601193e-25   2.560963e-04   2.664865e-26   588
  7.401831e-01   9.160604e-25   1.633884e-04   2.752763e-26   600
  7.414016e-01   9.207766e-25   2.548458e-04   2.463907e-26   708
  7.423640e-01   1.078607e-24   1.605479e-04   4.564493e-26   360
  7.434275e-01   9.799235e-25   1.845541e-04   3.479360e-26   552
  7.444470e-01   9.211359e-25   1.294691e-04   3.838618e-26   288
  7.454820e-01   9.110145e-25   2.434372e-04   3.153330e-26   528
  7.464545e-01   9.657468e-25   1.642340e-04   3.532621e-26   456
  7.475410e-01   9.261802e-25   2.912225e-04   2.830489e-26   608
  7.486338e-01   8.008277e-25   1.408967e-04   2.586347e-26   504
  7.498278e-01   7.307846e-25   3.024972e-04   2.584194e-26   540
  7.507642e-01   8.668005e-25   3.247222e-04   3.913516e-26   360
  7.517735e-01   9.396978e-25   1.470509e-04   3.083778e-26   540
  7.526661e-01   8.735722e-25   1.262606e-04   2.926756e-26   576
  7.539642e-01   8.777751e-25   2.927555e-04   2.653123e-26   588
  7.551985e-01   8.594534e-25   4.039143e-04   2.505817e-26   672
  7.562588e-01   8.595455e-25   3.087151e-04   2.822232e-26   552
  7.571135e-01   9.345644e-25   3.088712e-04   5.543223e-26   144
  7.582042e-01   9.724591e-25   2.624178e-04   3.021101e-26   600
  7.592383e-01   7.822046e-25   3.288668e-04   2.609770e-26   504
  7.603860e-01   8.658083e-25   3.378126e-04   3.545128e-26   336
  7.615932e-01   9.017078e-25   3.797028e-04   2.787329e-26   600
  7.626744e-01   8.418860e-25   2.450478e-04   2.495413e-26   636
  7.638413e-01   8.841590e-25   1.970206e-04   3.469884e-26   384
  7.646595e-01   8.473285e-25   2.748205e-04   2.712737e-26   504
  7.658387e-01   7.650929e-25   1.153383e-04   4.166860e-26   240
  7.667694e-01   8.583274e-25   2.709461e-04   2.297793e-26   744
  7.678860e-01   8.062606e-25   1.850150e-04   2.298456e-26   648
  7.688783e-01   1.063076e-24   1.228185e-04   7.072204e-26   120
  7.700414e-01   8.943516e-25   1.929319e-04   2.599128e-26   564
  7.709202e-01   9.609436e-25   3.030111e-04   3.675851e-26   432
  7.720932e-01   7.988536e-25   2.351965e-04   2.685444e-26   480
  7.729764e-01   7.355821e-25   1.731106e-04   2.530396e-26   456
  7.740189e-01   7.833168e-25   2.864725e-04   2.634634e-26   444
  7.752020e-01   7.440889e-25   4.383180e-04   2.755191e-26   528
  7.762412e-01   7.948020e-25   3.255297e-04   3.594443e-26   264
  7.772498e-01   7.546845e-25   3.336195e-04   2.659623e-26   444
  7.786065e-01   7.892454e-25   3.654311e-04   2.365108e-26   696
  7.797327e-01   8.819454e-25   1.954448e-04   3.301976e-26   384
  7.805563e-01   7.837233e-25   2.469609e-04   2.896307e-26   432
  7.818373e-01   8.086690e-25   1.706384e-04   2.769502e-26   488
  7.826690e-01   7.646878e-25   2.571733e-04   2.409695e-26   480
  7.838749e-01   8.262756e-25   2.868014e-04   3.053444e-26   480
  7.848089e-01   8.827683e-25   1.203331e-04   3.793771e-26   240
  7.858692e-01   7.885247e-25   2.810886e-04   2.514947e-26   600
  7.868694e-01   7.025146e-25   2.449399e-04   3.161718e-26   288
  7.879343e-01   7.980638e-25   2.356143e-04   2.742455e-26   480
  7.890129e-01   7.790344e-25   4.191157e-04   2.531136e-26   504
  7.900748e-01   8.252379e-25   1.798267e-04   3.777315e-26   216
  7.914291e-01   7.755848e-25   2.944050e-04   2.536868e-26   504
  7.924838e-01   7.772946e-25   2.367912e-04   2.679203e-26   456
  7.936384e-01   9.076195e-25   1.358038e-04   3.397187e-26   384
  7.944031e-01   8.567366e-25   2.756326e-04   2.968179e-26   480
  7.954897e-01   7.231930e-25   2.420363e-04   2.622529e-26   504
  7.964966e-01   8.109414e-25   1.535327e-04   4.003154e-26   312
  7.975815e-01   8.049139e-25   2.474127e-04   2.832398e-26   492
  7.985417e-01   8.108742e-25   2.318919e-04   3.302269e-26   312
  7.997779e-01   8.244280e-25   3.766899e-04   2.470788e-26   576
  8.008661e-01   7.165316e-25   3.477153e-04   2.607628e-26   336
  8.017699e-01   6.869266e-25   2.677247e-04   3.662221e-26   240
  8.030228e-01   8.058421e-25   3.549351e-04   2.928005e-26   468
  8.041047e-01   7.387906e-25   2.222407e-04   5.098300e-26   192
  8.052370e-01   7.354422e-25   2.229031e-04   2.972818e-26   324
  8.060669e-01   7.610344e-25   1.617794e-04   2.387795e-26   600
  8.071978e-01   8.021003e-25   2.624704e-04   2.704077e-26   456
  8.080377e-01   8.078489e-25   1.180592e-04   3.989630e-26   336
  8.094297e-01   8.023819e-25   3.535027e-04   2.465788e-26   612
  8.104424e-01   7.895125e-25   2.966749e-04   4.378746e-26   144
  8.114002e-01   8.077519e-25   3.462957e-04   2.634268e-26   552
  8.127025e-01   7.228594e-25   1.363755e-04   3.072584e-26   264
  8.134384e-01   8.439830e-25   3.157441e-04   3.850060e-26   336
  8.145992e-01   7.122692e-25   2.086329e-04   2.963487e-26   384
  8.156059e-01   7.899410e-25   1.174397e-04   3.924212e-26   216
  8.167203e-01   7.077849e-25   2.489964e-04   2.613722e-26   344
  8.177364e-01   7.480239e-25   3.715143e-04   2.953180e-26   408
  8.189746e-01   8.330275e-25   2.854845e-04   3.683570e-26   264
  8.200718e-01   8.255033e-25   3.979796e-04   2.595029e-26   612
  8.211681e-01   8.354496e-25   2.048307e-04   2.900024e-26   408
  8.222956e-01   7.587698e-25   2.051251e-04   2.706034e-26   444
  8.231239e-01   9.544152e-25   1.147249e-04   7.320241e-26   120
  8.242338e-01   7.682479e-25   3.169640e-04   3.495883e-26   336
  8.250576e-01   6.943076e-25   1.101437e-04   2.681706e-26   288
  8.261708e-01   8.079529e-25   3.427692e-04   2.404725e-26   552
  8.277012e-01   7.365772e-25   1.835347e-08   5.813953e-26   72
  8.284882e-01   7.185242e-25   3.404572e-04   2.404665e-26   504
  8.294074e-01   7.636776e-25   1.095558e-04   4.257910e-26   216
  8.305983e-01   7.023590e-25   1.956043e-04   2.986673e-26   312
  8.316675e-01   7.326894e-25   2.227263e-04   2.899740e-26   336
  8.326865e-01   7.978007e-25   3.087236e-04   4.115326e-26   204
  8.337014e-01   8.020942e-25   3.587838e-04   2.896552e-26   504
  8.347777e-01   9.010636e-25   3.416652e-04   3.364119e-26   396
  8.358127e-01   7.942222e-25   3.133249e-04   3.654063e-26   312
  8.370674e-01   9.234399e-25   1.914750e-04   4.221719e-26   216
  8.379516e-01   8.767974e-25   1.039172e-04   5.988608e-26   168
  8.390260e-01   7.600811e-25   2.623966e-04   2.206718e-26   588
  8.402521e-01   7.607378e-25   3.561727e-04   4.154112e-26   240
  8.412047e-01   6.166899e-25   3.145601e-04   3.397357e-26   264
  8.423219e-01   6.825015e-25   3.890183e-04   3.226131e-26   288
  8.433131e-01   8.042108e-25   1.942596e-04   3.765955e-26   288
  8.445693e-01   7.375323e-25   1.824406e-04   3.437207e-26   288
  8.454153e-01   6.665785e-25   2.113423e-04   3.412390e-26   192
  8.464795e-01   5.903315e-25   2.248894e-04   2.716673e-26   264
  8.474933e-01   9.658780e-25   3.699119e-04   4.369933e-26   372
  8.485844e-01   9.390596e-25   3.995208e-04   4.366562e-26   360
  8.499161e-01   9.361894e-25   1.690810e-04   6.253361e-26   144
  8.506044e-01   6.928075e-25   2.348461e-04   2.819058e-26   296
  8.516909e-01   7.601606e-25   2.530345e-04   3.089015e-26   288
  8.529347e-01   7.084966e-25   3.781537e-04   2.464859e-26   480
  8.540076e-01   7.199916e-25   3.142096e-04   4.587479e-26   192
  8.550509e-01   7.528033e-25   3.370327e-04   3.810610e-26   192
  8.559992e-01   6.242190e-25   2.147949e-04   3.116903e-26   288
  8.573180e-01   7.168815e-25   1.869760e-04   4.602655e-26   108
  8.579823e-01   8.242844e-25   1.797545e-04   3.754605e-26   240
  8.591554e-01   6.996622e-25   3.353363e-04   2.723361e-26   384
  8.603605e-01   7.427664e-25   4.090723e-04   4.443544e-26   108
  8.614261e-01   8.699625e-25   2.398466e-04   4.320653e-26   348
  8.625466e-01   7.861777e-25   2.503134e-04   4.023652e-26   312
  8.635474e-01   7.073356e-25   2.432319e-04   6.459384e-26   96
  8.644677e-01   7.485632e-25   3.238194e-04   3.330054e-26   384
  8.654984e-01   6.459155e-25   2.227222e-04   3.735686e-26   144
  8.665066e-01   7.688559e-25   3.422225e-04   3.064789e-26   408
  8.677598e-01   6.501824e-25   1.526554e-04   3.881060e-26   144
  8.689437e-01   7.323906e-25   2.934816e-04   4.341261e-26   192
  8.696459e-01   7.129205e-25   3.303190e-04   4.333006e-26   144
  8.707904e-01   6.646635e-25   2.685615e-04   4.795124e-26   144
  8.718702e-01   6.774667e-25   3.282257e-04   2.777542e-26   336
  8.731927e-01   6.396846e-25   2.428454e-04   3.175128e-26   240
  8.740312e-01   7.662277e-25   1.102739e-04   6.907339e-26   96
  8.752007e-01   7.307296e-25   3.233803e-04   3.436569e-26   372
  8.763838e-01   6.654678e-25   3.846540e-04   4.994000e-26   132
  8.774230e-01   6.366916e-25   2.380193e-04   2.751757e-26   264
  8.783527e-01   7.445953e-25   1.827880e-04   4.864951e-26   168
  8.793449e-01   7.234801e-25   2.922429e-04   3.401792e-26   216
  8.802213e-01   6.448139e-25   1.787978e-04   4.399399e-26   216
  8.814979e-01   6.320840e-25   3.280196e-04   4.572671e-26   96
  8.826561e-01   6.825892e-25   2.140028e-04   4.261704e-26   120
  8.837183e-01   7.301904e-25   2.720578e-04   3.693199e-26   216
  8.845934e-01   6.059112e-25   1.188902e-04   2.788794e-26   200
  8.857519e-01   7.081529e-25   3.077557e-04   3.167376e-26   288
  8.872378e-01   4.719328e-25   8.097649e-05   3.332380e-26   144
  8.878635e-01   7.364449e-25   2.519939e-04   5.427034e-26   168
  8.891412e-01   6.984196e-25   2.835956e-04   4.344420e-26   159
  8.901386e-01   6.480166e-25   2.975600e-04   3.688975e-26   174
  8.911039e-01   6.386504e-25   2.698170e-04   3.230589e-26   144
  8.923678e-01   7.274285e-25   1.557998e-04   4.055558e-26   222
  8.932131e-01   6.532872e-25   1.572158e-04   3.784145e-26   168
  8.946732e-01   8.061076e-25   3.448346e-04   7.648772e-26   30
  8.952763e-01   5.370078e-25   3.044637e-04   5.253954e-26   72
  8.964123e-01   6.503766e-25   2.717302e-04   3.733789e-26   258
  8.976612e-01   6.276353e-25   1.701916e-04   3.071304e-26   264
  8.982857e-01   5.588253e-25   0.000000e+00   6.555987e-26   72
  8.995871e-01   5.600128e-25   3.373270e-04   3.810415e-26   174
  9.007654e-01   6.755114e-25   3.591909e-04   4.201512e-26   168
  9.017127e-01   5.928014e-25   1.123916e-08   3.786649e-26   48
  9.027297e-01   5.981230e-25   2.028435e-04   3.447312e-26   150
  9.039088e-01   7.586131e-25   3.731453e-04   4.169994e-26   168
  9.050911e-01   5.876188e-25   2.273028e-04   3.379608e-26   144
  9.061784e-01   6.510331e-25   2.123525e-04   5.555920e-26   102
  9.069882e-01   5.210860e-25   3.143182e-04   4.146762e-26   96
  9.082731e-01   4.984312e-25   3.119397e-04   2.496050e-26   120
  9.092246e-01   5.237615e-25   3.345635e-04   2.802021e-26   168
  9.102538e-01   7.273435e-25   2.470487e-04   5.213059e-26   126
  9.111308e-01   5.701312e-25   1.863241e-04   3.486019e-26   168
  9.123389e-01   4.526751e-25   2.987709e-04   4.186231e-26   72
  9.133947e-01   5.935056e-25   3.741278e-04   2.988184e-26   168
  9.143196e-01   6.220101e-25   1.025668e-04   5.503019e-26   78
  9.155870e-01   5.517356e-25   1.684070e-04   4.911211e-26   60
  9.166075e-01   7.605709e-25   2.731835e-04   5.993821e-26   96
  9.176659e-01   6.375840e-25   3.314854e-04   3.556644e-26   168
  9.186605e-01   5.982424e-25   2.097511e-04   4.806169e-26   86
  9.197042e-01   4.283128e-25   1.874678e-04   2.552752e-26   120
  9.212002e-01   5.676851e-25   1.336894e-04   2.806214e-26   168
  9.220069e-01   6.511711e-25   0.000000e+00   5.067691e-26   48
  9.230934e-01   5.759738e-25   2.435676e-04   4.611632e-26   120
  9.237177e-01   6.617311e-25   1.776924e-04   4.989813e-26   126
  9.252418e-01   5.717219e-25   3.125113e-04   3.985189e-26   96
  9.262310e-01   5.372350e-25   9.011285e-05   3.643954e-26   96
  9.270111e-01   6.114908e-25   0.000000e+00   5.833616e-26   72
  9.286731e-01   5.254542e-25   1.123916e-08   7.229322e-26   24
  9.297104e-01   5.520334e-25   1.854501e-04   3.727476e-26   120
  9.305196e-01   6.549395e-25   2.705147e-04   4.046790e-26   126
  9.314194e-01   5.288803e-25   2.255107e-04   4.302130e-26   96
  9.324708e-01   4.644174e-25   3.897482e-04   3.992497e-26   72
  9.336415e-01   5.070220e-25   1.685792e-04   3.127254e-26   144
  9.346046e-01   5.447864e-25   9.723254e-05   6.165643e-26   72
  9.355666e-01   7.307120e-25   1.942081e-04   8.899961e-26   54
  9.364132e-01   6.043209e-25   1.711436e-04   3.708190e-26   108
  9.381728e-01   5.181011e-25   1.677650e-04   3.137587e-26   72
  9.387206e-01   7.000980e-25   9.680617e-05   5.369243e-26   72
  9.400202e-01   6.105642e-25   1.946680e-08   1.012723e-25   24
  9.412498e-01   4.491021e-25   2.047976e-04   4.016464e-26   48
  9.419964e-01   5.378873e-25   1.560029e-04   3.944116e-26   102
  9.431203e-01   5.905449e-25   3.528137e-04   2.945175e-26   168
  9.445889e-01   5.528356e-25   1.924163e-04   3.813393e-26   72
  9.451330e-01   5.268415e-25   0.000000e+00   4.048671e-26   48
  9.462744e-01   5.741210e-25   3.309678e-04   3.842312e-26   120
  9.477807e-01   5.308286e-25   2.033864e-04   4.100405e-26   96
  9.492033e-01   4.704002e-25   2.202416e-08   2.852571e-26   30
  9.508942e-01   5.499984e-25   9.555995e-05   5.102855e-26   72
  9.516372e-01   6.472823e-25   1.123916e-08   1.309406e-25   24
  9.525916e-01   4.114380e-25   1.416435e-04   3.493800e-26   56
  9.536606e-01   4.333797e-25   2.021324e-04   3.223210e-26   96
  9.549399e-01   5.845610e-25   2.232036e-04   3.228744e-26   144
  9.559263e-01   5.234609e-25   1.267263e-04   5.772475e-26   54
  9.573592e-01   5.496258e-25   1.898493e-04   3.339988e-26   108
  9.588012e-01   5.325846e-25   1.005243e-04   3.907108e-26   48
  9.601739e-01   5.532413e-25   3.785063e-04   4.019112e-26   72
  9.634680e-01   5.161011e-25   2.500803e-04   3.428072e-26   78
  9.643808e-01   5.053193e-25   1.884669e-04   3.646724e-26   72
  9.654462e-01   5.073044e-25   1.882329e-04   4.128169e-26   72
  9.665603e-01   5.321855e-25   4.542266e-04   3.687879e-26   96
  9.674408e-01   6.293423e-25   1.878449e-04   4.379566e-26   72
  9.685029e-01   4.490529e-25   0.000000e+00   7.606533e-26   24
  9.695638e-01   5.576408e-25   3.748416e-04   4.101598e-26   72
  9.719599e-01   6.162191e-25   2.380359e-04   7.297996e-26   30
  9.724755e-01   6.056539e-25   0.000000e+00   6.080010e-26   24
  9.752466e-01   6.890645e-25   1.976584e-04   5.907134e-26   48
  9.761159e-01   5.567115e-25   4.253608e-04   3.472131e-26   120
  9.772870e-01   5.347768e-25   1.859776e-04   3.777680e-26   72
  9.784697e-01   5.097152e-25   1.857528e-04   6.229779e-26   36
  9.792826e-01   5.974161e-25   3.671339e-04   4.830964e-26   78
  9.815513e-01   4.758958e-25   1.963888e-04   3.929340e-26   48
  9.844928e-01   4.920369e-25   1.589457e-08   9.763196e-26   24
  9.865884e-01   5.365306e-25   1.367612e-04   3.771178e-26   56
  9.876436e-01   5.839313e-25   2.104496e-04   3.413519e-26   102
  9.889860e-01   6.843856e-25   1.498555e-08   5.446557e-26   72
  9.897653e-01   3.967399e-25   0.000000e+00   3.253622e-26   24
  9.911277e-01   5.858836e-25   1.944913e-04   5.853732e-26   48
  9.936528e-01   4.651473e-25   0.000000e+00   3.230956e-26   24
  9.967520e-01   5.429435e-25   0.000000e+00   1.079267e-25   6
  9.977185e-01   4.194102e-25   0.000000e+00   9.017620e-26   24
  9.983623e-01   4.726171e-25   1.820511e-04   4.589428e-26   72
  9.995384e-01   5.609711e-25   3.396336e-04   4.172532e-26   84
  1.000805e+00   6.467525e-25   0.000000e+00   6.335597e-26   24
  1.001190e+00   7.070005e-25   1.589457e-08   9.840690e-26   24
  1.003114e+00   7.835615e-25   1.123916e-08   1.011727e-25   24
  1.005800e+00   6.453242e-25   0.000000e+00   1.275900e-25   6
  1.009244e+00   5.109672e-25   1.910001e-04   4.514295e-26   48
  1.010072e+00   5.832876e-25   3.598129e-04   5.169825e-26   72
  1.011152e+00   6.659840e-25   1.906396e-04   5.296191e-26   48
  1.012867e+00   6.805583e-25   0.000000e+00   9.023149e-26   24
  1.015148e+00   7.028283e-25   1.123916e-08   2.135415e-25   6
  1.020262e+00   5.584875e-25   0.000000e+00   7.319201e-26   8
  1.020640e+00   6.057006e-25   1.123916e-08   6.035172e-26   48
  1.021546e+00   5.910289e-25   1.848806e-04   3.924626e-26   60
  1.022904e+00   6.556737e-25   0.000000e+00   6.412735e-26   24
  1.024787e+00   6.431608e-25   0.000000e+00   6.201782e-26   6
  1.031723e+00   8.493961e-25   0.000000e+00   1.130464e-25   24
  1.032283e+00   6.406527e-25   1.867372e-04   6.564728e-26   48
  1.033217e+00   6.184805e-25   0.000000e+00   8.780337e-26   24
  1.034708e+00   8.408340e-25   1.123916e-08   6.013698e-26   6
  1.043181e+00   6.538594e-25   1.742080e-04   4.362080e-26   36
  1.043797e+00   4.020767e-25   0.000000e+00   5.190165e-26   24
  1.044904e+00   7.189838e-25   0.000000e+00   3.252253e-26   6
  1.054545e+00   6.171731e-25   1.583190e-04   7.435156e-26   32
  1.055367e+00   5.002055e-25   1.123916e-08   1.380092e-25   6
  1.065728e+00   6.442933e-25   0.000000e+00   1.173626e-25   12
  1.066089e+00   5.615475e-25   0.000000e+00   1.676130e-25   6
  1.077063e+00   7.493891e-25   1.589457e-08   2.763962e-25   6
