# power spectrum of chi
# redshift z=50.000000
# k              Pk             sigma(k)       sigma(Pk)      count
  1.963495e-02   8.723634e-20   0.000000e+00   2.978251e-20   6
  2.776802e-02   1.392587e-19   0.000000e+00   3.796412e-20   12
  3.400874e-02   8.260971e-20   3.725290e-10   1.638694e-20   8
  3.926991e-02   6.492534e-20   0.000000e+00   2.141638e-20   6
  4.390509e-02   8.204311e-20   0.000000e+00   2.045132e-20   24
  4.809562e-02   6.975028e-20   7.024475e-10   1.147985e-20   24
  5.553604e-02   3.449821e-20   0.000000e+00   1.281538e-20   12
  5.890486e-02   3.983655e-20   7.947286e-10   6.149218e-21   30
  6.209118e-02   2.419461e-20   0.000000e+00   3.716830e-21   24
  6.512178e-02   1.658598e-20   1.216675e-09   4.445049e-21   24
  6.801748e-02   3.928532e-20   7.450581e-10   9.478957e-21   8
  7.079483e-02   1.800382e-20   9.934107e-10   3.871885e-21   24
  7.346727e-02   1.401442e-20   0.000000e+00   2.139831e-21   48
  7.853982e-02   1.269983e-20   0.000000e+00   1.121897e-21   6
  8.095699e-02   1.287008e-20   1.404895e-09   1.446147e-21   48
  8.330406e-02   8.902759e-21   0.000000e+00   1.787045e-21   36
  8.558678e-02   7.564447e-21   9.934107e-10   1.500555e-21   24
  8.781018e-02   7.878567e-21   0.000000e+00   1.384311e-21   24
  8.997866e-02   7.016595e-21   0.000000e+00   1.264219e-21   48
  9.209610e-02   1.584795e-20   1.404895e-09   3.197291e-21   24
  9.619124e-02   1.030103e-20   1.404895e-09   1.828604e-21   24
  9.817477e-02   4.775788e-21   0.000000e+00   1.301593e-21   30
  1.001190e-01   5.184728e-21   0.000000e+00   4.402260e-22   72
  1.020262e-01   4.024092e-21   1.490116e-09   7.260383e-22   32
  1.057375e-01   6.212204e-21   0.000000e+00   6.372997e-22   72
  1.075451e-01   3.730067e-21   0.000000e+00   4.929349e-22   48
  1.110721e-01   4.883275e-21   0.000000e+00   4.928226e-22   12
  1.127942e-01   3.996272e-21   0.000000e+00   4.281058e-22   48
  1.144905e-01   3.692902e-21   0.000000e+00   5.132620e-22   48
  1.161620e-01   2.136571e-21   1.404895e-09   2.799816e-22   48
  1.178097e-01   2.386910e-21   1.589457e-09   4.195952e-22   30
  1.194348e-01   1.123803e-21   1.404895e-09   1.662079e-22   24
  1.210380e-01   3.355074e-21   2.961779e-09   4.861076e-22   72
  1.241824e-01   2.072975e-21   0.000000e+00   2.907556e-22   24
  1.257251e-01   1.766265e-21   0.000000e+00   1.821097e-22   96
  1.272490e-01   2.824527e-21   0.000000e+00   3.173685e-22   48
  1.287550e-01   2.491267e-21   2.433349e-09   4.626112e-22   24
  1.302436e-01   2.057788e-21   2.433349e-09   2.803714e-22   24
  1.317153e-01   1.688982e-21   0.000000e+00   2.036567e-22   72
  1.331707e-01   1.423769e-21   0.000000e+00   1.763273e-22   48
  1.360350e-01   1.706460e-21   1.490116e-09   7.700931e-22   8
  1.374447e-01   1.483045e-21   1.766064e-09   2.162921e-22   54
  1.388401e-01   2.145940e-21   0.000000e+00   2.679120e-22   84
  1.402216e-01   1.114436e-21   0.000000e+00   1.855139e-22   48
  1.415897e-01   1.127810e-21   1.986821e-09   1.668928e-22   24
  1.429446e-01   1.107941e-21   1.873193e-09   1.295267e-22   72
  1.442869e-01   1.444694e-21   0.000000e+00   1.278484e-22   96
  1.469345e-01   1.017512e-21   0.000000e+00   1.352591e-22   48
  1.482407e-01   1.011796e-21   0.000000e+00   1.254563e-22   48
  1.495354e-01   1.353595e-21   1.986821e-09   3.545164e-22   24
  1.508189e-01   1.383865e-21   0.000000e+00   1.589098e-22   72
  1.533539e-01   1.017384e-21   1.873193e-09   1.106960e-22   72
  1.546058e-01   1.028614e-21   0.000000e+00   1.035993e-22   96
  1.570796e-01   1.978773e-22   0.000000e+00   5.290513e-23   6
  1.583021e-01   8.519681e-22   0.000000e+00   9.248350e-23   96
  1.595151e-01   9.059131e-22   1.986821e-09   9.480852e-23   96
  1.607190e-01   1.562166e-21   0.000000e+00   2.376227e-22   24
  1.619140e-01   9.112021e-22   2.809790e-09   1.346394e-22   48
  1.631002e-01   7.736986e-22   0.000000e+00   8.666516e-23   96
  1.642778e-01   9.415263e-22   0.000000e+00   1.377928e-22   48
  1.666081e-01   7.734341e-22   0.000000e+00   1.377843e-22   36
  1.677611e-01   7.878312e-22   3.441276e-09   1.329929e-22   48
  1.689063e-01   5.664674e-22   3.893359e-09   4.811727e-23   120
  1.700437e-01   9.250464e-22   0.000000e+00   1.674531e-22   56
  1.711736e-01   6.737459e-22   1.986821e-09   8.420722e-23   24
  1.722960e-01   6.111463e-22   0.000000e+00   6.694800e-23   96
  1.734112e-01   6.705743e-22   0.000000e+00   8.557857e-23   48
  1.756204e-01   3.479280e-22   0.000000e+00   5.227495e-23   24
  1.767146e-01   5.330528e-22   0.000000e+00   5.231891e-23   102
  1.778021e-01   3.930329e-22   0.000000e+00   4.453864e-23   48
  1.788829e-01   5.205978e-22   0.000000e+00   6.452906e-23   72
  1.799573e-01   6.593568e-22   0.000000e+00   1.052004e-22   48
  1.810253e-01   3.938760e-22   0.000000e+00   3.424845e-23   48
  1.820871e-01   3.853316e-22   4.495664e-09   3.165261e-23   120
  1.841922e-01   3.201506e-22   2.809790e-09   5.827196e-23   24
  1.852358e-01   4.795190e-22   2.649095e-09   3.410803e-23   144
  1.862735e-01   4.159759e-22   3.178914e-09   3.795256e-23   120
  1.873055e-01   4.020430e-22   2.809790e-09   4.769728e-23   48
  1.893526e-01   4.571524e-22   2.809790e-09   7.793980e-23   48
  1.903679e-01   3.492356e-22   2.809790e-09   3.649255e-23   96
  1.930487e-01   3.294030e-22   4.711199e-04   3.444617e-23   72
  1.943761e-01   2.855300e-22   3.532127e-09   2.903218e-23   108
  1.953653e-01   3.605078e-22   0.000000e+00   4.053367e-23   72
  1.963495e-01   3.551171e-22   0.000000e+00   8.403195e-23   30
  1.973288e-01   3.692352e-22   0.000000e+00   2.656050e-23   168
  1.983033e-01   3.407816e-22   0.000000e+00   5.110217e-23   48
  2.002380e-01   2.817817e-22   0.000000e+00   3.048641e-23   72
  2.011984e-01   2.827661e-22   0.000000e+00   2.693828e-23   96
  2.021542e-01   2.874034e-22   5.298191e-09   3.244565e-23   72
  2.031055e-01   2.788781e-22   0.000000e+00   2.956506e-23   72
  2.047049e-01   2.888180e-22   4.350048e-04   3.175110e-23   104
  2.059331e-01   2.542508e-22   3.746387e-09   2.117240e-23   144
  2.087224e-01   2.522718e-22   6.282881e-09   2.594737e-23   96
  2.096439e-01   2.756964e-22   0.000000e+00   2.223533e-23   96
  2.111095e-01   2.274508e-22   4.475232e-04   1.884135e-23   120
  2.123845e-01   2.037578e-22   0.000000e+00   1.646462e-23   120
  2.132902e-01   1.999303e-22   0.000000e+00   2.614602e-23   72
  2.150901e-01   2.684505e-22   0.000000e+00   3.892373e-23   48
  2.159845e-01   2.158091e-22   4.235416e-09   2.270953e-23   78
  2.171286e-01   2.425199e-22   4.007142e-04   1.602896e-23   168
  2.195255e-01   2.187407e-22   3.746387e-09   2.269994e-23   144
  2.204018e-01   1.876382e-22   3.746387e-09   1.532527e-23   144
  2.229436e-01   1.913914e-22   2.307791e-04   1.470502e-23   156
  2.238729e-01   1.429781e-22   4.866699e-09   1.836851e-23   48
  2.247323e-01   1.492934e-22   3.178914e-09   1.489883e-23   120
  2.255884e-01   1.874935e-22   0.000000e+00   2.482643e-23   48
  2.271022e-01   1.888384e-22   3.532495e-04   1.382428e-23   216
  2.289809e-01   2.377250e-22   0.000000e+00   4.091620e-23   48
  2.298212e-01   1.483764e-22   2.809790e-09   1.420057e-23   96
  2.310160e-01   1.659410e-22   4.128272e-04   1.316411e-23   168
  2.323239e-01   1.797669e-22   2.809790e-09   2.241556e-23   48
  2.331522e-01   1.698866e-22   0.000000e+00   1.271551e-23   96
  2.339775e-01   1.164131e-22   0.000000e+00   1.765612e-23   48
  2.356194e-01   1.407733e-22   3.178914e-09   2.302458e-23   30
  2.364362e-01   1.524102e-22   2.809790e-09   1.605851e-23   96
  2.374123e-01   1.416745e-22   3.244455e-04   8.723252e-24   240
  2.386674e-01   1.274433e-22   3.500299e-04   1.469703e-23   32
  2.396752e-01   1.067514e-22   0.000000e+00   8.528713e-24   168
  2.404781e-01   1.028108e-22   0.000000e+00   8.123981e-24   120
  2.420760e-01   1.139770e-22   5.923557e-09   1.021741e-23   72
  2.428710e-01   9.561499e-23   3.746387e-09   6.973844e-24   144
  2.436634e-01   1.043766e-22   0.000000e+00   1.217538e-23   96
  2.444532e-01   1.368344e-22   0.000000e+00   1.210133e-23   96
  2.460253e-01   1.265404e-22   4.588368e-09   1.501655e-23   72
  2.468075e-01   9.891239e-23   3.973643e-09   1.067324e-23   96
  2.483647e-01   1.635942e-22   0.000000e+00   4.037887e-23   24
  2.491396e-01   1.114845e-22   0.000000e+00   8.400083e-24   192
  2.500522e-01   9.305806e-23   2.970416e-04   9.699187e-24   132
  2.514501e-01   8.278050e-23   0.000000e+00   7.393724e-24   96
  2.522156e-01   8.029624e-23   0.000000e+00   8.688634e-24   96
  2.529787e-01   1.099593e-22   3.178914e-09   9.059059e-24   120
  2.544981e-01   1.078729e-22   0.000000e+00   1.754821e-23   48
  2.557435e-01   9.386862e-23   3.599905e-04   5.119885e-24   222
  2.567603e-01   8.140210e-23   0.000000e+00   6.837110e-24   120
  2.575100e-01   5.498430e-23   4.866699e-09   7.121686e-24   24
  2.586015e-01   9.116395e-23   3.715625e-04   6.107374e-24   312
  2.609797e-01   1.023818e-22   3.483547e-04   1.263335e-23   72
  2.619630e-01   8.282268e-23   2.809790e-09   1.092203e-23   96
  2.629726e-01   7.428053e-23   3.547511e-04   4.997533e-24   192
  2.641613e-01   7.339059e-23   4.495664e-09   6.915977e-24   120
  2.648900e-01   1.116951e-22   0.000000e+00   9.036810e-24   144
  2.663415e-01   7.030724e-23   0.000000e+00   7.269860e-24   48
  2.673732e-01   7.458960e-23   3.567146e-04   4.025987e-24   336
  2.685040e-01   5.966380e-23   0.000000e+00   8.999544e-24   48
  2.699360e-01   6.122228e-23   0.000000e+00   4.561191e-24   192
  2.706492e-01   6.548776e-23   0.000000e+00   1.095750e-23   48
  2.726764e-01   5.738032e-23   2.476067e-04   7.873213e-24   56
  2.736844e-01   6.421433e-23   3.180112e-04   3.751834e-24   336
  2.748894e-01   6.567938e-23   3.532127e-09   6.670196e-24   54
  2.759390e-01   6.911395e-23   3.492904e-04   3.929739e-24   240
  2.781181e-01   6.701806e-23   3.344484e-04   3.947586e-24   228
  2.790651e-01   5.734502e-23   3.746387e-09   6.109669e-24   72
  2.799844e-01   5.971926e-23   3.244231e-04   5.686164e-24   144
  2.811298e-01   6.441085e-23   0.000000e+00   6.119699e-24   96
  2.818146e-01   5.924328e-23   4.495664e-09   3.449195e-24   240
  2.831793e-01   5.927637e-23   3.973643e-09   9.369763e-24   24
  2.840530e-01   6.173880e-23   3.064151e-04   3.403160e-24   336
  2.852142e-01   5.931808e-23   0.000000e+00   6.177549e-24   72
  2.862741e-01   4.662038e-23   3.332831e-04   3.582445e-24   168
  2.872346e-01   6.041764e-23   0.000000e+00   5.932660e-24   72
  2.885737e-01   4.837989e-23   0.000000e+00   4.813002e-24   96
  2.896108e-01   4.740434e-23   3.307829e-04   3.114808e-24   216
  2.905708e-01   6.961164e-23   3.973643e-09   7.701437e-24   96
  2.918946e-01   4.687137e-23   0.000000e+00   4.124068e-24   192
  2.925542e-01   4.583692e-23   3.746387e-09   3.843731e-24   144
  2.938691e-01   3.763915e-23   0.000000e+00   4.041252e-24   48
  2.947794e-01   5.109397e-23   3.189136e-04   3.185140e-24   246
  2.960164e-01   3.682113e-23   2.940434e-04   2.545286e-24   168
  2.971308e-01   4.838795e-23   5.506041e-09   5.161721e-24   120
  2.977788e-01   4.704710e-23   0.000000e+00   3.272930e-24   240
  2.990707e-01   3.619736e-23   3.973643e-09   4.769809e-24   24
  3.001001e-01   3.461776e-23   3.147475e-04   1.915350e-24   360
  3.013820e-01   3.945518e-23   3.134082e-04   3.675406e-24   120
  3.022763e-01   4.693416e-23   0.000000e+00   5.317119e-24   144
  3.029133e-01   4.762581e-23   0.000000e+00   4.210468e-24   96
  3.048165e-01   4.135281e-23   0.000000e+00   3.084067e-24   144
  3.054482e-01   3.999984e-23   0.000000e+00   2.813395e-24   132
  3.063360e-01   4.172240e-23   3.093292e-04   2.609409e-24   176
  3.076248e-01   4.123979e-23   3.123602e-04   2.309247e-24   312
  3.092116e-01   3.498088e-23   0.000000e+00   3.018963e-24   96
  3.098343e-01   3.939774e-23   0.000000e+00   2.667578e-24   144
  3.107899e-01   3.376634e-23   3.092271e-04   1.713781e-24   312
  3.123131e-01   4.018680e-23   0.000000e+00   4.480339e-24   48
  3.129297e-01   3.325546e-23   3.973643e-09   2.436411e-24   192
  3.141593e-01   4.233887e-23   0.000000e+00   6.025202e-24   6
  3.149762e-01   2.692295e-23   2.884066e-04   1.789996e-24   288
  3.162994e-01   3.117385e-23   3.047203e-04   2.638414e-24   192
  3.172124e-01   3.039631e-23   9.345130e-09   2.103172e-24   216
  3.178195e-01   3.637077e-23   0.000000e+00   4.778128e-24   72
  3.193321e-01   3.000755e-23   3.018264e-04   1.921888e-24   192
  3.203366e-01   3.082412e-23   2.241224e-04   1.694496e-24   288
  3.214381e-01   2.791092e-23   0.000000e+00   2.997070e-24   24
  3.222890e-01   2.888823e-23   2.952626e-04   1.442942e-24   456
  3.238280e-01   4.439942e-23   5.619580e-09   7.116228e-24   48
  3.247789e-01   2.769668e-23   2.908218e-04   1.805302e-24   240
  3.258718e-01   2.762760e-23   2.939082e-04   2.106324e-24   216
  3.267908e-01   3.348941e-23   0.000000e+00   5.153687e-24   72
  3.273801e-01   2.763203e-23   1.015467e-08   1.884754e-24   168
  3.290441e-01   2.626403e-23   2.184577e-04   1.469507e-24   288
  3.299773e-01   2.594998e-23   2.890570e-04   2.126963e-24   168
  3.314762e-01   2.164035e-23   0.000000e+00   1.461213e-24   192
  3.320572e-01   2.272717e-23   3.746387e-09   1.745944e-24   144
  3.332162e-01   2.736579e-23   0.000000e+00   2.802232e-24   36
  3.341991e-01   2.052765e-23   2.639705e-04   1.035167e-24   342
  3.351389e-01   2.646534e-23   2.710657e-04   1.864888e-24   144
  3.363470e-01   2.038226e-23   2.842800e-04   1.174457e-24   384
  3.378125e-01   2.187300e-23   7.786718e-09   1.905008e-24   120
  3.385379e-01   2.447538e-23   2.534951e-04   1.651488e-24   264
  3.395201e-01   2.125481e-23   1.256576e-08   1.503016e-24   192
  3.404451e-01   2.106684e-23   2.731894e-04   1.630879e-24   152
  3.412191e-01   1.960711e-23   7.492773e-09   1.435010e-24   144
  3.428472e-01   2.037981e-23   1.768108e-04   1.468918e-24   216
  3.436008e-01   1.944982e-23   2.362665e-04   1.122408e-24   312
  3.449274e-01   2.152712e-23   2.738281e-04   1.294076e-24   240
  3.457090e-01   2.063752e-23   3.973643e-09   1.940212e-24   96
  3.471927e-01   2.273460e-23   2.617995e-04   1.846082e-24   144
  3.481071e-01   1.578373e-23   2.573258e-04   6.995289e-25   456
  3.495904e-01   1.887838e-23   0.000000e+00   2.138465e-24   120
  3.501414e-01   2.138320e-23   0.000000e+00   1.548703e-24   144
  3.512407e-01   2.172257e-23   0.000000e+00   3.358433e-24   24
  3.519456e-01   1.740187e-23   2.473498e-04   9.766539e-25   336
  3.531645e-01   1.643323e-23   2.727931e-04   1.307742e-24   198
  3.543067e-01   1.679249e-23   2.652756e-04   7.623123e-25   432
  3.556041e-01   1.903935e-23   0.000000e+00   3.057332e-24   48
  3.562810e-01   1.526480e-23   2.341925e-04   7.659847e-25   384
  3.574963e-01   1.398701e-23   2.696052e-04   1.087229e-24   144
  3.585975e-01   1.671208e-23   2.676825e-04   9.962836e-25   264
  3.599147e-01   1.351723e-23   0.000000e+00   1.647378e-24   48
  3.607984e-01   1.727191e-23   2.545223e-04   9.911383e-25   276
  3.616510e-01   1.641583e-23   2.307176e-04   1.223534e-24   192
  3.627906e-01   1.514590e-23   2.592759e-04   6.262135e-25   552
  3.641741e-01   1.532890e-23   8.991328e-09   1.356986e-24   120
  3.649965e-01   1.297953e-23   2.624511e-04   8.157642e-25   216
  3.657587e-01   1.705324e-23   4.495664e-09   1.549632e-24   120
  3.671201e-01   1.382312e-23   2.584500e-04   6.302146e-25   408
  3.683844e-01   1.109153e-23   5.619580e-09   1.774196e-24   24
  3.691684e-01   1.475370e-23   2.610810e-04   7.722395e-25   384
  3.702633e-01   1.209946e-23   2.550855e-04   9.128062e-25   240
  3.712141e-01   1.271236e-23   2.569535e-04   9.684030e-25   168
  3.725471e-01   1.011405e-23   6.357829e-09   8.689184e-25   120
  3.734064e-01   1.200542e-23   2.678605e-04   6.076840e-25   350
  3.748037e-01   1.279680e-23   4.409502e-04   5.897388e-25   384
  3.756388e-01   1.183043e-23   0.000000e+00   9.799452e-25   144
  3.771752e-01   1.306129e-23   1.059638e-08   9.004206e-25   288
  3.779773e-01   1.136409e-23   2.524053e-04   6.126641e-25   336
  3.790686e-01   1.385890e-23   2.297941e-04   1.004705e-24   168
  3.797219e-01   1.258814e-23   4.541306e-09   8.437534e-25   336
  3.810732e-01   1.059299e-23   2.385126e-04   5.999835e-25   288
  3.818848e-01   1.162670e-23   2.247398e-04   7.914515e-25   264
  3.832590e-01   1.076511e-23   0.000000e+00   7.059821e-25   240
  3.837616e-01   1.251711e-23   7.947286e-09   1.231776e-24   96
  3.855656e-01   1.120055e-23   3.056310e-04   5.406414e-25   360
  3.864075e-01   1.248820e-23   2.253025e-04   9.997142e-25   168
  3.874713e-01   1.087847e-23   2.456032e-04   5.596920e-25   456
  3.887523e-01   1.187639e-23   7.064254e-09   1.024388e-24   108
  3.894728e-01   9.471344e-24   2.464311e-04   5.823260e-25   264
  3.903716e-01   9.081672e-24   2.198567e-04   4.745213e-25   264
  3.916025e-01   1.089121e-23   2.074668e-04   7.370122e-25   312
  3.931351e-01   9.780112e-24   1.541705e-04   6.432303e-25   270
  3.937775e-01   1.052324e-23   1.957388e-04   6.678663e-25   240
  3.949323e-01   7.678941e-24   2.421536e-04   3.684563e-25   384
  3.956334e-01   7.522439e-24   0.000000e+00   5.389931e-25   192
  3.969952e-01   7.823112e-24   1.942960e-04   5.204037e-25   240
  3.977852e-01   8.494024e-24   2.397927e-04   4.985017e-25   336
  3.992708e-01   9.059983e-24   2.413972e-04   3.853706e-25   480
  4.004761e-01   9.013777e-24   0.000000e+00   9.101572e-25   72
  4.011493e-01   7.704839e-24   2.353842e-04   4.678636e-25   240
  4.020650e-01   7.530067e-24   2.212289e-04   4.854090e-25   312
  4.031147e-01   6.870380e-24   2.390954e-04   4.020885e-25   240
  4.047009e-01   8.494711e-24   1.816506e-04   4.186408e-25   408
  4.053288e-01   7.848057e-24   1.663482e-04   4.143620e-25   336
  4.065560e-01   7.908274e-24   2.112212e-04   4.407248e-25   264
  4.071591e-01   8.524754e-24   0.000000e+00   6.614401e-25   144
  4.088370e-01   7.337949e-24   2.927651e-04   3.573707e-25   464
  4.097211e-01   6.089849e-24   2.328083e-04   5.484547e-25   168
  4.105939e-01   7.558676e-24   2.120376e-04   3.784386e-25   336
  4.121713e-01   7.257232e-24   2.227870e-04   3.672677e-25   414
  4.130606e-01   7.210241e-24   2.319080e-04   4.802807e-25   216
  4.141998e-01   1.045434e-23   5.619580e-09   1.220390e-24   96
  4.146649e-01   6.302612e-24   1.685874e-08   2.547481e-25   384
  4.162944e-01   7.029002e-24   2.314600e-04   2.965831e-25   492
  4.171676e-01   6.902123e-24   2.263480e-04   4.512853e-25   240
  4.181546e-01   6.930655e-24   2.298225e-04   3.706375e-25   312
  4.195176e-01   5.821959e-24   2.297469e-04   4.436963e-25   192
  4.203810e-01   5.664134e-24   2.226525e-04   2.637910e-25   504
  4.215265e-01   6.973801e-24   1.473998e-04   3.506850e-25   408
  4.224284e-01   6.238131e-24   4.515774e-04   4.089582e-25   168
  4.235571e-01   6.500597e-24   2.145032e-04   3.373291e-25   288
  4.245041e-01   5.978076e-24   2.238525e-04   3.091676e-25   288
  4.254743e-01   5.915756e-24   2.251410e-04   2.869188e-25   432
  4.268815e-01   5.895168e-24   2.129084e-04   4.132190e-25   216
  4.276334e-01   5.025779e-24   2.124592e-04   2.816838e-25   360
  4.289721e-01   5.603302e-24   2.073582e-04   3.588294e-25   312
  4.301803e-01   4.463736e-24   0.000000e+00   5.520310e-25   48
  4.308767e-01   5.988715e-24   2.223178e-04   2.938798e-25   432
  4.321240e-01   5.353091e-24   3.708284e-04   2.594979e-25   414
  4.328606e-01   5.796630e-24   1.956255e-08   3.394580e-25   312
  4.342347e-01   5.519079e-24   3.253813e-04   2.515276e-25   528
  4.351620e-01   5.594690e-24   1.707976e-04   3.141727e-25   264
  4.362761e-01   4.974981e-24   2.025191e-04   2.236520e-25   480
  4.377318e-01   4.738774e-24   0.000000e+00   2.792376e-25   288
  4.383604e-01   5.416420e-24   2.176005e-04   3.620408e-25   168
  4.395105e-01   5.632910e-24   3.444610e-04   2.476827e-25   504
  4.408036e-01   4.784308e-24   7.492773e-09   3.606305e-25   144
  4.416171e-01   5.202716e-24   2.212265e-04   2.240857e-25   464
  4.428396e-01   4.729763e-24   3.246624e-04   2.343978e-25   432
  4.434197e-01   4.133310e-24   5.619580e-09   2.624024e-25   192
  4.449189e-01   4.427177e-24   2.406833e-04   2.240555e-25   396
  4.458042e-01   4.364511e-24   2.162000e-04   2.662120e-25   288
  4.466990e-01   4.165077e-24   2.135686e-04   2.238243e-25   336
  4.481283e-01   4.061661e-24   1.352359e-04   2.091153e-25   432
  4.490354e-01   4.598654e-24   3.505126e-04   2.164885e-25   360
  4.500539e-01   4.670030e-24   2.073334e-04   2.579270e-25   384
  4.515004e-01   4.601068e-24   1.830116e-04   2.853977e-25   198
  4.521974e-01   4.164100e-24   2.080246e-04   1.557200e-25   552
  4.534970e-01   4.085352e-24   2.912202e-04   1.849887e-25   432
  4.545821e-01   3.966865e-24   0.000000e+00   2.277735e-25   168
  4.554927e-01   3.863196e-24   3.610065e-04   1.668810e-25   480
  4.566974e-01   3.575581e-24   0.000000e+00   5.209093e-25   120
  4.572396e-01   3.816302e-24   2.948545e-04   2.164724e-25   336
  4.585628e-01   3.800573e-24   2.080152e-04   1.417959e-25   672
  4.598711e-01   4.014997e-24   3.025866e-04   1.701211e-25   528
  4.604805e-01   3.468999e-24   9.082613e-09   2.516591e-25   168
  4.618883e-01   3.796442e-24   3.375333e-04   1.827144e-25   456
  4.627474e-01   3.771154e-24   2.061344e-04   3.224946e-25   168
  4.636392e-01   3.740488e-24   2.057643e-04   1.599440e-25   504
  4.651216e-01   3.215150e-24   2.647872e-04   1.752680e-25   336
  4.660180e-01   3.714686e-24   1.908802e-04   2.519154e-25   312
  4.670124e-01   3.614381e-24   1.865029e-04   1.632931e-25   504
  4.683210e-01   3.662483e-24   1.294009e-04   1.757322e-25   432
  4.689362e-01   3.188135e-24   1.999672e-04   1.657384e-25   312
  4.702151e-01   2.990294e-24   2.049761e-04   1.508967e-25   384
  4.715504e-01   2.474846e-24   1.741510e-04   2.011040e-25   126
  4.723748e-01   3.444129e-24   3.057676e-04   1.803159e-25   492
  4.734278e-01   3.139567e-24   1.958445e-04   1.421445e-25   528
  4.747438e-01   3.046234e-24   1.989360e-04   1.344178e-25   480
  4.755596e-01   3.119098e-24   2.748289e-04   1.661085e-25   432
  4.767402e-01   3.118320e-24   2.161166e-04   1.424247e-25   440
  4.781114e-01   2.746418e-24   1.074739e-04   1.344787e-25   312
  4.786259e-01   2.759259e-24   1.610586e-04   1.313206e-25   480
  4.796813e-01   2.905348e-24   3.153497e-04   1.437822e-25   408
  4.812233e-01   2.882159e-24   1.888588e-04   1.630192e-25   360
  4.818747e-01   2.901893e-24   1.822418e-04   1.574098e-25   408
  4.830820e-01   2.582574e-24   1.854542e-04   1.166561e-25   456
  4.844414e-01   2.756491e-24   1.772485e-04   1.828073e-25   264
  4.851959e-01   2.771235e-24   1.923591e-04   1.369328e-25   384
  4.862943e-01   2.693212e-24   3.238501e-04   1.101295e-25   672
  4.875640e-01   2.321349e-24   1.937042e-04   1.854789e-25   240
  4.882967e-01   2.836427e-24   1.965613e-04   1.941459e-25   264
  4.893308e-01   2.395299e-24   2.424259e-04   1.019509e-25   624
  4.908739e-01   2.330694e-24   0.000000e+00   1.729638e-25   150
  4.914232e-01   2.456334e-24   2.716574e-04   1.022519e-25   600
  4.925819e-01   2.720239e-24   1.874909e-04   1.029853e-25   672
  4.938939e-01   2.312331e-24   1.763484e-04   1.419169e-25   336
  4.946248e-01   2.578137e-24   1.918157e-04   1.366069e-25   408
  4.957926e-01   2.141593e-24   1.913639e-04   1.110992e-25   408
  4.970915e-01   2.579996e-24   9.676385e-05   1.454017e-25   360
  4.978921e-01   2.257121e-24   3.552857e-04   1.150396e-25   456
  4.988592e-01   2.499934e-24   1.932065e-04   1.223873e-25   384
  5.000902e-01   2.047623e-24   1.783541e-04   1.128617e-25   348
  5.007554e-01   2.396968e-24   2.198754e-04   1.089610e-25   576
  5.020050e-01   2.174596e-24   1.810385e-04   9.541312e-26   504
  5.032833e-01   2.323816e-24   2.553443e-04   1.160866e-25   432
  5.043991e-01   2.432571e-24   3.473946e-04   1.086401e-25   576
  5.051948e-01   2.199381e-24   0.000000e+00   1.434847e-25   264
  5.064571e-01   2.174654e-24   2.764393e-04   7.957227e-26   768
  5.075549e-01   1.801065e-24   3.721752e-04   1.227213e-25   240
  5.084277e-01   2.422867e-24   3.282233e-04   1.616041e-25   192
  5.096990e-01   2.166925e-24   2.416124e-04   9.275039e-26   504
  5.106418e-01   1.900189e-24   3.255818e-04   7.696114e-26   590
  5.115460e-01   2.021409e-24   3.647966e-04   1.081349e-25   384
  5.126798e-01   2.203418e-24   3.048625e-04   1.064038e-25   504
  5.140486e-01   1.868504e-24   2.933830e-04   6.933624e-26   648
  5.153764e-01   1.746297e-24   7.967896e-05   8.048235e-26   504
  5.159117e-01   2.161295e-24   1.817627e-04   1.427401e-25   312
  5.168569e-01   1.698282e-24   2.618753e-04   7.295183e-26   576
  5.181545e-01   1.781744e-24   1.822405e-04   1.071262e-25   240
  5.189109e-01   1.944966e-24   1.841453e-04   8.218726e-26   552
  5.199816e-01   1.599635e-24   1.729082e-04   6.159078e-26   600
  5.215067e-01   1.774026e-24   2.111937e-04   7.108388e-26   600
  5.224237e-01   1.490376e-24   3.382099e-04   1.143998e-25   312
  5.233368e-01   1.828007e-24   2.945474e-04   8.725178e-26   480
  5.244775e-01   1.607438e-24   1.837693e-04   6.454525e-26   576
  5.254818e-01   1.702172e-24   2.959085e-04   8.038743e-26   408
  5.263729e-01   1.404498e-24   3.451909e-04   8.630929e-26   216
  5.275243e-01   1.801971e-24   2.643774e-04   8.113923e-26   516
  5.287578e-01   1.647872e-24   2.522429e-04   5.842369e-26   744
  5.300304e-01   1.637296e-24   1.684760e-04   7.986968e-26   462
  5.307494e-01   1.470473e-24   1.712315e-04   7.880335e-26   432
  5.318647e-01   1.440908e-24   1.588547e-04   5.894067e-26   648
  5.331761e-01   1.432620e-24   2.324340e-04   6.408973e-26   528
  5.342295e-01   1.564386e-24   2.799086e-04   5.867200e-26   600
  5.352820e-01   1.397909e-24   3.528915e-04   9.235657e-26   240
  5.363014e-01   1.388172e-24   2.703115e-04   5.073892e-26   720
  5.374863e-01   1.496104e-24   2.138653e-04   5.430062e-26   720
  5.387997e-01   1.092477e-24   0.000000e+00   7.749033e-26   144
  5.394909e-01   1.461060e-24   2.757364e-04   5.632366e-26   720
  5.404742e-01   1.548602e-24   1.653370e-04   8.524527e-26   384
  5.417051e-01   1.416338e-24   1.832848e-04   5.217433e-26   672
  5.428730e-01   1.454932e-24   3.209115e-04   7.828866e-26   336
  5.434308e-01   1.467428e-24   0.000000e+00   1.010778e-25   288
  5.447967e-01   1.279721e-24   2.539800e-04   4.456098e-26   776
  5.460612e-01   1.399270e-24   2.173184e-04   5.532523e-26   720
  5.471231e-01   1.234783e-24   1.750659e-04   5.790628e-26   432
  5.479725e-01   1.250330e-24   2.495786e-04   5.680023e-26   504
  5.489174e-01   1.346920e-24   1.748652e-04   6.127833e-26   528
  5.502396e-01   1.103234e-24   2.382437e-04   5.040690e-26   438
  5.513273e-01   1.266314e-24   2.772938e-04   4.496959e-26   624
  5.521470e-01   1.362911e-24   3.396475e-04   8.499545e-26   312
  5.532738e-01   1.467930e-24   1.829935e-04   5.030659e-26   696
  5.544390e-01   1.254914e-24   1.655760e-04   5.823788e-26   552
  5.556509e-01   1.077342e-24   1.281006e-04   4.663128e-26   516
  5.564006e-01   1.203239e-24   2.558713e-04   5.044708e-26   528
  5.573133e-01   1.194896e-24   1.664001e-04   5.132949e-26   528
  5.586097e-01   1.078066e-24   2.194479e-04   3.749555e-26   864
  5.594897e-01   1.321473e-24   3.005985e-04   6.818371e-26   408
  5.603706e-01   1.077734e-24   2.978186e-04   8.055609e-26   192
  5.616191e-01   1.030979e-24   2.464592e-04   3.931264e-26   720
  5.626731e-01   1.058810e-24   2.272475e-04   4.322810e-26   696
  5.639255e-01   1.041354e-24   2.454294e-04   3.798123e-26   720
  5.650713e-01   1.248903e-24   3.326501e-04   5.822628e-26   432
  5.657395e-01   9.252635e-25   1.958109e-04   5.290704e-26   264
  5.669418e-01   1.009614e-24   2.704061e-04   4.475022e-26   672
  5.680171e-01   1.089993e-24   2.768544e-04   4.853963e-26   600
  5.692933e-01   9.284615e-25   1.620980e-04   5.755291e-26   270
  5.699366e-01   8.618142e-25   2.440026e-04   4.142276e-26   528
  5.709591e-01   1.025703e-24   1.670843e-04   3.503848e-26   840
  5.723613e-01   9.032732e-25   3.194952e-04   2.922756e-26   888
  5.736568e-01   9.071558e-25   2.380474e-04   3.516567e-26   744
  5.747517e-01   1.045181e-24   1.223216e-04   5.204418e-26   456
  5.752963e-01   1.033789e-24   1.671601e-04   5.485515e-26   360
  5.762282e-01   7.807080e-25   1.448348e-04   4.001916e-26   384
  5.776580e-01   8.890918e-25   2.323137e-04   2.893887e-26   816
  5.787308e-01   9.343414e-25   3.370546e-04   3.368471e-26   824
  5.800348e-01   9.199615e-25   1.566791e-04   4.920126e-26   360
  5.807331e-01   1.030897e-24   2.311994e-04   4.052834e-26   624
  5.816941e-01   1.066768e-24   1.562320e-04   5.467286e-26   360
  5.829744e-01   8.117829e-25   2.125215e-04   3.025664e-26   876
  5.841306e-01   7.970708e-25   2.524119e-04   3.166592e-26   696
  5.852967e-01   8.111622e-25   1.629911e-04   4.099236e-26   336
  5.859080e-01   7.638050e-25   1.628079e-04   3.286170e-26   504
  5.869176e-01   7.420186e-25   1.642187e-04   3.076701e-26   672
  5.884155e-01   8.387643e-25   3.269213e-04   3.329789e-26   720
  5.894543e-01   7.610815e-25   2.469541e-04   2.647277e-26   774
  5.906010e-01   8.172573e-25   1.413501e-04   4.897360e-26   384
  5.912015e-01   7.934554e-25   2.720183e-04   3.661849e-26   528
  5.921335e-01   7.298999e-25   2.592486e-04   2.728357e-26   744
  5.936327e-01   8.135117e-25   2.138251e-04   2.835010e-26   768
  5.946281e-01   6.691372e-25   2.400348e-04   2.816956e-26   552
  5.958700e-01   7.259674e-25   2.616108e-04   2.893269e-26   696
  5.967938e-01   7.328183e-25   3.179026e-04   4.905499e-26   408
  5.975272e-01   6.990256e-25   1.373364e-04   3.349894e-26   504
  5.986899e-01   7.265890e-25   2.467198e-04   2.483242e-26   888
  5.998339e-01   6.278954e-25   2.564132e-04   2.321603e-26   648
  6.010230e-01   7.003444e-25   2.542153e-04   2.705643e-26   648
  6.021418e-01   6.653954e-25   2.741064e-04   2.598874e-26   792
  6.033268e-01   5.977120e-25   4.010364e-04   2.790629e-26   600
  6.042000e-01   6.246208e-25   2.717856e-04   3.139013e-26   456
  6.051191e-01   6.878815e-25   1.324567e-04   2.786792e-26   648
  6.062996e-01   6.681558e-25   2.583099e-04   2.394537e-26   936
  6.075741e-01   6.694599e-25   1.586356e-04   3.843008e-26   384
  6.086836e-01   5.271970e-25   1.334798e-08   3.741918e-26   198
  6.095398e-01   5.952369e-25   4.024720e-04   1.761085e-26   1224
  6.104634e-01   6.682488e-25   2.931235e-04   3.475254e-26   420
  6.115558e-01   6.004312e-25   2.836822e-04   2.005446e-26   792
  6.126238e-01   6.088785e-25   2.345810e-04   2.420241e-26   680
  6.138428e-01   5.370677e-25   2.154033e-04   2.306317e-26   600
  6.148235e-01   5.832353e-25   3.123938e-04   2.058188e-26   840
  6.161330e-01   5.621732e-25   1.474979e-04   3.000222e-26   432
  6.166334e-01   5.572270e-25   1.382249e-04   2.217542e-26   720
  6.177213e-01   5.787735e-25   2.768404e-04   1.879911e-26   960
  6.190745e-01   5.564028e-25   2.467829e-04   2.407508e-26   528
  6.200634e-01   4.893891e-25   2.522592e-04   2.271752e-26   624
  6.212404e-01   5.738519e-25   1.982740e-04   2.207374e-26   816
  6.224086e-01   5.668530e-25   3.260658e-04   2.023368e-26   696
  6.236996e-01   5.005952e-25   2.202416e-08   3.726739e-26   240
  6.241851e-01   5.112379e-25   1.922888e-04   2.039735e-26   672
  6.252686e-01   5.079719e-25   3.436476e-04   1.992672e-26   864
  6.264840e-01   4.860989e-25   2.636938e-04   1.791145e-26   816
  6.275795e-01   4.877632e-25   1.509292e-04   2.202215e-26   648
  6.287594e-01   5.210648e-25   1.542771e-04   1.866939e-26   843
  6.297611e-01   4.438976e-25   2.775825e-04   1.641429e-26   780
  6.309548e-01   3.272067e-25   1.489456e-04   2.452721e-26   216
  6.316911e-01   4.791296e-25   3.591661e-04   1.634826e-26   1056
  6.328235e-01   3.645457e-25   2.938382e-04   2.510667e-26   228
  6.338720e-01   4.338404e-25   3.658358e-04   1.534236e-26   924
  6.349484e-01   4.670535e-25   1.357046e-04   1.858344e-26   696
  6.360882e-01   3.839901e-25   2.415153e-04   1.335465e-26   996
  6.372543e-01   3.627916e-25   1.425858e-04   1.380051e-26   576
  6.384675e-01   3.425106e-25   2.200718e-04   1.660469e-26   552
  6.393519e-01   4.378264e-25   2.627580e-04   2.011105e-26   516
  6.402494e-01   4.185139e-25   3.821047e-04   1.629672e-26   744
  6.412749e-01   3.553324e-25   1.874451e-04   1.463893e-26   576
  6.421669e-01   3.766131e-25   1.929285e-04   1.487933e-26   792
  6.434346e-01   3.586776e-25   2.205530e-04   1.327320e-26   792
  6.443636e-01   3.817269e-25   2.378641e-04   1.576237e-26   720
  6.456200e-01   3.772028e-25   2.711104e-04   1.547805e-26   656
  6.467974e-01   3.448516e-25   2.960385e-04   1.521696e-26   816
  6.480043e-01   2.983969e-25   1.596190e-04   1.268962e-26   492
  6.486903e-01   3.525426e-25   2.296231e-04   1.587920e-26   552
  6.499778e-01   2.805619e-25   3.992867e-04   1.107164e-26   780
  6.508139e-01   3.806593e-25   2.452771e-04   1.898421e-26   528
  6.517148e-01   3.096306e-25   2.863130e-04   1.364089e-26   600
  6.530425e-01   3.416378e-25   2.379487e-04   1.151708e-26   900
  6.539577e-01   3.193266e-25   1.317325e-04   1.321150e-26   696
  6.552168e-01   2.710826e-25   3.330907e-04   1.033839e-26   696
  6.564349e-01   3.174905e-25   1.351317e-04   1.391436e-26   552
  6.574592e-01   3.165401e-25   1.571457e-04   1.384473e-26   708
  6.585322e-01   2.960999e-25   2.594565e-04   1.241754e-26   876
  6.596487e-01   3.118842e-25   1.377663e-04   2.383829e-26   216
  6.603980e-01   3.073921e-25   3.768094e-04   1.084992e-26   1032
  6.615201e-01   2.752220e-25   4.195357e-04   1.307367e-26   600
  6.626848e-01   2.247808e-25   2.001869e-04   1.109511e-26   600
  6.635732e-01   2.997098e-25   3.535112e-04   1.321933e-26   528
  6.646233e-01   2.764607e-25   1.940622e-04   1.228687e-26   732
  6.657296e-01   2.313798e-25   1.432973e-04   1.455356e-26   336
  6.670031e-01   2.394862e-25   2.042271e-04   9.526286e-27   912
  6.679548e-01   2.472491e-25   2.049821e-04   1.236606e-26   624
  6.689946e-01   2.506204e-25   1.727341e-04   9.452563e-27   768
  6.702082e-01   2.646671e-25   3.116463e-04   9.966514e-27   792
  6.713995e-01   2.390206e-25   1.545014e-04   1.036792e-26   660
  6.722471e-01   2.290614e-25   2.276826e-04   1.168531e-26   504
  6.731238e-01   2.059292e-25   3.719898e-04   9.535715e-27   480
  6.744376e-01   2.015371e-25   3.440421e-04   7.581194e-27   912
  6.754664e-01   2.385841e-25   3.831443e-04   1.290983e-26   432
  6.764380e-01   2.195206e-25   2.275021e-04   9.729993e-27   564
  6.773006e-01   2.203468e-25   2.177508e-04   9.563331e-27   600
  6.785149e-01   2.471797e-25   3.035240e-04   9.426158e-27   876
  6.794272e-01   2.716629e-25   1.364735e-04   1.844052e-26   264
  6.806846e-01   2.252062e-25   2.648123e-04   1.021211e-26   560
  6.816953e-01   1.918446e-25   1.799457e-04   7.338086e-27   840
  6.829222e-01   1.788232e-25   2.774244e-04   5.996529e-27   1008
  6.840568e-01   1.831819e-25   1.241010e-04   9.623238e-27   456
  6.850930e-01   2.060815e-25   1.607553e-04   8.893592e-27   576
  6.860509e-01   1.965887e-25   2.470177e-04   8.288557e-27   612
  6.873140e-01   1.878561e-25   2.206269e-04   7.711116e-27   780
  6.883444e-01   1.742411e-25   2.528284e-04   6.958005e-27   648
  6.893992e-01   2.172049e-25   1.178213e-04   1.280428e-26   312
  6.900734e-01   1.536445e-25   2.993645e-04   6.696135e-27   528
  6.912414e-01   1.637046e-25   3.909551e-04   6.404818e-27   720
  6.923583e-01   1.750480e-25   3.921794e-04   7.952777e-27   576
  6.937124e-01   1.626547e-25   3.383053e-04   7.996100e-27   444
  6.945549e-01   1.671656e-25   3.317685e-04   5.935148e-27   996
  6.955874e-01   1.560217e-25   2.771265e-04   8.141601e-27   432
  6.965633e-01   1.975892e-25   3.033990e-04   1.193915e-26   504
  6.974062e-01   1.294316e-25   1.367883e-04   5.471164e-27   504
  6.986065e-01   1.603014e-25   2.692009e-04   6.197792e-27   876
  6.996926e-01   1.506351e-25   3.098246e-04   7.127574e-27   504
  7.008236e-01   1.412773e-25   1.975899e-04   5.650011e-27   696
  7.017583e-01   1.568753e-25   1.689187e-04   7.778424e-27   492
  7.030300e-01   1.360364e-25   2.418152e-04   7.362004e-27   432
  7.039719e-01   1.485472e-25   2.264335e-04   6.270151e-27   768
  7.050885e-01   1.528350e-25   2.820533e-04   7.051561e-27   648
  7.061547e-01   1.275081e-25   1.840095e-04   6.052787e-27   456
  7.073798e-01   1.373216e-25   2.530430e-04   6.309639e-27   552
  7.082306e-01   1.284951e-25   1.734358e-04   5.394586e-27   648
  7.094016e-01   1.270013e-25   2.826907e-04   5.144063e-27   840
  7.105454e-01   1.104747e-25   1.348092e-04   4.554086e-27   432
  7.116906e-01   1.213389e-25   1.651183e-04   5.279044e-27   600
  7.124870e-01   1.404236e-25   1.759227e-04   7.992945e-27   432
  7.138248e-01   1.433268e-25   1.751482e-04   6.836306e-27   560
  7.147308e-01   1.060019e-25   2.772412e-04   4.279662e-27   840
  7.158652e-01   1.375190e-25   1.642140e-04   7.727273e-27   504
  7.167662e-01   1.146096e-25   3.351509e-04   4.695874e-27   696
  7.180362e-01   1.369502e-25   1.830475e-04   8.983038e-27   384
  7.190254e-01   1.075247e-25   2.681431e-04   4.288313e-27   576
  7.202219e-01   1.058841e-25   1.654845e-04   6.216710e-27   360
  7.211864e-01   1.222811e-25   2.464465e-04   4.915654e-27   828
  7.222268e-01   9.519459e-26   2.195064e-04   5.405879e-27   372
  7.231800e-01   9.750733e-26   3.352284e-04   3.852693e-27   576
  7.244428e-01   1.203505e-25   1.403933e-04   5.461948e-27   636
  7.253425e-01   1.067126e-25   2.706420e-04   4.813766e-27   648
  7.265596e-01   9.393466e-26   2.200024e-04   4.153471e-27   576
  7.274333e-01   1.006675e-25   3.548870e-04   4.667979e-27   528
  7.285953e-01   9.002529e-26   1.517289e-04   4.910754e-27   360
  7.295571e-01   8.955000e-26   3.490332e-04   3.537893e-27   672
  7.308130e-01   1.176264e-25   1.787806e-04   4.581798e-27   804
  7.318582e-01   9.389824e-26   1.972163e-04   5.156752e-27   408
  7.330145e-01   9.143452e-26   1.219011e-04   5.027863e-27   384
  7.337931e-01   7.924449e-26   2.789567e-04   4.040308e-27   480
  7.348913e-01   8.192219e-26   1.802469e-04   4.153911e-27   432
  7.359446e-01   1.034963e-25   3.321566e-04   4.012416e-27   648
  7.371913e-01   1.001381e-25   2.061016e-04   4.891722e-27   624
  7.381033e-01   8.071608e-26   1.874668e-04   3.767572e-27   456
  7.393486e-01   7.572801e-26   2.560963e-04   3.306811e-27   588
  7.401831e-01   7.882802e-26   1.633884e-04   2.992414e-27   600
  7.414016e-01   8.346028e-26   2.548458e-04   3.538125e-27   708
  7.423640e-01   9.853822e-26   1.605479e-04   5.762123e-27   360
  7.434275e-01   8.787812e-26   1.845541e-04   4.074215e-27   552
  7.444470e-01   7.078023e-26   1.294691e-04   5.008449e-27   288
  7.454820e-01   7.644177e-26   2.434372e-04   4.410438e-27   528
  7.464545e-01   8.639338e-26   1.642340e-04   4.642173e-27   456
  7.475410e-01   7.412671e-26   2.912225e-04   3.515734e-27   608
  7.486338e-01   6.486566e-26   1.408967e-04   2.904221e-27   504
  7.498278e-01   6.665357e-26   3.024972e-04   3.162253e-27   540
  7.507642e-01   8.269381e-26   3.247222e-04   4.586838e-27   360
  7.517735e-01   9.016137e-26   1.470509e-04   4.582580e-27   540
  7.526661e-01   6.776969e-26   1.262606e-04   3.577003e-27   576
  7.539642e-01   6.156288e-26   2.927555e-04   2.596254e-27   588
  7.551985e-01   6.527703e-26   4.039143e-04   3.165497e-27   672
  7.562588e-01   7.527467e-26   3.087151e-04   3.417660e-27   552
  7.571135e-01   5.761050e-26   3.088712e-04   5.410076e-27   144
  7.582042e-01   6.608610e-26   2.624178e-04   2.878559e-27   600
  7.592383e-01   5.259253e-26   3.288668e-04   2.603115e-27   504
  7.603860e-01   6.196066e-26   3.378126e-04   4.650740e-27   336
  7.615932e-01   5.937218e-26   3.797028e-04   2.898636e-27   600
  7.626744e-01   5.317242e-26   2.450478e-04   2.536876e-27   636
  7.638413e-01   6.436765e-26   1.970206e-04   3.918655e-27   384
  7.646595e-01   6.447106e-26   2.748205e-04   3.335156e-27   504
  7.658387e-01   6.066729e-26   1.153383e-04   3.781421e-27   240
  7.667694e-01   6.662665e-26   2.709461e-04   3.050007e-27   744
  7.678860e-01   5.208308e-26   1.850150e-04   2.490921e-27   648
  7.688783e-01   7.294069e-26   1.228185e-04   7.884305e-27   120
  7.700414e-01   5.149231e-26   1.929319e-04   2.309245e-27   564
  7.709202e-01   5.814115e-26   3.030111e-04   3.511592e-27   432
  7.720932e-01   4.966001e-26   2.351965e-04   2.257400e-27   480
  7.729764e-01   4.051206e-26   1.731106e-04   2.066348e-27   456
  7.740189e-01   5.503082e-26   2.864725e-04   2.579898e-27   444
  7.752020e-01   4.482433e-26   4.383180e-04   1.862590e-27   528
  7.762412e-01   5.283221e-26   3.255297e-04   3.668826e-27   264
  7.772498e-01   4.698766e-26   3.336195e-04   2.954364e-27   444
  7.786065e-01   5.182879e-26   3.654311e-04   2.087770e-27   696
  7.797327e-01   5.281660e-26   1.954448e-04   3.293975e-27   384
  7.805563e-01   4.420868e-26   2.469609e-04   2.481406e-27   432
  7.818373e-01   5.212683e-26   1.706384e-04   2.795038e-27   488
  7.826690e-01   5.068834e-26   2.571733e-04   2.274534e-27   480
  7.838749e-01   5.056047e-26   2.868014e-04   2.439816e-27   480
  7.848089e-01   4.122266e-26   1.203331e-04   2.813586e-27   240
  7.858692e-01   4.929501e-26   2.810886e-04   2.932766e-27   600
  7.868694e-01   3.394665e-26   2.449399e-04   2.692303e-27   288
  7.879343e-01   4.034868e-26   2.356143e-04   2.060137e-27   480
  7.890129e-01   3.707741e-26   4.191157e-04   2.020255e-27   504
  7.900748e-01   3.975457e-26   1.798267e-04   2.853325e-27   216
  7.914291e-01   4.233282e-26   2.944050e-04   2.073080e-27   504
  7.924838e-01   3.601157e-26   2.367912e-04   1.942559e-27   456
  7.936384e-01   3.929383e-26   1.358038e-04   2.124106e-27   384
  7.944031e-01   4.141521e-26   2.756326e-04   1.944458e-27   480
  7.954897e-01   3.248899e-26   2.420363e-04   1.686307e-27   504
  7.964966e-01   4.287494e-26   1.535327e-04   2.212280e-27   312
  7.975815e-01   3.393459e-26   2.474127e-04   1.859290e-27   492
  7.985417e-01   4.111537e-26   2.318919e-04   2.851516e-27   312
  7.997779e-01   3.297756e-26   3.766899e-04   1.537398e-27   576
  8.008661e-01   3.745673e-26   3.477153e-04   2.343675e-27   336
  8.017699e-01   2.752000e-26   2.677247e-04   1.861669e-27   240
  8.030228e-01   3.785301e-26   3.549351e-04   1.900299e-27   468
  8.041047e-01   3.407532e-26   2.222407e-04   2.552842e-27   192
  8.052370e-01   3.420101e-26   2.229031e-04   2.113109e-27   324
  8.060669e-01   3.323282e-26   1.617794e-04   1.634416e-27   600
  8.071978e-01   3.563607e-26   2.624704e-04   1.936457e-27   456
  8.080377e-01   3.373597e-26   1.180592e-04   2.380081e-27   336
  8.094297e-01   3.635337e-26   3.535027e-04   1.660327e-27   612
  8.104424e-01   2.359378e-26   2.966749e-04   2.009520e-27   144
  8.114002e-01   3.073853e-26   3.462957e-04   1.410314e-27   552
  8.127025e-01   2.347427e-26   1.363755e-04   1.639207e-27   264
  8.134384e-01   3.164111e-26   3.157441e-04   1.729913e-27   336
  8.145992e-01   2.588498e-26   2.086329e-04   1.705760e-27   384
  8.156059e-01   2.963578e-26   1.174397e-04   2.283184e-27   216
  8.167203e-01   2.705559e-26   2.489964e-04   1.771615e-27   344
  8.177364e-01   2.559852e-26   3.715143e-04   1.509522e-27   408
  8.189746e-01   2.210669e-26   2.854845e-04   1.806481e-27   264
  8.200718e-01   2.915929e-26   3.979796e-04   1.448157e-27   612
  8.211681e-01   3.124455e-26   2.048307e-04   2.003390e-27   408
  8.222956e-01   2.776463e-26   2.051251e-04   1.927394e-27   444
  8.231239e-01   3.766946e-26   1.147249e-04   3.289582e-27   120
  8.242338e-01   2.865452e-26   3.169640e-04   1.708445e-27   336
  8.250576e-01   2.362035e-26   1.101437e-04   1.701249e-27   288
  8.261708e-01   2.609706e-26   3.427692e-04   1.224945e-27   552
  8.277012e-01   2.895864e-26   1.835347e-08   3.862654e-27   72
  8.284882e-01   2.084603e-26   3.404572e-04   1.369275e-27   504
  8.294074e-01   1.543609e-26   1.095558e-04   1.281014e-27   216
  8.305983e-01   1.806813e-26   1.956043e-04   1.022649e-27   312
  8.316675e-01   2.166590e-26   2.227263e-04   1.467891e-27   336
  8.326865e-01   1.813852e-26   3.087236e-04   1.127009e-27   204
  8.337014e-01   2.819061e-26   3.587838e-04   1.477803e-27   504
  8.347777e-01   2.607302e-26   3.416652e-04   1.719375e-27   396
  8.358127e-01   2.681196e-26   3.133249e-04   2.304781e-27   312
  8.370674e-01   2.866899e-26   1.914750e-04   2.317844e-27   216
  8.379516e-01   2.255244e-26   1.039172e-04   1.884827e-27   168
  8.390260e-01   1.924040e-26   2.623966e-04   8.432290e-28   588
  8.402521e-01   2.001134e-26   3.561727e-04   1.799480e-27   240
  8.412047e-01   1.784937e-26   3.145601e-04   1.677055e-27   264
  8.423219e-01   1.822093e-26   3.890183e-04   1.420558e-27   288
  8.433131e-01   1.907413e-26   1.942596e-04   1.195383e-27   288
  8.445693e-01   1.407037e-26   1.824406e-04   1.096878e-27   288
  8.454153e-01   1.336283e-26   2.113423e-04   1.236230e-27   192
  8.464795e-01   1.526215e-26   2.248894e-04   1.163785e-27   264
  8.474933e-01   3.097221e-26   3.699119e-04   1.812728e-27   372
  8.485844e-01   2.115842e-26   3.995208e-04   1.368717e-27   360
  8.499161e-01   2.670001e-26   1.690810e-04   3.078479e-27   144
  8.506044e-01   1.651819e-26   2.348461e-04   1.273171e-27   296
  8.516909e-01   1.685434e-26   2.530345e-04   1.094996e-27   288
  8.529347e-01   1.550689e-26   3.781537e-04   7.166095e-28   480
  8.540076e-01   1.642425e-26   3.142096e-04   1.996221e-27   192
  8.550509e-01   1.857529e-26   3.370327e-04   1.393757e-27   192
  8.559992e-01   1.819908e-26   2.147949e-04   1.953905e-27   288
  8.573180e-01   8.780669e-27   1.869760e-04   7.057200e-28   108
  8.579823e-01   2.033828e-26   1.797545e-04   1.689121e-27   240
  8.591554e-01   1.345276e-26   3.353363e-04   9.619529e-28   384
  8.603605e-01   1.520214e-26   4.090723e-04   1.474545e-27   108
  8.614261e-01   2.038254e-26   2.398466e-04   1.289577e-27   348
  8.625466e-01   1.582199e-26   2.503134e-04   1.229829e-27   312
  8.635474e-01   1.657442e-26   2.432319e-04   2.410109e-27   96
  8.644677e-01   1.246229e-26   3.238194e-04   7.149991e-28   384
  8.654984e-01   1.524052e-26   2.227222e-04   1.601929e-27   144
  8.665066e-01   1.504219e-26   3.422225e-04   8.368075e-28   408
  8.677598e-01   8.915537e-27   1.526554e-04   9.472996e-28   144
  8.689437e-01   1.401387e-26   2.934816e-04   1.409995e-27   192
  8.696459e-01   1.513231e-26   3.303190e-04   1.358634e-27   144
  8.707904e-01   1.139672e-26   2.685615e-04   1.027953e-27   144
  8.718702e-01   1.378052e-26   3.282257e-04   8.725953e-28   336
  8.731927e-01   8.659992e-27   2.428454e-04   7.383024e-28   240
  8.740312e-01   1.269441e-26   1.102739e-04   1.490718e-27   96
  8.752007e-01   1.758347e-26   3.233803e-04   1.352768e-27   372
  8.763838e-01   1.956276e-26   3.846540e-04   2.671373e-27   132
  8.774230e-01   9.365189e-27   2.380193e-04   6.731302e-28   264
  8.783527e-01   1.364973e-26   1.827880e-04   1.348411e-27   168
  8.793449e-01   1.493632e-26   2.922429e-04   1.180854e-27   216
  8.802213e-01   1.007779e-26   1.787978e-04   1.053143e-27   216
  8.814979e-01   5.839034e-27   3.280196e-04   4.986848e-28   96
  8.826561e-01   1.595616e-26   2.140028e-04   2.302334e-27   120
  8.837183e-01   1.096828e-26   2.720578e-04   9.049980e-28   216
  8.845934e-01   1.007045e-26   1.188902e-04   9.187506e-28   200
  8.857519e-01   9.703916e-27   3.077557e-04   5.627523e-28   288
  8.872378e-01   7.654041e-27   8.097649e-05   7.913946e-28   144
  8.878635e-01   9.339509e-27   2.519939e-04   1.049693e-27   168
  8.891412e-01   1.621281e-26   2.835956e-04   2.939294e-27   159
  8.901386e-01   8.808152e-27   2.975600e-04   7.626576e-28   174
  8.911039e-01   9.613080e-27   2.698170e-04   8.511798e-28   144
  8.923678e-01   9.847197e-27   1.557998e-04   8.661897e-28   222
  8.932131e-01   7.878256e-27   1.572158e-04   7.889362e-28   168
  8.946732e-01   2.470307e-26   3.448346e-04   9.336711e-27   30
  8.952763e-01   5.890536e-27   3.044637e-04   5.927673e-28   72
  8.964123e-01   8.418123e-27   2.717302e-04   6.470478e-28   258
  8.976612e-01   6.604134e-27   1.701916e-04   4.107541e-28   264
  8.982857e-01   4.528512e-27   0.000000e+00   4.399253e-28   72
  8.995871e-01   5.880411e-27   3.373270e-04   5.026000e-28   174
  9.007654e-01   6.578229e-27   3.591909e-04   7.052386e-28   168
  9.017127e-01   3.468400e-27   1.123916e-08   4.340133e-28   48
  9.027297e-01   6.220066e-27   2.028435e-04   6.223553e-28   150
  9.039088e-01   8.379759e-27   3.731453e-04   5.897912e-28   168
  9.050911e-01   6.554038e-27   2.273028e-04   5.928998e-28   144
  9.061784e-01   8.628492e-27   2.123525e-04   9.933123e-28   102
  9.069882e-01   4.553130e-27   3.143182e-04   4.424270e-28   96
  9.082731e-01   5.625810e-27   3.119397e-04   5.253836e-28   120
  9.092246e-01   3.516180e-27   3.345635e-04   2.571282e-28   168
  9.102538e-01   9.449051e-27   2.470487e-04   9.227344e-28   126
  9.111308e-01   5.781609e-27   1.863241e-04   4.639537e-28   168
  9.123389e-01   4.219655e-27   2.987709e-04   4.347985e-28   72
  9.133947e-01   4.427205e-27   3.741278e-04   3.181201e-28   168
  9.143196e-01   5.279925e-27   1.025668e-04   9.637635e-28   78
  9.155870e-01   3.155512e-27   1.684070e-04   3.061273e-28   60
  9.166075e-01   9.720986e-27   2.731835e-04   1.132248e-27   96
  9.176659e-01   5.186149e-27   3.314854e-04   3.970548e-28   168
  9.186605e-01   4.307138e-27   2.097511e-04   4.556802e-28   86
  9.197042e-01   3.652395e-27   1.874678e-04   2.851930e-28   120
  9.212002e-01   3.004997e-27   1.336894e-04   2.403283e-28   168
  9.220069e-01   2.892530e-27   0.000000e+00   3.791900e-28   48
  9.230934e-01   6.464232e-27   2.435676e-04   6.650820e-28   120
  9.237177e-01   3.813102e-27   1.776924e-04   4.538028e-28   126
  9.252418e-01   5.006829e-27   3.125113e-04   4.771619e-28   96
  9.262310e-01   3.781201e-27   9.011285e-05   3.190920e-28   96
  9.270111e-01   4.047089e-27   0.000000e+00   4.994011e-28   72
  9.286731e-01   5.176194e-27   1.123916e-08   9.042713e-28   24
  9.297104e-01   4.395040e-27   1.854501e-04   4.306998e-28   120
  9.305196e-01   3.742711e-27   2.705147e-04   3.290413e-28   126
  9.314194e-01   2.637195e-27   2.255107e-04   2.113243e-28   96
  9.324708e-01   2.876486e-27   3.897482e-04   3.310398e-28   72
  9.336415e-01   3.162965e-27   1.685792e-04   2.320165e-28   144
  9.346046e-01   2.969371e-27   9.723254e-05   3.418992e-28   72
  9.355666e-01   4.632006e-27   1.942081e-04   6.802292e-28   54
  9.364132e-01   4.034965e-27   1.711436e-04   3.515658e-28   108
  9.381728e-01   3.130784e-27   1.677650e-04   3.819266e-28   72
  9.387206e-01   3.328304e-27   9.680617e-05   3.206317e-28   72
  9.400202e-01   4.478013e-27   1.946680e-08   6.864143e-28   24
  9.412498e-01   2.263977e-27   2.047976e-04   2.875514e-28   48
  9.419964e-01   2.810684e-27   1.560029e-04   3.366819e-28   102
  9.431203e-01   3.394623e-27   3.528137e-04   2.728627e-28   168
  9.445889e-01   2.592631e-27   1.924163e-04   2.947486e-28   72
  9.451330e-01   1.778264e-27   0.000000e+00   3.072920e-28   48
  9.462744e-01   3.127979e-27   3.309678e-04   2.708850e-28   120
  9.477807e-01   2.879538e-27   2.033864e-04   2.534771e-28   96
  9.492033e-01   4.114410e-27   2.202416e-08   7.829682e-28   30
  9.508942e-01   4.206018e-27   9.555995e-05   5.151687e-28   72
  9.516372e-01   4.458414e-27   1.123916e-08   7.246850e-28   24
  9.525916e-01   1.734724e-27   1.416435e-04   1.702439e-28   56
  9.536606e-01   1.737057e-27   2.021324e-04   1.952175e-28   96
  9.549399e-01   2.755994e-27   2.232036e-04   2.273155e-28   144
  9.559263e-01   2.446852e-27   1.267263e-04   3.562537e-28   54
  9.573592e-01   2.359533e-27   1.898493e-04   2.274361e-28   108
  9.588012e-01   2.683854e-27   1.005243e-04   2.913646e-28   48
  9.601739e-01   1.663283e-27   3.785063e-04   1.738342e-28   72
  9.634680e-01   3.340878e-27   2.500803e-04   3.798466e-28   78
  9.643808e-01   1.311063e-27   1.884669e-04   1.561913e-28   72
  9.654462e-01   1.714563e-27   1.882329e-04   2.021120e-28   72
  9.665603e-01   1.469266e-27   4.542266e-04   1.551339e-28   96
  9.674408e-01   2.345552e-27   1.878449e-04   2.464613e-28   72
  9.685029e-01   2.997253e-27   0.000000e+00   3.360204e-28   24
  9.695638e-01   1.585508e-27   3.748416e-04   1.649628e-28   72
  9.719599e-01   2.742484e-27   2.380359e-04   4.500850e-28   30
  9.724755e-01   3.226922e-27   0.000000e+00   4.499966e-28   24
  9.752466e-01   9.468232e-28   1.976584e-04   1.107102e-28   48
  9.761159e-01   1.799853e-27   4.253608e-04   1.509381e-28   120
  9.772870e-01   1.470586e-27   1.859776e-04   1.612096e-28   72
  9.784697e-01   1.048815e-27   1.857528e-04   1.484974e-28   36
  9.792826e-01   1.918023e-27   3.671339e-04   1.804535e-28   78
  9.815513e-01   1.871894e-27   1.963888e-04   2.317419e-28   48
  9.844928e-01   2.243674e-27   1.589457e-08   2.996112e-28   24
  9.865884e-01   1.885981e-27   1.367612e-04   1.749672e-28   56
  9.876436e-01   1.389525e-27   2.104496e-04   1.625484e-28   102
  9.889860e-01   1.466518e-27   1.498555e-08   1.265484e-28   72
  9.897653e-01   1.203366e-27   0.000000e+00   2.106088e-28   24
  9.911277e-01   1.708797e-27   1.944913e-04   1.899767e-28   48
  9.936528e-01   1.905292e-27   0.000000e+00   3.467793e-28   24
  9.967520e-01   1.916252e-27   0.000000e+00   6.136667e-28   6
  9.977185e-01   1.186998e-27   0.000000e+00   1.915771e-28   24
  9.983623e-01   5.851843e-28   1.820511e-04   6.525173e-29   72
  9.995384e-01   8.397090e-28   3.396336e-04   8.150144e-29   84
  1.000805e+00   8.919758e-28   0.000000e+00   1.582353e-28   24
  1.001190e+00   1.143577e-27   1.589457e-08   2.225727e-28   24
  1.003114e+00   1.144457e-27   1.123916e-08   1.607016e-28   24
  1.005800e+00   8.520115e-28   0.000000e+00   9.099766e-29   6
  1.009244e+00   8.332866e-28   1.910001e-04   1.135824e-28   48
  1.010072e+00   7.787780e-28   3.598129e-04   9.210324e-29   72
  1.011152e+00   6.405062e-28   1.906396e-04   8.728627e-29   48
  1.012867e+00   1.847082e-27   0.000000e+00   2.397636e-28   24
  1.015148e+00   7.451978e-28   1.123916e-08   2.826409e-29   6
  1.020262e+00   2.743673e-28   0.000000e+00   4.116153e-29   8
  1.020640e+00   7.928619e-28   1.123916e-08   8.172043e-29   48
  1.021546e+00   7.672230e-28   1.848806e-04   7.949111e-29   60
  1.022904e+00   1.211738e-27   0.000000e+00   2.398388e-28   24
  1.024787e+00   1.210524e-27   0.000000e+00   4.853993e-28   6
  1.031723e+00   3.788500e-28   0.000000e+00   5.585202e-29   24
  1.032283e+00   7.540104e-28   1.867372e-04   1.151626e-28   48
  1.033217e+00   6.463785e-28   0.000000e+00   1.061408e-28   24
  1.034708e+00   9.785188e-28   1.123916e-08   3.474086e-28   6
  1.043181e+00   4.509893e-28   1.742080e-04   6.080047e-29   36
  1.043797e+00   8.443862e-28   0.000000e+00   1.161040e-28   24
  1.044904e+00   1.446096e-28   0.000000e+00   4.263911e-29   6
  1.054545e+00   7.349558e-28   1.583190e-04   1.133577e-28   32
  1.055367e+00   1.198038e-27   1.123916e-08   3.422271e-28   6
  1.065728e+00   4.207845e-28   0.000000e+00   7.941194e-29   12
  1.066089e+00   2.939856e-28   0.000000e+00   9.230106e-30   6
  1.077063e+00   3.904080e-28   1.589457e-08   1.001018e-28   6
