# power spectrum of chi
# redshift z=1.000000
# k              Pk             sigma(k)       sigma(Pk)      count
  1.963495e-02   7.442284e-20   0.000000e+00   2.600104e-20   6
  2.776802e-02   1.128463e-19   0.000000e+00   3.292142e-20   12
  3.400874e-02   7.392771e-20   3.725290e-10   1.525955e-20   8
  3.926991e-02   4.656483e-20   0.000000e+00   1.725688e-20   6
  4.390509e-02   6.312551e-20   0.000000e+00   1.563344e-20   24
  4.809562e-02   5.470366e-20   7.024475e-10   8.341961e-21   24
  5.553604e-02   2.514442e-20   0.000000e+00   9.868290e-21   12
  5.890486e-02   2.978054e-20   7.947286e-10   4.237097e-21   30
  6.209118e-02   1.976080e-20   0.000000e+00   2.877008e-21   24
  6.512178e-02   1.285514e-20   1.216675e-09   3.599553e-21   24
  6.801748e-02   2.459120e-20   7.450581e-10   3.387085e-21   8
  7.079483e-02   1.197407e-20   9.934107e-10   2.075116e-21   24
  7.346727e-02   1.050416e-20   0.000000e+00   1.203233e-21   48
  7.853982e-02   9.915449e-21   0.000000e+00   3.265412e-22   6
  8.095699e-02   9.355209e-21   1.404895e-09   8.770610e-22   48
  8.330406e-02   5.790271e-21   0.000000e+00   1.003611e-21   36
  8.558678e-02   6.271494e-21   9.934107e-10   1.532516e-21   24
  8.781018e-02   6.560236e-21   0.000000e+00   8.645706e-22   24
  8.997866e-02   5.415243e-21   0.000000e+00   6.860649e-22   48
  9.209610e-02   1.016478e-20   1.404895e-09   1.940205e-21   24
  9.619124e-02   5.457973e-21   1.404895e-09   1.146829e-21   24
  9.817477e-02   3.480110e-21   0.000000e+00   8.908073e-22   30
  1.001190e-01   4.400189e-21   0.000000e+00   2.929019e-22   72
  1.020262e-01   2.557607e-21   1.490116e-09   4.424060e-22   32
  1.057375e-01   4.323302e-21   0.000000e+00   4.720406e-22   72
  1.075451e-01   2.534553e-21   0.000000e+00   3.270316e-22   48
  1.110721e-01   1.958527e-21   0.000000e+00   3.658526e-22   12
  1.127942e-01   2.472072e-21   0.000000e+00   4.047685e-22   48
  1.144905e-01   2.661410e-21   0.000000e+00   3.562989e-22   48
  1.161620e-01   1.075796e-21   1.404895e-09   1.500376e-22   48
  1.178097e-01   2.636694e-21   1.589457e-09   3.927988e-22   30
  1.194348e-01   1.373717e-21   1.404895e-09   3.592082e-22   24
  1.210380e-01   1.945805e-21   2.961779e-09   2.181340e-22   72
  1.241824e-01   1.570333e-21   0.000000e+00   2.035802e-22   24
  1.257251e-01   1.367239e-21   0.000000e+00   1.244221e-22   96
  1.272490e-01   1.538494e-21   0.000000e+00   1.734203e-22   48
  1.287550e-01   2.424391e-21   2.433349e-09   2.818009e-22   24
  1.302436e-01   1.526847e-21   2.433349e-09   2.436174e-22   24
  1.317153e-01   1.488764e-21   0.000000e+00   1.485497e-22   72
  1.331707e-01   1.417196e-21   0.000000e+00   1.999357e-22   48
  1.360350e-01   8.076787e-22   1.490116e-09   3.710018e-22   8
  1.374447e-01   1.121380e-21   1.766064e-09   1.376350e-22   54
  1.388401e-01   1.436571e-21   0.000000e+00   1.783933e-22   84
  1.402216e-01   1.043946e-21   0.000000e+00   1.365877e-22   48
  1.415897e-01   1.082955e-21   1.986821e-09   1.920838e-22   24
  1.429446e-01   9.017913e-22   1.873193e-09   9.945079e-23   72
  1.442869e-01   1.021846e-21   0.000000e+00   8.467044e-23   96
  1.469345e-01   1.014042e-21   0.000000e+00   1.131564e-22   48
  1.482407e-01   6.449750e-22   0.000000e+00   8.723424e-23   48
  1.495354e-01   1.202915e-21   1.986821e-09   2.729751e-22   24
  1.508189e-01   7.468917e-22   0.000000e+00   9.040076e-23   72
  1.533539e-01   8.220216e-22   1.873193e-09   8.731172e-23   72
  1.546058e-01   6.860530e-22   0.000000e+00   6.906284e-23   96
  1.570796e-01   1.039925e-21   0.000000e+00   3.831957e-22   6
  1.583021e-01   5.745787e-22   0.000000e+00   5.289081e-23   96
  1.595151e-01   6.747234e-22   1.986821e-09   7.230282e-23   96
  1.607190e-01   7.432337e-22   0.000000e+00   9.778955e-23   24
  1.619140e-01   6.402124e-22   2.809790e-09   1.130854e-22   48
  1.631002e-01   6.720061e-22   0.000000e+00   6.751424e-23   96
  1.642778e-01   5.583032e-22   0.000000e+00   6.508530e-23   48
  1.666081e-01   6.797939e-22   0.000000e+00   7.571516e-23   36
  1.677611e-01   4.661590e-22   3.441276e-09   7.731762e-23   48
  1.689063e-01   4.641454e-22   3.893359e-09   3.870519e-23   120
  1.700437e-01   4.748939e-22   0.000000e+00   9.534829e-23   56
  1.711736e-01   3.776752e-22   1.986821e-09   9.432058e-23   24
  1.722960e-01   4.662418e-22   0.000000e+00   4.553823e-23   96
  1.734112e-01   4.150825e-22   0.000000e+00   5.784550e-23   48
  1.756204e-01   3.186611e-22   0.000000e+00   4.497850e-23   24
  1.767146e-01   3.995874e-22   0.000000e+00   4.511493e-23   102
  1.778021e-01   3.436438e-22   0.000000e+00   4.109042e-23   48
  1.788829e-01   3.903098e-22   0.000000e+00   4.161951e-23   72
  1.799573e-01   4.545150e-22   0.000000e+00   6.986025e-23   48
  1.810253e-01   3.183708e-22   0.000000e+00   3.252766e-23   48
  1.820871e-01   2.962401e-22   4.495664e-09   2.548944e-23   120
  1.841922e-01   3.323039e-22   2.809790e-09   8.565694e-23   24
  1.852358e-01   3.305564e-22   2.649095e-09   3.156903e-23   144
  1.862735e-01   2.917375e-22   3.178914e-09   2.968734e-23   120
  1.873055e-01   2.244141e-22   2.809790e-09   3.306005e-23   48
  1.893526e-01   2.368803e-22   2.809790e-09   2.619616e-23   48
  1.903679e-01   2.161329e-22   2.809790e-09   2.590735e-23   96
  1.930487e-01   2.865390e-22   4.711199e-04   2.973111e-23   72
  1.943761e-01   2.408401e-22   3.532127e-09   1.832714e-23   108
  1.953653e-01   2.159108e-22   0.000000e+00   2.017167e-23   72
  1.963495e-01   1.321132e-22   0.000000e+00   1.644958e-23   30
  1.973288e-01   2.556985e-22   0.000000e+00   2.060725e-23   168
  1.983033e-01   2.898970e-22   0.000000e+00   3.844245e-23   48
  2.002380e-01   1.921398e-22   0.000000e+00   2.864782e-23   72
  2.011984e-01   2.254550e-22   0.000000e+00   2.395183e-23   96
  2.021542e-01   2.481585e-22   5.298191e-09   2.049922e-23   72
  2.031055e-01   1.925462e-22   0.000000e+00   1.675072e-23   72
  2.047049e-01   2.314191e-22   4.350048e-04   2.105222e-23   104
  2.059331e-01   1.788553e-22   3.746387e-09   1.452346e-23   144
  2.087224e-01   2.043953e-22   6.282881e-09   2.304131e-23   96
  2.096439e-01   1.670097e-22   0.000000e+00   1.423518e-23   96
  2.111095e-01   1.411915e-22   4.475232e-04   1.151215e-23   120
  2.123845e-01   1.864112e-22   0.000000e+00   1.507659e-23   120
  2.132902e-01   1.223976e-22   0.000000e+00   1.339671e-23   72
  2.150901e-01   2.757996e-22   0.000000e+00   3.315037e-23   48
  2.159845e-01   1.557571e-22   4.235416e-09   1.695099e-23   78
  2.171286e-01   1.416934e-22   4.007142e-04   1.088336e-23   168
  2.195255e-01   1.697556e-22   3.746387e-09   1.472368e-23   144
  2.204018e-01   1.389501e-22   3.746387e-09   9.745601e-24   144
  2.229436e-01   1.760757e-22   2.307791e-04   1.437925e-23   156
  2.238729e-01   1.290444e-22   4.866699e-09   1.949864e-23   48
  2.247323e-01   1.331432e-22   3.178914e-09   1.306792e-23   120
  2.255884e-01   1.100546e-22   0.000000e+00   1.389272e-23   48
  2.271022e-01   1.368459e-22   3.532495e-04   8.138668e-24   216
  2.289809e-01   1.167062e-22   0.000000e+00   1.849169e-23   48
  2.298212e-01   1.414457e-22   2.809790e-09   1.653156e-23   96
  2.310160e-01   1.343791e-22   4.128272e-04   9.823092e-24   168
  2.323239e-01   1.519160e-22   2.809790e-09   2.002805e-23   48
  2.331522e-01   1.049966e-22   0.000000e+00   9.444490e-24   96
  2.339775e-01   7.495520e-23   0.000000e+00   8.695582e-24   48
  2.356194e-01   8.119910e-23   3.178914e-09   1.070518e-23   30
  2.364362e-01   1.030272e-22   2.809790e-09   9.358214e-24   96
  2.374123e-01   1.137356e-22   3.244455e-04   6.956686e-24   240
  2.386674e-01   9.758821e-23   3.500299e-04   9.305379e-24   32
  2.396752e-01   1.196319e-22   0.000000e+00   9.855178e-24   168
  2.404781e-01   9.791269e-23   0.000000e+00   9.278523e-24   120
  2.420760e-01   1.002298e-22   5.923557e-09   1.054681e-23   72
  2.428710e-01   1.062567e-22   3.746387e-09   8.225750e-24   144
  2.436634e-01   1.111254e-22   0.000000e+00   1.126355e-23   96
  2.444532e-01   9.262422e-23   0.000000e+00   8.968521e-24   96
  2.460253e-01   1.239457e-22   4.588368e-09   1.179487e-23   72
  2.468075e-01   8.655589e-23   3.973643e-09   9.971925e-24   96
  2.483647e-01   1.067134e-22   0.000000e+00   2.629149e-23   24
  2.491396e-01   7.409739e-23   0.000000e+00   4.492275e-24   192
  2.500522e-01   7.970321e-23   2.970416e-04   8.487762e-24   132
  2.514501e-01   1.009826e-22   0.000000e+00   8.551761e-24   96
  2.522156e-01   8.025019e-23   0.000000e+00   9.660643e-24   96
  2.529787e-01   7.602577e-23   3.178914e-09   1.032674e-23   120
  2.544981e-01   7.426651e-23   0.000000e+00   1.162102e-23   48
  2.557435e-01   9.491181e-23   3.599905e-04   5.457330e-24   222
  2.567603e-01   5.977173e-23   0.000000e+00   7.322548e-24   120
  2.575100e-01   8.942138e-23   4.866699e-09   1.993816e-23   24
  2.586015e-01   8.307463e-23   3.715625e-04   4.427953e-24   312
  2.609797e-01   8.776446e-23   3.483547e-04   9.939499e-24   72
  2.619630e-01   7.031168e-23   2.809790e-09   6.875749e-24   96
  2.629726e-01   6.759369e-23   3.547511e-04   5.347534e-24   192
  2.641613e-01   7.664979e-23   4.495664e-09   6.090680e-24   120
  2.648900e-01   6.411578e-23   0.000000e+00   5.134340e-24   144
  2.663415e-01   6.081270e-23   0.000000e+00   8.804596e-24   48
  2.673732e-01   7.052608e-23   3.567146e-04   3.622873e-24   336
  2.685040e-01   6.120309e-23   0.000000e+00   1.073723e-23   48
  2.699360e-01   5.601793e-23   0.000000e+00   3.542124e-24   192
  2.706492e-01   5.183050e-23   0.000000e+00   6.167400e-24   48
  2.726764e-01   4.813551e-23   2.476067e-04   4.369008e-24   56
  2.736844e-01   6.173885e-23   3.180112e-04   3.514937e-24   336
  2.748894e-01   5.318682e-23   3.532127e-09   7.625316e-24   54
  2.759390e-01   5.542130e-23   3.492904e-04   3.269920e-24   240
  2.781181e-01   4.962551e-23   3.344484e-04   3.459383e-24   228
  2.790651e-01   5.317155e-23   3.746387e-09   7.092947e-24   72
  2.799844e-01   4.842625e-23   3.244231e-04   3.855211e-24   144
  2.811298e-01   3.024421e-23   0.000000e+00   3.473263e-24   96
  2.818146e-01   5.012731e-23   4.495664e-09   3.567241e-24   240
  2.831793e-01   4.445560e-23   3.973643e-09   1.344645e-23   24
  2.840530e-01   4.496531e-23   3.064151e-04   2.543402e-24   336
  2.852142e-01   4.750356e-23   0.000000e+00   5.184957e-24   72
  2.862741e-01   4.991629e-23   3.332831e-04   3.494590e-24   168
  2.872346e-01   6.090382e-23   0.000000e+00   5.553928e-24   72
  2.885737e-01   5.374361e-23   0.000000e+00   6.382764e-24   96
  2.896108e-01   3.643746e-23   3.307829e-04   2.675019e-24   216
  2.905708e-01   4.674148e-23   3.973643e-09   5.576915e-24   96
  2.918946e-01   4.729645e-23   0.000000e+00   3.276115e-24   192
  2.925542e-01   5.702601e-23   3.746387e-09   4.711635e-24   144
  2.938691e-01   3.651730e-23   0.000000e+00   3.693642e-24   48
  2.947794e-01   4.319956e-23   3.189136e-04   2.950892e-24   246
  2.960164e-01   4.270536e-23   2.940434e-04   3.741581e-24   168
  2.971308e-01   3.917779e-23   5.506041e-09   4.249825e-24   120
  2.977788e-01   4.364218e-23   0.000000e+00   2.588002e-24   240
  2.990707e-01   5.343163e-23   3.973643e-09   8.841559e-24   24
  3.001001e-01   3.934730e-23   3.147475e-04   1.980023e-24   360
  3.013820e-01   3.905011e-23   3.134082e-04   3.049358e-24   120
  3.022763e-01   3.674307e-23   0.000000e+00   2.905861e-24   144
  3.029133e-01   3.828533e-23   0.000000e+00   4.329199e-24   96
  3.048165e-01   3.718379e-23   0.000000e+00   2.587303e-24   144
  3.054482e-01   3.182874e-23   0.000000e+00   2.360122e-24   132
  3.063360e-01   3.321104e-23   3.093292e-04   2.286707e-24   176
  3.076248e-01   3.263375e-23   3.123602e-04   1.865880e-24   312
  3.092116e-01   3.534310e-23   0.000000e+00   3.331595e-24   96
  3.098343e-01   3.350632e-23   0.000000e+00   2.457251e-24   144
  3.107899e-01   3.272498e-23   3.092271e-04   2.030035e-24   312
  3.123131e-01   2.135035e-23   0.000000e+00   2.951155e-24   48
  3.129297e-01   3.376150e-23   3.973643e-09   2.290056e-24   192
  3.141593e-01   1.431939e-23   0.000000e+00   5.358813e-24   6
  3.149762e-01   2.710468e-23   2.884066e-04   1.684428e-24   288
  3.162994e-01   2.905348e-23   3.047203e-04   1.842026e-24   192
  3.172124e-01   2.907618e-23   9.345130e-09   1.928085e-24   216
  3.178195e-01   3.199597e-23   0.000000e+00   3.473908e-24   72
  3.193321e-01   2.974102e-23   3.018264e-04   1.967321e-24   192
  3.203366e-01   2.671324e-23   2.241224e-04   1.547705e-24   288
  3.214381e-01   3.052650e-23   0.000000e+00   5.512405e-24   24
  3.222890e-01   2.559682e-23   2.952626e-04   1.128091e-24   456
  3.238280e-01   1.987041e-23   5.619580e-09   2.824574e-24   48
  3.247789e-01   2.580858e-23   2.908218e-04   1.545176e-24   240
  3.258718e-01   2.427897e-23   2.939082e-04   1.945098e-24   216
  3.267908e-01   2.924621e-23   0.000000e+00   4.016203e-24   72
  3.273801e-01   3.347317e-23   1.015467e-08   2.453984e-24   168
  3.290441e-01   2.151105e-23   2.184577e-04   1.216359e-24   288
  3.299773e-01   2.319350e-23   2.890570e-04   1.507249e-24   168
  3.314762e-01   2.168151e-23   0.000000e+00   1.603079e-24   192
  3.320572e-01   2.933850e-23   3.746387e-09   2.204097e-24   144
  3.332162e-01   2.855458e-23   0.000000e+00   3.551236e-24   36
  3.341991e-01   2.342277e-23   2.639705e-04   1.137467e-24   342
  3.351389e-01   2.975270e-23   2.710657e-04   2.550381e-24   144
  3.363470e-01   2.373732e-23   2.842800e-04   1.252032e-24   384
  3.378125e-01   2.072625e-23   7.786718e-09   1.703496e-24   120
  3.385379e-01   2.889905e-23   2.534951e-04   1.611087e-24   264
  3.395201e-01   2.364643e-23   1.256576e-08   1.833522e-24   192
  3.404451e-01   1.954230e-23   2.731894e-04   1.563157e-24   152
  3.412191e-01   2.405604e-23   7.492773e-09   2.088054e-24   144
  3.428472e-01   2.076416e-23   1.768108e-04   1.396434e-24   216
  3.436008e-01   2.264435e-23   2.362665e-04   1.227176e-24   312
  3.449274e-01   1.946329e-23   2.738281e-04   1.408416e-24   240
  3.457090e-01   1.587850e-23   3.973643e-09   1.858396e-24   96
  3.471927e-01   2.077119e-23   2.617995e-04   2.112820e-24   144
  3.481071e-01   1.722554e-23   2.573258e-04   9.452859e-25   456
  3.495904e-01   1.787085e-23   0.000000e+00   1.605726e-24   120
  3.501414e-01   1.538414e-23   0.000000e+00   1.613526e-24   144
  3.512407e-01   1.019399e-23   0.000000e+00   1.960528e-24   24
  3.519456e-01   1.660595e-23   2.473498e-04   8.932921e-25   336
  3.531645e-01   1.782558e-23   2.727931e-04   1.339357e-24   198
  3.543067e-01   1.713179e-23   2.652756e-04   7.187422e-25   432
  3.556041e-01   1.510406e-23   0.000000e+00   1.862643e-24   48
  3.562810e-01   1.742341e-23   2.341925e-04   8.579100e-25   384
  3.574963e-01   1.550669e-23   2.696052e-04   1.279324e-24   144
  3.585975e-01   1.660940e-23   2.676825e-04   9.418232e-25   264
  3.599147e-01   1.550303e-23   0.000000e+00   2.213855e-24   48
  3.607984e-01   1.673269e-23   2.545223e-04   1.003451e-24   276
  3.616510e-01   1.815096e-23   2.307176e-04   1.310165e-24   192
  3.627906e-01   1.384342e-23   2.592759e-04   5.765361e-25   552
  3.641741e-01   1.776261e-23   8.991328e-09   1.796479e-24   120
  3.649965e-01   1.421658e-23   2.624511e-04   8.465271e-25   216
  3.657587e-01   1.793491e-23   4.495664e-09   1.509523e-24   120
  3.671201e-01   1.461747e-23   2.584500e-04   7.111047e-25   408
  3.683844e-01   1.182632e-23   5.619580e-09   1.723446e-24   24
  3.691684e-01   1.478256e-23   2.610810e-04   8.205609e-25   384
  3.702633e-01   1.504102e-23   2.550855e-04   9.514163e-25   240
  3.712141e-01   1.705236e-23   2.569535e-04   1.367871e-24   168
  3.725471e-01   1.346842e-23   6.357829e-09   1.186866e-24   120
  3.734064e-01   1.310723e-23   2.678605e-04   6.496189e-25   350
  3.748037e-01   1.527346e-23   4.409502e-04   8.395333e-25   384
  3.756388e-01   1.362738e-23   0.000000e+00   1.169697e-24   144
  3.771752e-01   1.262124e-23   1.059638e-08   7.029191e-25   288
  3.779773e-01   1.440881e-23   2.524053e-04   7.740590e-25   336
  3.790686e-01   1.302425e-23   2.297941e-04   9.458506e-25   168
  3.797219e-01   1.360484e-23   4.541306e-09   7.292710e-25   336
  3.810732e-01   1.092553e-23   2.385126e-04   6.684958e-25   288
  3.818848e-01   1.279568e-23   2.247398e-04   8.217678e-25   264
  3.832590e-01   1.236075e-23   0.000000e+00   8.359768e-25   240
  3.837616e-01   1.101249e-23   7.947286e-09   1.338026e-24   96
  3.855656e-01   1.331958e-23   3.056310e-04   6.844123e-25   360
  3.864075e-01   1.262810e-23   2.253025e-04   9.217341e-25   168
  3.874713e-01   1.112344e-23   2.456032e-04   4.815079e-25   456
  3.887523e-01   1.148939e-23   7.064254e-09   9.180969e-25   108
  3.894728e-01   9.700454e-24   2.464311e-04   5.205661e-25   264
  3.903716e-01   1.102630e-23   2.198567e-04   5.881620e-25   264
  3.916025e-01   1.027357e-23   2.074668e-04   6.053609e-25   312
  3.931351e-01   9.696045e-24   1.541705e-04   5.604190e-25   270
  3.937775e-01   1.182831e-23   1.957388e-04   7.890977e-25   240
  3.949323e-01   1.042986e-23   2.421536e-04   4.924868e-25   384
  3.956334e-01   1.055966e-23   0.000000e+00   7.218003e-25   192
  3.969952e-01   1.083489e-23   1.942960e-04   6.934922e-25   240
  3.977852e-01   1.058763e-23   2.397927e-04   6.190979e-25   336
  3.992708e-01   1.001766e-23   2.413972e-04   4.624586e-25   480
  4.004761e-01   1.088085e-23   0.000000e+00   1.278971e-24   72
  4.011493e-01   8.800352e-24   2.353842e-04   5.077784e-25   240
  4.020650e-01   1.001332e-23   2.212289e-04   5.972121e-25   312
  4.031147e-01   8.845183e-24   2.390954e-04   5.366991e-25   240
  4.047009e-01   1.088062e-23   1.816506e-04   5.410396e-25   408
  4.053288e-01   9.687206e-24   1.663482e-04   5.910808e-25   336
  4.065560e-01   8.762174e-24   2.112212e-04   5.610294e-25   264
  4.071591e-01   8.634682e-24   0.000000e+00   7.115133e-25   144
  4.088370e-01   7.988851e-24   2.927651e-04   3.818973e-25   464
  4.097211e-01   1.095428e-23   2.328083e-04   8.721494e-25   168
  4.105939e-01   8.991372e-24   2.120376e-04   5.435411e-25   336
  4.121713e-01   8.874559e-24   2.227870e-04   4.425991e-25   414
  4.130606e-01   9.520607e-24   2.319080e-04   7.099565e-25   216
  4.141998e-01   1.188344e-23   5.619580e-09   1.070862e-24   96
  4.146649e-01   9.854297e-24   1.685874e-08   4.727647e-25   384
  4.162944e-01   9.611366e-24   2.314600e-04   4.772111e-25   492
  4.171676e-01   9.585853e-24   2.263480e-04   6.077072e-25   240
  4.181546e-01   8.585139e-24   2.298225e-04   5.434422e-25   312
  4.195176e-01   6.831775e-24   2.297469e-04   5.336954e-25   192
  4.203810e-01   8.347237e-24   2.226525e-04   3.534379e-25   504
  4.215265e-01   7.899348e-24   1.473998e-04   4.164761e-25   408
  4.224284e-01   7.427159e-24   4.515774e-04   5.057555e-25   168
  4.235571e-01   8.488561e-24   2.145032e-04   5.394763e-25   288
  4.245041e-01   8.050126e-24   2.238525e-04   4.317812e-25   288
  4.254743e-01   6.848340e-24   2.251410e-04   3.225312e-25   432
  4.268815e-01   8.888953e-24   2.129084e-04   7.808624e-25   216
  4.276334e-01   7.445890e-24   2.124592e-04   4.152134e-25   360
  4.289721e-01   7.302895e-24   2.073582e-04   4.684742e-25   312
  4.301803e-01   8.275952e-24   0.000000e+00   9.117736e-25   48
  4.308767e-01   7.933039e-24   2.223178e-04   3.964894e-25   432
  4.321240e-01   7.382218e-24   3.708284e-04   3.207472e-25   414
  4.328606e-01   7.164185e-24   1.956255e-08   4.252764e-25   312
  4.342347e-01   6.659777e-24   3.253813e-04   3.106621e-25   528
  4.351620e-01   6.002242e-24   1.707976e-04   4.546225e-25   264
  4.362761e-01   6.914909e-24   2.025191e-04   2.928817e-25   480
  4.377318e-01   6.612950e-24   0.000000e+00   4.087109e-25   288
  4.383604e-01   6.696904e-24   2.176005e-04   5.372917e-25   168
  4.395105e-01   6.298576e-24   3.444610e-04   2.808840e-25   504
  4.408036e-01   8.857917e-24   7.492773e-09   7.314723e-25   144
  4.416171e-01   6.130491e-24   2.212265e-04   2.929759e-25   464
  4.428396e-01   6.233466e-24   3.246624e-04   2.962357e-25   432
  4.434197e-01   6.009720e-24   5.619580e-09   4.738715e-25   192
  4.449189e-01   5.466843e-24   2.406833e-04   3.301874e-25   396
  4.458042e-01   5.681092e-24   2.162000e-04   3.305602e-25   288
  4.466990e-01   6.482751e-24   2.135686e-04   3.445555e-25   336
  4.481283e-01   5.690182e-24   1.352359e-04   3.919133e-25   432
  4.490354e-01   5.305564e-24   3.505126e-04   3.060220e-25   360
  4.500539e-01   5.723360e-24   2.073334e-04   2.963476e-25   384
  4.515004e-01   4.661601e-24   1.830116e-04   3.341020e-25   198
  4.521974e-01   5.319279e-24   2.080246e-04   2.116954e-25   552
  4.534970e-01   5.668327e-24   2.912202e-04   2.774555e-25   432
  4.545821e-01   5.743657e-24   0.000000e+00   4.326507e-25   168
  4.554927e-01   5.908973e-24   3.610065e-04   2.888758e-25   480
  4.566974e-01   6.423908e-24   0.000000e+00   6.901290e-25   120
  4.572396e-01   5.647240e-24   2.948545e-04   2.968880e-25   336
  4.585628e-01   4.899379e-24   2.080152e-04   1.945924e-25   672
  4.598711e-01   5.543032e-24   3.025866e-04   2.342838e-25   528
  4.604805e-01   4.889724e-24   9.082613e-09   4.291147e-25   168
  4.618883e-01   4.953429e-24   3.375333e-04   2.588754e-25   456
  4.627474e-01   5.337378e-24   2.061344e-04   4.776918e-25   168
  4.636392e-01   5.793447e-24   2.057643e-04   2.604547e-25   504
  4.651216e-01   4.468230e-24   2.647872e-04   2.291427e-25   336
  4.660180e-01   4.865164e-24   1.908802e-04   2.552726e-25   312
  4.670124e-01   4.955608e-24   1.865029e-04   2.237536e-25   504
  4.683210e-01   4.852006e-24   1.294009e-04   2.311727e-25   432
  4.689362e-01   4.861590e-24   1.999672e-04   2.840521e-25   312
  4.702151e-01   4.190674e-24   2.049761e-04   2.229229e-25   384
  4.715504e-01   5.979554e-24   1.741510e-04   6.587454e-25   126
  4.723748e-01   4.667046e-24   3.057676e-04   2.153831e-25   492
  4.734278e-01   4.885238e-24   1.958445e-04   2.355022e-25   528
  4.747438e-01   5.061152e-24   1.989360e-04   2.350983e-25   480
  4.755596e-01   4.220030e-24   2.748289e-04   2.048632e-25   432
  4.767402e-01   3.992728e-24   2.161166e-04   2.071756e-25   440
  4.781114e-01   4.212009e-24   1.074739e-04   2.970334e-25   312
  4.786259e-01   4.560368e-24   1.610586e-04   1.888839e-25   480
  4.796813e-01   4.428510e-24   3.153497e-04   2.385737e-25   408
  4.812233e-01   4.501186e-24   1.888588e-04   2.514488e-25   360
  4.818747e-01   4.819862e-24   1.822418e-04   2.568805e-25   408
  4.830820e-01   4.588978e-24   1.854542e-04   2.101235e-25   456
  4.844414e-01   4.360829e-24   1.772485e-04   2.772383e-25   264
  4.851959e-01   4.215351e-24   1.923591e-04   2.309132e-25   384
  4.862943e-01   3.621655e-24   3.238501e-04   1.501845e-25   672
  4.875640e-01   4.551532e-24   1.937042e-04   3.185425e-25   240
  4.882967e-01   4.803830e-24   1.965613e-04   2.954789e-25   264
  4.893308e-01   3.975548e-24   2.424259e-04   1.773527e-25   624
  4.908739e-01   2.871161e-24   0.000000e+00   2.379574e-25   150
  4.914232e-01   4.134488e-24   2.716574e-04   1.667436e-25   600
  4.925819e-01   4.169975e-24   1.874909e-04   1.763287e-25   672
  4.938939e-01   3.973411e-24   1.763484e-04   2.073636e-25   336
  4.946248e-01   3.828060e-24   1.918157e-04   2.111735e-25   408
  4.957926e-01   3.915637e-24   1.913639e-04   1.971636e-25   408
  4.970915e-01   4.126948e-24   9.676385e-05   2.140037e-25   360
  4.978921e-01   3.882994e-24   3.552857e-04   1.724943e-25   456
  4.988592e-01   3.937719e-24   1.932065e-04   2.185000e-25   384
  5.000902e-01   3.599125e-24   1.783541e-04   1.958211e-25   348
  5.007554e-01   3.709747e-24   2.198754e-04   1.572407e-25   576
  5.020050e-01   3.933308e-24   1.810385e-04   1.929686e-25   504
  5.032833e-01   3.624630e-24   2.553443e-04   1.677589e-25   432
  5.043991e-01   3.949073e-24   3.473946e-04   1.629562e-25   576
  5.051948e-01   3.423480e-24   0.000000e+00   2.530451e-25   264
  5.064571e-01   3.161920e-24   2.764393e-04   1.110057e-25   768
  5.075549e-01   3.646052e-24   3.721752e-04   2.589866e-25   240
  5.084277e-01   3.523141e-24   3.282233e-04   3.135126e-25   192
  5.096990e-01   3.444805e-24   2.416124e-04   1.638872e-25   504
  5.106418e-01   3.606898e-24   3.255818e-04   1.672762e-25   590
  5.115460e-01   3.509173e-24   3.647966e-04   1.867641e-25   384
  5.126798e-01   3.471275e-24   3.048625e-04   1.908688e-25   504
  5.140486e-01   3.178566e-24   2.933830e-04   1.269364e-25   648
  5.153764e-01   3.011208e-24   7.967896e-05   1.447167e-25   504
  5.159117e-01   3.122187e-24   1.817627e-04   2.108563e-25   312
  5.168569e-01   2.926399e-24   2.618753e-04   1.165246e-25   576
  5.181545e-01   3.108628e-24   1.822405e-04   2.128075e-25   240
  5.189109e-01   3.211905e-24   1.841453e-04   1.371553e-25   552
  5.199816e-01   3.171621e-24   1.729082e-04   1.320628e-25   600
  5.215067e-01   3.066257e-24   2.111937e-04   1.298708e-25   600
  5.224237e-01   3.147339e-24   3.382099e-04   1.831349e-25   312
  5.233368e-01   3.210359e-24   2.945474e-04   1.388325e-25   480
  5.244775e-01   3.105709e-24   1.837693e-04   1.433951e-25   576
  5.254818e-01   2.893745e-24   2.959085e-04   1.653099e-25   408
  5.263729e-01   2.633413e-24   3.451909e-04   2.215755e-25   216
  5.275243e-01   3.221914e-24   2.643774e-04   1.507939e-25   516
  5.287578e-01   2.958242e-24   2.522429e-04   1.137998e-25   744
  5.300304e-01   2.945705e-24   1.684760e-04   1.318982e-25   462
  5.307494e-01   2.748113e-24   1.712315e-04   1.393692e-25   432
  5.318647e-01   2.728656e-24   1.588547e-04   1.023277e-25   648
  5.331761e-01   2.511525e-24   2.324340e-04   1.074534e-25   528
  5.342295e-01   2.743983e-24   2.799086e-04   1.321674e-25   600
  5.352820e-01   3.802342e-24   3.528915e-04   3.622673e-25   240
  5.363014e-01   2.704009e-24   2.703115e-04   1.049568e-25   720
  5.374863e-01   2.708189e-24   2.138653e-04   1.219314e-25   720
  5.387997e-01   2.157217e-24   0.000000e+00   1.626802e-25   144
  5.394909e-01   2.846789e-24   2.757364e-04   1.207393e-25   720
  5.404742e-01   2.443066e-24   1.653370e-04   1.166036e-25   384
  5.417051e-01   2.716183e-24   1.832848e-04   9.875615e-26   672
  5.428730e-01   2.799812e-24   3.209115e-04   1.895048e-25   336
  5.434308e-01   2.136182e-24   0.000000e+00   1.263531e-25   288
  5.447967e-01   2.511432e-24   2.539800e-04   9.704971e-26   776
  5.460612e-01   2.516926e-24   2.173184e-04   9.590612e-26   720
  5.471231e-01   2.363199e-24   1.750659e-04   1.206619e-25   432
  5.479725e-01   2.376359e-24   2.495786e-04   1.113731e-25   504
  5.489174e-01   2.770313e-24   1.748652e-04   1.413383e-25   528
  5.502396e-01   2.689583e-24   2.382437e-04   1.299910e-25   438
  5.513273e-01   2.460259e-24   2.772938e-04   9.902546e-26   624
  5.521470e-01   2.543954e-24   3.396475e-04   1.556779e-25   312
  5.532738e-01   2.735028e-24   1.829935e-04   1.234149e-25   696
  5.544390e-01   2.375268e-24   1.655760e-04   1.015558e-25   552
  5.556509e-01   2.165723e-24   1.281006e-04   9.289709e-26   516
  5.564006e-01   2.405411e-24   2.558713e-04   1.152849e-25   528
  5.573133e-01   2.083086e-24   1.664001e-04   9.754427e-26   528
  5.586097e-01   2.185416e-24   2.194479e-04   7.616652e-26   864
  5.594897e-01   2.245914e-24   3.005985e-04   1.263458e-25   408
  5.603706e-01   2.398925e-24   2.978186e-04   1.958648e-25   192
  5.616191e-01   2.011540e-24   2.464592e-04   8.644106e-26   720
  5.626731e-01   2.542699e-24   2.272475e-04   1.070497e-25   696
  5.639255e-01   2.147284e-24   2.454294e-04   9.269645e-26   720
  5.650713e-01   2.388228e-24   3.326501e-04   1.313883e-25   432
  5.657395e-01   2.232009e-24   1.958109e-04   1.307322e-25   264
  5.669418e-01   2.116823e-24   2.704061e-04   1.101890e-25   672
  5.680171e-01   2.064542e-24   2.768544e-04   1.003213e-25   600
  5.692933e-01   1.999151e-24   1.620980e-04   1.267213e-25   270
  5.699366e-01   1.903949e-24   2.440026e-04   8.387384e-26   528
  5.709591e-01   2.400594e-24   1.670843e-04   8.846890e-26   840
  5.723613e-01   2.400614e-24   3.194952e-04   8.985345e-26   888
  5.736568e-01   2.064830e-24   2.380474e-04   8.733514e-26   744
  5.747517e-01   2.258288e-24   1.223216e-04   1.134583e-25   456
  5.752963e-01   2.569645e-24   1.671601e-04   1.491698e-25   360
  5.762282e-01   1.950796e-24   1.448348e-04   1.023369e-25   384
  5.776580e-01   2.275747e-24   2.323137e-04   9.289557e-26   816
  5.787308e-01   2.072792e-24   3.370546e-04   9.008087e-26   824
  5.800348e-01   1.818548e-24   1.566791e-04   9.850828e-26   360
  5.807331e-01   2.099498e-24   2.311994e-04   9.283214e-26   624
  5.816941e-01   1.981510e-24   1.562320e-04   1.158548e-25   360
  5.829744e-01   1.986657e-24   2.125215e-04   8.109049e-26   876
  5.841306e-01   2.046350e-24   2.524119e-04   8.576020e-26   696
  5.852967e-01   1.685369e-24   1.629911e-04   1.023399e-25   336
  5.859080e-01   2.023061e-24   1.628079e-04   1.048243e-25   504
  5.869176e-01   1.667032e-24   1.642187e-04   6.113775e-26   672
  5.884155e-01   1.915379e-24   3.269213e-04   7.489159e-26   720
  5.894543e-01   2.115813e-24   2.469541e-04   8.978174e-26   774
  5.906010e-01   2.103101e-24   1.413501e-04   1.610687e-25   384
  5.912015e-01   2.090043e-24   2.720183e-04   1.195290e-25   528
  5.921335e-01   2.176006e-24   2.592486e-04   1.037952e-25   744
  5.936327e-01   1.788980e-24   2.138251e-04   7.042223e-26   768
  5.946281e-01   1.731805e-24   2.400348e-04   8.504330e-26   552
  5.958700e-01   1.594448e-24   2.616108e-04   6.552577e-26   696
  5.967938e-01   1.995912e-24   3.179026e-04   1.333647e-25   408
  5.975272e-01   2.056016e-24   1.373364e-04   1.093890e-25   504
  5.986899e-01   1.818534e-24   2.467198e-04   6.924203e-26   888
  5.998339e-01   1.812407e-24   2.564132e-04   7.746736e-26   648
  6.010230e-01   1.862765e-24   2.542153e-04   8.103716e-26   648
  6.021418e-01   1.755829e-24   2.741064e-04   6.663199e-26   792
  6.033268e-01   1.676110e-24   4.010364e-04   7.127776e-26   600
  6.042000e-01   1.492056e-24   2.717856e-04   7.457709e-26   456
  6.051191e-01   2.147211e-24   1.324567e-04   1.130190e-25   648
  6.062996e-01   1.671023e-24   2.583099e-04   6.149636e-26   936
  6.075741e-01   2.060340e-24   1.586356e-04   1.063893e-25   384
  6.086836e-01   1.445383e-24   1.334798e-08   1.021716e-25   198
  6.095398e-01   1.826681e-24   4.024720e-04   6.615867e-26   1224
  6.104634e-01   2.154594e-24   2.931235e-04   1.270998e-25   420
  6.115558e-01   1.874576e-24   2.836822e-04   7.161179e-26   792
  6.126238e-01   1.823028e-24   2.345810e-04   8.252168e-26   680
  6.138428e-01   2.060245e-24   2.154033e-04   1.098184e-25   600
  6.148235e-01   1.895303e-24   3.123938e-04   7.884223e-26   840
  6.161330e-01   1.746829e-24   1.474979e-04   9.779331e-26   432
  6.166334e-01   1.883265e-24   1.382249e-04   9.526990e-26   720
  6.177213e-01   1.743939e-24   2.768404e-04   6.029650e-26   960
  6.190745e-01   1.647980e-24   2.467829e-04   7.278319e-26   528
  6.200634e-01   1.641574e-24   2.522592e-04   7.113798e-26   624
  6.212404e-01   1.814000e-24   1.982740e-04   6.457483e-26   816
  6.224086e-01   1.652234e-24   3.260658e-04   7.706887e-26   696
  6.236996e-01   1.425344e-24   2.202416e-08   1.077575e-25   240
  6.241851e-01   1.567373e-24   1.922888e-04   7.074468e-26   672
  6.252686e-01   1.633561e-24   3.436476e-04   7.088117e-26   864
  6.264840e-01   1.501385e-24   2.636938e-04   6.013444e-26   816
  6.275795e-01   1.651453e-24   1.509292e-04   7.104887e-26   648
  6.287594e-01   1.870826e-24   1.542771e-04   7.252661e-26   843
  6.297611e-01   1.550048e-24   2.775825e-04   6.571269e-26   780
  6.309548e-01   1.619062e-24   1.489456e-04   1.562849e-25   216
  6.316911e-01   1.563933e-24   3.591661e-04   5.607753e-26   1056
  6.328235e-01   1.521203e-24   2.938382e-04   9.718146e-26   228
  6.338720e-01   1.544327e-24   3.658358e-04   5.740795e-26   924
  6.349484e-01   1.745913e-24   1.357046e-04   7.384854e-26   696
  6.360882e-01   1.399496e-24   2.415153e-04   5.545297e-26   996
  6.372543e-01   1.584331e-24   1.425858e-04   8.196741e-26   576
  6.384675e-01   1.648113e-24   2.200718e-04   8.332067e-26   552
  6.393519e-01   1.603899e-24   2.627580e-04   8.059343e-26   516
  6.402494e-01   1.751296e-24   3.821047e-04   6.595072e-26   744
  6.412749e-01   1.311309e-24   1.874451e-04   5.763243e-26   576
  6.421669e-01   1.509583e-24   1.929285e-04   6.366545e-26   792
  6.434346e-01   1.558985e-24   2.205530e-04   6.219067e-26   792
  6.443636e-01   1.687633e-24   2.378641e-04   8.779406e-26   720
  6.456200e-01   1.525824e-24   2.711104e-04   6.898364e-26   656
  6.467974e-01   1.341035e-24   2.960385e-04   4.996139e-26   816
  6.480043e-01   1.350534e-24   1.596190e-04   7.217088e-26   492
  6.486903e-01   1.553423e-24   2.296231e-04   7.915018e-26   552
  6.499778e-01   1.348410e-24   3.992867e-04   5.913396e-26   780
  6.508139e-01   1.401678e-24   2.452771e-04   6.039314e-26   528
  6.517148e-01   1.306027e-24   2.863130e-04   6.043879e-26   600
  6.530425e-01   1.609563e-24   2.379487e-04   6.062524e-26   900
  6.539577e-01   1.423018e-24   1.317325e-04   7.049468e-26   696
  6.552168e-01   1.455688e-24   3.330907e-04   7.248577e-26   696
  6.564349e-01   1.388986e-24   1.351317e-04   6.594766e-26   552
  6.574592e-01   1.230413e-24   1.571457e-04   5.976111e-26   708
  6.585322e-01   1.270289e-24   2.594565e-04   4.682651e-26   876
  6.596487e-01   1.281386e-24   1.377663e-04   9.073806e-26   216
  6.603980e-01   1.330495e-24   3.768094e-04   4.665732e-26   1032
  6.615201e-01   1.137736e-24   4.195357e-04   5.209488e-26   600
  6.626848e-01   1.210947e-24   2.001869e-04   5.989956e-26   600
  6.635732e-01   1.390139e-24   3.535112e-04   7.532054e-26   528
  6.646233e-01   1.257207e-24   1.940622e-04   6.775861e-26   732
  6.657296e-01   1.195794e-24   1.432973e-04   7.982725e-26   336
  6.670031e-01   1.402528e-24   2.042271e-04   5.322515e-26   912
  6.679548e-01   1.176150e-24   2.049821e-04   5.272463e-26   624
  6.689946e-01   1.137687e-24   1.727341e-04   4.395453e-26   768
  6.702082e-01   1.205961e-24   3.116463e-04   5.045534e-26   792
  6.713995e-01   1.202370e-24   1.545014e-04   5.163832e-26   660
  6.722471e-01   1.244404e-24   2.276826e-04   6.497847e-26   504
  6.731238e-01   1.131932e-24   3.719898e-04   5.776327e-26   480
  6.744376e-01   1.073359e-24   3.440421e-04   3.844687e-26   912
  6.754664e-01   1.089236e-24   3.831443e-04   5.859116e-26   432
  6.764380e-01   1.165572e-24   2.275021e-04   5.308904e-26   564
  6.773006e-01   1.220907e-24   2.177508e-04   5.664099e-26   600
  6.785149e-01   1.237186e-24   3.035240e-04   5.082291e-26   876
  6.794272e-01   1.225155e-24   1.364735e-04   7.358834e-26   264
  6.806846e-01   1.112895e-24   2.648123e-04   5.517552e-26   560
  6.816953e-01   1.112065e-24   1.799457e-04   4.166303e-26   840
  6.829222e-01   1.014254e-24   2.774244e-04   3.445225e-26   1008
  6.840568e-01   9.489049e-25   1.241010e-04   4.483638e-26   456
  6.850930e-01   1.178511e-24   1.607553e-04   5.597227e-26   576
  6.860509e-01   1.087373e-24   2.470177e-04   4.787237e-26   612
  6.873140e-01   1.143254e-24   2.206269e-04   5.120549e-26   780
  6.883444e-01   1.028490e-24   2.528284e-04   4.580631e-26   648
  6.893992e-01   1.010307e-24   1.178213e-04   4.504847e-26   312
  6.900734e-01   9.552097e-25   2.993645e-04   4.833022e-26   528
  6.912414e-01   9.044013e-25   3.909551e-04   3.404637e-26   720
  6.923583e-01   9.691721e-25   3.921794e-04   5.000298e-26   576
  6.937124e-01   9.059680e-25   3.383053e-04   4.211343e-26   444
  6.945549e-01   1.060360e-24   3.317685e-04   3.750091e-26   996
  6.955874e-01   9.758143e-25   2.771265e-04   5.400764e-26   432
  6.965633e-01   1.185288e-24   3.033990e-04   6.012763e-26   504
  6.974062e-01   8.243859e-25   1.367883e-04   3.795336e-26   504
  6.986065e-01   9.999343e-25   2.692009e-04   3.468850e-26   876
  6.996926e-01   8.558942e-25   3.098246e-04   4.308367e-26   504
  7.008236e-01   8.788984e-25   1.975899e-04   3.878661e-26   696
  7.017583e-01   9.724586e-25   1.689187e-04   4.244171e-26   492
  7.030300e-01   9.166401e-25   2.418152e-04   4.852711e-26   432
  7.039719e-01   9.711328e-25   2.264335e-04   4.054988e-26   768
  7.050885e-01   8.540916e-25   2.820533e-04   3.903161e-26   648
  7.061547e-01   8.526321e-25   1.840095e-04   5.397619e-26   456
  7.073798e-01   7.850842e-25   2.530430e-04   3.578877e-26   552
  7.082306e-01   8.785898e-25   1.734358e-04   4.133015e-26   648
  7.094016e-01   9.004708e-25   2.826907e-04   3.550659e-26   840
  7.105454e-01   9.861162e-25   1.348092e-04   4.824713e-26   432
  7.116906e-01   8.107854e-25   1.651183e-04   3.265662e-26   600
  7.124870e-01   9.792493e-25   1.759227e-04   5.065188e-26   432
  7.138248e-01   9.450595e-25   1.751482e-04   3.991715e-26   560
  7.147308e-01   7.440042e-25   2.772412e-04   2.730738e-26   840
  7.158652e-01   7.313848e-25   1.642140e-04   3.048010e-26   504
  7.167662e-01   7.700930e-25   3.351509e-04   3.095482e-26   696
  7.180362e-01   1.001059e-24   1.830475e-04   5.828931e-26   384
  7.190254e-01   7.541544e-25   2.681431e-04   3.395836e-26   576
  7.202219e-01   8.013142e-25   1.654845e-04   4.395402e-26   360
  7.211864e-01   9.343678e-25   2.464465e-04   3.550957e-26   828
  7.222268e-01   7.834032e-25   2.195064e-04   4.841092e-26   372
  7.231800e-01   7.886437e-25   3.352284e-04   3.568800e-26   576
  7.244428e-01   8.475753e-25   1.403933e-04   3.257936e-26   636
  7.253425e-01   8.325319e-25   2.706420e-04   3.766956e-26   648
  7.265596e-01   7.786165e-25   2.200024e-04   3.467582e-26   576
  7.274333e-01   7.708937e-25   3.548870e-04   3.775165e-26   528
  7.285953e-01   7.119366e-25   1.517289e-04   4.178173e-26   360
  7.295571e-01   7.958140e-25   3.490332e-04   3.051800e-26   672
  7.308130e-01   7.901725e-25   1.787806e-04   3.069540e-26   804
  7.318582e-01   8.423979e-25   1.972163e-04   4.371297e-26   408
  7.330145e-01   8.001736e-25   1.219011e-04   4.739347e-26   384
  7.337931e-01   6.891263e-25   2.789567e-04   3.997510e-26   480
  7.348913e-01   6.772149e-25   1.802469e-04   3.356792e-26   432
  7.359446e-01   8.238213e-25   3.321566e-04   3.227718e-26   648
  7.371913e-01   7.897764e-25   2.061016e-04   3.606107e-26   624
  7.381033e-01   7.059092e-25   1.874668e-04   3.171482e-26   456
  7.393486e-01   6.730572e-25   2.560963e-04   3.108002e-26   588
  7.401831e-01   6.649092e-25   1.633884e-04   2.866561e-26   600
  7.414016e-01   8.464903e-25   2.548458e-04   4.098941e-26   708
  7.423640e-01   9.490648e-25   1.605479e-04   5.520075e-26   360
  7.434275e-01   8.161331e-25   1.845541e-04   4.024579e-26   552
  7.444470e-01   6.903842e-25   1.294691e-04   4.363803e-26   288
  7.454820e-01   8.300672e-25   2.434372e-04   4.022494e-26   528
  7.464545e-01   7.613274e-25   1.642340e-04   3.439388e-26   456
  7.475410e-01   7.084344e-25   2.912225e-04   3.009692e-26   608
  7.486338e-01   6.968855e-25   1.408967e-04   3.561389e-26   504
  7.498278e-01   5.732047e-25   3.024972e-04   2.722131e-26   540
  7.507642e-01   7.609444e-25   3.247222e-04   5.022576e-26   360
  7.517735e-01   7.832097e-25   1.470509e-04   3.758214e-26   540
  7.526661e-01   6.999422e-25   1.262606e-04   3.188627e-26   576
  7.539642e-01   7.123656e-25   2.927555e-04   3.371234e-26   588
  7.551985e-01   6.775960e-25   4.039143e-04   2.934867e-26   672
  7.562588e-01   6.679818e-25   3.087151e-04   2.815722e-26   552
  7.571135e-01   6.883860e-25   3.088712e-04   5.890926e-26   144
  7.582042e-01   7.421024e-25   2.624178e-04   3.287198e-26   600
  7.592383e-01   6.800587e-25   3.288668e-04   4.253782e-26   504
  7.603860e-01   6.697495e-25   3.378126e-04   3.919257e-26   336
  7.615932e-01   6.135069e-25   3.797028e-04   2.427625e-26   600
  7.626744e-01   5.490234e-25   2.450478e-04   2.388030e-26   636
  7.638413e-01   6.915997e-25   1.970206e-04   4.020606e-26   384
  7.646595e-01   7.383480e-25   2.748205e-04   3.444055e-26   504
  7.658387e-01   6.521848e-25   1.153383e-04   4.383259e-26   240
  7.667694e-01   6.580534e-25   2.709461e-04   2.653736e-26   744
  7.678860e-01   6.103184e-25   1.850150e-04   2.701355e-26   648
  7.688783e-01   1.124505e-24   1.228185e-04   1.075556e-25   120
  7.700414e-01   6.314596e-25   1.929319e-04   2.606933e-26   564
  7.709202e-01   7.365216e-25   3.030111e-04   4.108079e-26   432
  7.720932e-01   6.368304e-25   2.351965e-04   3.422326e-26   480
  7.729764e-01   5.466976e-25   1.731106e-04   2.796321e-26   456
  7.740189e-01   6.983577e-25   2.864725e-04   3.285169e-26   444
  7.752020e-01   5.875094e-25   4.383180e-04   3.281615e-26   528
  7.762412e-01   7.010171e-25   3.255297e-04   4.681735e-26   264
  7.772498e-01   5.724929e-25   3.336195e-04   3.315836e-26   444
  7.786065e-01   6.606032e-25   3.654311e-04   2.798574e-26   696
  7.797327e-01   6.482650e-25   1.954448e-04   3.651164e-26   384
  7.805563e-01   5.739824e-25   2.469609e-04   2.800313e-26   432
  7.818373e-01   6.368129e-25   1.706384e-04   3.707055e-26   488
  7.826690e-01   6.066120e-25   2.571733e-04   3.217045e-26   480
  7.838749e-01   6.216072e-25   2.868014e-04   3.201003e-26   480
  7.848089e-01   6.021513e-25   1.203331e-04   3.817607e-26   240
  7.858692e-01   5.881075e-25   2.810886e-04   2.663567e-26   600
  7.868694e-01   5.116881e-25   2.449399e-04   3.436886e-26   288
  7.879343e-01   6.155313e-25   2.356143e-04   2.955665e-26   480
  7.890129e-01   6.285488e-25   4.191157e-04   3.020861e-26   504
  7.900748e-01   5.814027e-25   1.798267e-04   4.079937e-26   216
  7.914291e-01   6.294356e-25   2.944050e-04   3.164623e-26   504
  7.924838e-01   5.837177e-25   2.367912e-04   3.067249e-26   456
  7.936384e-01   5.987497e-25   1.358038e-04   3.068368e-26   384
  7.944031e-01   6.296656e-25   2.756326e-04   3.398463e-26   480
  7.954897e-01   5.446075e-25   2.420363e-04   2.809147e-26   504
  7.964966e-01   6.754640e-25   1.535327e-04   4.626322e-26   312
  7.975815e-01   5.105095e-25   2.474127e-04   2.614445e-26   492
  7.985417e-01   6.719248e-25   2.318919e-04   5.137733e-26   312
  7.997779e-01   5.566888e-25   3.766899e-04   2.512523e-26   576
  8.008661e-01   5.591578e-25   3.477153e-04   3.250606e-26   336
  8.017699e-01   4.222325e-25   2.677247e-04   3.207510e-26   240
  8.030228e-01   5.791641e-25   3.549351e-04   3.110368e-26   468
  8.041047e-01   4.954403e-25   2.222407e-04   4.461368e-26   192
  8.052370e-01   5.018496e-25   2.229031e-04   3.151382e-26   324
  8.060669e-01   5.316924e-25   1.617794e-04   2.657847e-26   600
  8.071978e-01   5.724802e-25   2.624704e-04   2.988706e-26   456
  8.080377e-01   6.789382e-25   1.180592e-04   4.625434e-26   336
  8.094297e-01   6.397309e-25   3.535027e-04   3.266198e-26   612
  8.104424e-01   5.636902e-25   2.966749e-04   6.073128e-26   144
  8.114002e-01   6.794057e-25   3.462957e-04   3.681287e-26   552
  8.127025e-01   4.510423e-25   1.363755e-04   2.767427e-26   264
  8.134384e-01   6.119232e-25   3.157441e-04   3.925403e-26   336
  8.145992e-01   4.895881e-25   2.086329e-04   2.480187e-26   384
  8.156059e-01   5.290369e-25   1.174397e-04   3.690609e-26   216
  8.167203e-01   5.380901e-25   2.489964e-04   3.246550e-26   344
  8.177364e-01   4.877790e-25   3.715143e-04   3.144065e-26   408
  8.189746e-01   5.127706e-25   2.854845e-04   3.280235e-26   264
  8.200718e-01   6.036077e-25   3.979796e-04   2.959102e-26   612
  8.211681e-01   6.041723e-25   2.048307e-04   3.391804e-26   408
  8.222956e-01   4.928664e-25   2.051251e-04   3.085635e-26   444
  8.231239e-01   7.842953e-25   1.147249e-04   7.014809e-26   120
  8.242338e-01   5.820734e-25   3.169640e-04   4.066932e-26   336
  8.250576e-01   4.447954e-25   1.101437e-04   3.062648e-26   288
  8.261708e-01   5.029088e-25   3.427692e-04   2.142284e-26   552
  8.277012e-01   6.405638e-25   1.835347e-08   7.274593e-26   72
  8.284882e-01   4.790174e-25   3.404572e-04   2.283979e-26   504
  8.294074e-01   3.556982e-25   1.095558e-04   2.431662e-26   216
  8.305983e-01   4.431259e-25   1.956043e-04   2.972492e-26   312
  8.316675e-01   3.882012e-25   2.227263e-04   2.195642e-26   336
  8.326865e-01   5.226676e-25   3.087236e-04   6.321048e-26   204
  8.337014e-01   6.296162e-25   3.587838e-04   3.357203e-26   504
  8.347777e-01   6.260911e-25   3.416652e-04   3.364457e-26   396
  8.358127e-01   5.401391e-25   3.133249e-04   3.552282e-26   312
  8.370674e-01   6.604488e-25   1.914750e-04   4.966860e-26   216
  8.379516e-01   5.546494e-25   1.039172e-04   5.734125e-26   168
  8.390260e-01   5.184060e-25   2.623966e-04   2.410775e-26   588
  8.402521e-01   4.642329e-25   3.561727e-04   3.988596e-26   240
  8.412047e-01   3.823684e-25   3.145601e-04   2.459522e-26   264
  8.423219e-01   4.373658e-25   3.890183e-04   2.634447e-26   288
  8.433131e-01   3.991910e-25   1.942596e-04   2.541998e-26   288
  8.445693e-01   4.538633e-25   1.824406e-04   2.965047e-26   288
  8.454153e-01   3.907577e-25   2.113423e-04   2.989699e-26   192
  8.464795e-01   3.511199e-25   2.248894e-04   2.585568e-26   264
  8.474933e-01   7.116450e-25   3.699119e-04   4.269663e-26   372
  8.485844e-01   6.499351e-25   3.995208e-04   4.498221e-26   360
  8.499161e-01   6.979270e-25   1.690810e-04   8.057667e-26   144
  8.506044e-01   4.334783e-25   2.348461e-04   2.855823e-26   296
  8.516909e-01   5.225321e-25   2.530345e-04   3.236560e-26   288
  8.529347e-01   4.489230e-25   3.781537e-04   2.209894e-26   480
  8.540076e-01   4.526833e-25   3.142096e-04   4.283335e-26   192
  8.550509e-01   4.264986e-25   3.370327e-04   3.110420e-26   192
  8.559992e-01   3.400448e-25   2.147949e-04   1.875056e-26   288
  8.573180e-01   3.452495e-25   1.869760e-04   3.520433e-26   108
  8.579823e-01   5.083433e-25   1.797545e-04   3.094450e-26   240
  8.591554e-01   3.633857e-25   3.353363e-04   2.662297e-26   384
  8.603605e-01   5.107609e-25   4.090723e-04   5.464012e-26   108
  8.614261e-01   7.046706e-25   2.398466e-04   5.137013e-26   348
  8.625466e-01   5.663487e-25   2.503134e-04   5.024123e-26   312
  8.635474e-01   4.636846e-25   2.432319e-04   6.572369e-26   96
  8.644677e-01   4.697802e-25   3.238194e-04   3.306495e-26   384
  8.654984e-01   3.798350e-25   2.227222e-04   3.521010e-26   144
  8.665066e-01   4.804951e-25   3.422225e-04   3.357434e-26   408
  8.677598e-01   3.076562e-25   1.526554e-04   2.475497e-26   144
  8.689437e-01   5.488369e-25   2.934816e-04   6.247394e-26   192
  8.696459e-01   4.352989e-25   3.303190e-04   3.420497e-26   144
  8.707904e-01   4.690402e-25   2.685615e-04   3.967734e-26   144
  8.718702e-01   4.211267e-25   3.282257e-04   2.209758e-26   336
  8.731927e-01   3.109929e-25   2.428454e-04   1.890442e-26   240
  8.740312e-01   3.638553e-25   1.102739e-04   4.287346e-26   96
  8.752007e-01   5.307988e-25   3.233803e-04   3.448631e-26   372
  8.763838e-01   4.078498e-25   3.846540e-04   4.979041e-26   132
  8.774230e-01   3.148913e-25   2.380193e-04   2.333755e-26   264
  8.783527e-01   4.988679e-25   1.827880e-04   4.619040e-26   168
  8.793449e-01   3.865755e-25   2.922429e-04   3.227521e-26   216
  8.802213e-01   4.037869e-25   1.787978e-04   3.218388e-26   216
  8.814979e-01   2.166045e-25   3.280196e-04   2.163398e-26   96
  8.826561e-01   3.946666e-25   2.140028e-04   3.669398e-26   120
  8.837183e-01   3.369535e-25   2.720578e-04   2.704712e-26   216
  8.845934e-01   2.460771e-25   1.188902e-04   1.824660e-26   200
  8.857519e-01   3.893108e-25   3.077557e-04   3.304784e-26   288
  8.872378e-01   2.474481e-25   8.097649e-05   1.995177e-26   144
  8.878635e-01   3.630613e-25   2.519939e-04   3.051628e-26   168
  8.891412e-01   3.982664e-25   2.835956e-04   3.543986e-26   159
  8.901386e-01   3.508992e-25   2.975600e-04   2.831989e-26   174
  8.911039e-01   3.099615e-25   2.698170e-04   2.502493e-26   144
  8.923678e-01   4.081218e-25   1.557998e-04   2.896281e-26   222
  8.932131e-01   2.993263e-25   1.572158e-04   2.383221e-26   168
  8.946732e-01   6.781173e-25   3.448346e-04   9.843151e-26   30
  8.952763e-01   2.145589e-25   3.044637e-04   2.779602e-26   72
  8.964123e-01   3.871680e-25   2.717302e-04   3.161496e-26   258
  8.976612e-01   2.631602e-25   1.701916e-04   1.707541e-26   264
  8.982857e-01   3.392390e-25   0.000000e+00   5.582906e-26   72
  8.995871e-01   2.477210e-25   3.373270e-04   1.832193e-26   174
  9.007654e-01   3.003457e-25   3.591909e-04   2.563403e-26   168
  9.017127e-01   2.190595e-25   1.123916e-08   2.100754e-26   48
  9.027297e-01   2.449527e-25   2.028435e-04   1.729309e-26   150
  9.039088e-01   3.805987e-25   3.731453e-04   3.095454e-26   168
  9.050911e-01   2.875994e-25   2.273028e-04   2.073683e-26   144
  9.061784e-01   2.721134e-25   2.123525e-04   2.539010e-26   102
  9.069882e-01   2.440192e-25   3.143182e-04   2.127950e-26   96
  9.082731e-01   2.650632e-25   3.119397e-04   2.040714e-26   120
  9.092246e-01   2.860048e-25   3.345635e-04   2.107790e-26   168
  9.102538e-01   3.884622e-25   2.470487e-04   3.253524e-26   126
  9.111308e-01   3.334774e-25   1.863241e-04   3.143638e-26   168
  9.123389e-01   2.159903e-25   2.987709e-04   2.391388e-26   72
  9.133947e-01   2.842796e-25   3.741278e-04   2.068115e-26   168
  9.143196e-01   2.972235e-25   1.025668e-04   3.091101e-26   78
  9.155870e-01   2.384659e-25   1.684070e-04   3.755176e-26   60
  9.166075e-01   4.927463e-25   2.731835e-04   4.466624e-26   96
  9.176659e-01   2.589305e-25   3.314854e-04   2.115240e-26   168
  9.186605e-01   2.639947e-25   2.097511e-04   2.961697e-26   86
  9.197042e-01   2.111109e-25   1.874678e-04   1.694488e-26   120
  9.212002e-01   2.890407e-25   1.336894e-04   2.456582e-26   168
  9.220069e-01   1.736881e-25   0.000000e+00   2.577158e-26   48
  9.230934e-01   2.698372e-25   2.435676e-04   2.615197e-26   120
  9.237177e-01   2.662572e-25   1.776924e-04   2.771453e-26   126
  9.252418e-01   3.245097e-25   3.125113e-04   3.336359e-26   96
  9.262310e-01   2.659170e-25   9.011285e-05   3.205301e-26   96
  9.270111e-01   2.170380e-25   0.000000e+00   2.127278e-26   72
  9.286731e-01   2.596230e-25   1.123916e-08   2.999020e-26   24
  9.297104e-01   2.338210e-25   1.854501e-04   1.589453e-26   120
  9.305196e-01   2.732270e-25   2.705147e-04   2.310691e-26   126
  9.314194e-01   2.933580e-25   2.255107e-04   2.435979e-26   96
  9.324708e-01   2.683356e-25   3.897482e-04   3.249117e-26   72
  9.336415e-01   2.536495e-25   1.685792e-04   2.002385e-26   144
  9.346046e-01   1.777779e-25   9.723254e-05   2.087360e-26   72
  9.355666e-01   2.536554e-25   1.942081e-04   4.273700e-26   54
  9.364132e-01   2.980957e-25   1.711436e-04   2.530915e-26   108
  9.381728e-01   3.575776e-25   1.677650e-04   2.766145e-26   72
  9.387206e-01   3.001904e-25   9.680617e-05   3.755210e-26   72
  9.400202e-01   2.570458e-25   1.946680e-08   3.904861e-26   24
  9.412498e-01   2.979669e-25   2.047976e-04   4.157994e-26   48
  9.419964e-01   2.530647e-25   1.560029e-04   2.044439e-26   102
  9.431203e-01   2.810209e-25   3.528137e-04   2.395496e-26   168
  9.445889e-01   2.040409e-25   1.924163e-04   2.411206e-26   72
  9.451330e-01   3.868557e-25   0.000000e+00   4.638622e-26   48
  9.462744e-01   2.593955e-25   3.309678e-04   1.975020e-26   120
  9.477807e-01   2.403750e-25   2.033864e-04   2.494657e-26   96
  9.492033e-01   3.726637e-25   2.202416e-08   5.588227e-26   30
  9.508942e-01   2.963106e-25   9.555995e-05   2.989835e-26   72
  9.516372e-01   3.338723e-25   1.123916e-08   5.883645e-26   24
  9.525916e-01   2.286116e-25   1.416435e-04   3.291166e-26   56
  9.536606e-01   2.099691e-25   2.021324e-04   1.781170e-26   96
  9.549399e-01   2.372650e-25   2.232036e-04   2.257820e-26   144
  9.559263e-01   2.096032e-25   1.267263e-04   2.464528e-26   54
  9.573592e-01   2.154474e-25   1.898493e-04   1.891653e-26   108
  9.588012e-01   3.540791e-25   1.005243e-04   4.402603e-26   48
  9.601739e-01   1.801826e-25   3.785063e-04   2.031678e-26   72
  9.634680e-01   2.562036e-25   2.500803e-04   3.144718e-26   78
  9.643808e-01   1.930295e-25   1.884669e-04   2.365008e-26   72
  9.654462e-01   2.287289e-25   1.882329e-04   2.347359e-26   72
  9.665603e-01   2.509497e-25   4.542266e-04   2.407466e-26   96
  9.674408e-01   3.129561e-25   1.878449e-04   3.308705e-26   72
  9.685029e-01   2.280247e-25   0.000000e+00   4.573617e-26   24
  9.695638e-01   2.128945e-25   3.748416e-04   2.501460e-26   72
  9.719599e-01   1.666868e-25   2.380359e-04   3.287148e-26   30
  9.724755e-01   3.420081e-25   0.000000e+00   8.835341e-26   24
  9.752466e-01   2.284224e-25   1.976584e-04   3.023925e-26   48
  9.761159e-01   2.417557e-25   4.253608e-04   2.008779e-26   120
  9.772870e-01   2.750231e-25   1.859776e-04   2.811757e-26   72
  9.784697e-01   2.144713e-25   1.857528e-04   2.477038e-26   36
  9.792826e-01   2.514933e-25   3.671339e-04   2.500071e-26   78
  9.815513e-01   2.163021e-25   1.963888e-04   2.996030e-26   48
  9.844928e-01   2.869755e-25   1.589457e-08   6.114400e-26   24
  9.865884e-01   2.311756e-25   1.367612e-04   3.620069e-26   56
  9.876436e-01   2.232015e-25   2.104496e-04   2.189721e-26   102
  9.889860e-01   2.668009e-25   1.498555e-08   3.151331e-26   72
  9.897653e-01   1.437820e-25   0.000000e+00   2.541010e-26   24
  9.911277e-01   3.347783e-25   1.944913e-04   4.767474e-26   48
  9.936528e-01   1.553403e-25   0.000000e+00   3.860862e-26   24
  9.967520e-01   3.404078e-25   0.000000e+00   1.041844e-25   6
  9.977185e-01   1.765190e-25   0.000000e+00   3.395927e-26   24
  9.983623e-01   2.121517e-25   1.820511e-04   2.354135e-26   72
  9.995384e-01   2.366064e-25   3.396336e-04   2.236527e-26   84
  1.000805e+00   2.504020e-25   0.000000e+00   4.695305e-26   24
  1.001190e+00   2.782384e-25   1.589457e-08   4.964384e-26   24
  1.003114e+00   2.694516e-25   1.123916e-08   5.130720e-26   24
  1.005800e+00   2.289794e-25   0.000000e+00   1.308866e-26   6
  1.009244e+00   2.420874e-25   1.910001e-04   2.889906e-26   48
  1.010072e+00   2.647264e-25   3.598129e-04   2.708003e-26   72
  1.011152e+00   2.045756e-25   1.906396e-04   2.548563e-26   48
  1.012867e+00   2.455238e-25   0.000000e+00   4.602754e-26   24
  1.015148e+00   1.940428e-25   1.123916e-08   4.567317e-26   6
  1.020262e+00   1.666351e-25   0.000000e+00   4.091928e-26   8
  1.020640e+00   2.808565e-25   1.123916e-08   3.691961e-26   48
  1.021546e+00   3.146842e-25   1.848806e-04   4.521060e-26   60
  1.022904e+00   2.102442e-25   0.000000e+00   3.025499e-26   24
  1.024787e+00   2.069633e-25   0.000000e+00   4.809043e-26   6
  1.031723e+00   3.020483e-25   0.000000e+00   5.589026e-26   24
  1.032283e+00   2.911410e-25   1.867372e-04   4.812279e-26   48
  1.033217e+00   1.905735e-25   0.000000e+00   2.715970e-26   24
  1.034708e+00   4.034850e-25   1.123916e-08   1.015352e-25   6
  1.043181e+00   2.279084e-25   1.742080e-04   4.091230e-26   36
  1.043797e+00   2.357386e-25   0.000000e+00   5.514812e-26   24
  1.044904e+00   1.437823e-25   0.000000e+00   6.783107e-26   6
  1.054545e+00   2.703258e-25   1.583190e-04   3.952030e-26   32
  1.055367e+00   3.254866e-25   1.123916e-08   1.251417e-25   6
  1.065728e+00   3.126134e-25   0.000000e+00   1.192746e-25   12
  1.066089e+00   3.492135e-25   0.000000e+00   1.258955e-25   6
  1.077063e+00   4.618518e-25   1.589457e-08   1.231644e-25   6
