# power spectrum of chi
# redshift z=30.000000
# k              Pk             sigma(k)       sigma(Pk)      count
  1.963495e-02   8.608086e-20   0.000000e+00   2.944160e-20   6
  2.776802e-02   1.368844e-19   0.000000e+00   3.723264e-20   12
  3.400874e-02   8.132321e-20   3.725290e-10   1.609025e-20   8
  3.926991e-02   6.358578e-20   0.000000e+00   2.095982e-20   6
  4.390509e-02   8.063084e-20   0.000000e+00   2.009448e-20   24
  4.809562e-02   6.849813e-20   7.024475e-10   1.125249e-20   24
  5.553604e-02   3.386069e-20   0.000000e+00   1.256169e-20   12
  5.890486e-02   3.907111e-20   7.947286e-10   6.029632e-21   30
  6.209118e-02   2.374092e-20   0.000000e+00   3.632726e-21   24
  6.512178e-02   1.627417e-20   1.216675e-09   4.366621e-21   24
  6.801748e-02   3.838205e-20   7.450581e-10   9.178471e-21   8
  7.079483e-02   1.761284e-20   9.934107e-10   3.785311e-21   24
  7.346727e-02   1.367127e-20   0.000000e+00   2.082775e-21   48
  7.853982e-02   1.246426e-20   0.000000e+00   1.093070e-21   6
  8.095699e-02   1.258315e-20   1.404895e-09   1.409159e-21   48
  8.330406e-02   8.641525e-21   0.000000e+00   1.733894e-21   36
  8.558678e-02   7.348319e-21   9.934107e-10   1.467099e-21   24
  8.781018e-02   7.697991e-21   0.000000e+00   1.352174e-21   24
  8.997866e-02   6.832260e-21   0.000000e+00   1.230401e-21   48
  9.209610e-02   1.537695e-20   1.404895e-09   3.100927e-21   24
  9.619124e-02   9.947995e-21   1.404895e-09   1.770117e-21   24
  9.817477e-02   4.644875e-21   0.000000e+00   1.271000e-21   30
  1.001190e-01   5.053405e-21   0.000000e+00   4.260929e-22   72
  1.020262e-01   3.903994e-21   1.490116e-09   7.048388e-22   32
  1.057375e-01   6.018457e-21   0.000000e+00   6.182623e-22   72
  1.075451e-01   3.614018e-21   0.000000e+00   4.794470e-22   48
  1.110721e-01   4.707377e-21   0.000000e+00   4.721255e-22   12
  1.127942e-01   3.862244e-21   0.000000e+00   4.164243e-22   48
  1.144905e-01   3.570579e-21   0.000000e+00   4.950900e-22   48
  1.161620e-01   2.055621e-21   1.404895e-09   2.690562e-22   48
  1.178097e-01   2.311582e-21   1.589457e-09   4.034104e-22   30
  1.194348e-01   1.105992e-21   1.404895e-09   1.643740e-22   24
  1.210380e-01   3.224224e-21   2.961779e-09   4.657778e-22   72
  1.241824e-01   2.012144e-21   0.000000e+00   2.834947e-22   24
  1.257251e-01   1.705053e-21   0.000000e+00   1.748156e-22   96
  1.272490e-01   2.709961e-21   0.000000e+00   3.046968e-22   48
  1.287550e-01   2.410727e-21   2.433349e-09   4.458292e-22   24
  1.302436e-01   1.984250e-21   2.433349e-09   2.695133e-22   24
  1.317153e-01   1.626762e-21   0.000000e+00   1.974000e-22   72
  1.331707e-01   1.378448e-21   0.000000e+00   1.702276e-22   48
  1.360350e-01   1.623667e-21   1.490116e-09   7.273735e-22   8
  1.374447e-01   1.427443e-21   1.766064e-09   2.084872e-22   54
  1.388401e-01   2.062408e-21   0.000000e+00   2.573136e-22   84
  1.402216e-01   1.082481e-21   0.000000e+00   1.800744e-22   48
  1.415897e-01   1.091510e-21   1.986821e-09   1.629308e-22   24
  1.429446e-01   1.066543e-21   1.873193e-09   1.251986e-22   72
  1.442869e-01   1.386148e-21   0.000000e+00   1.221642e-22   96
  1.469345e-01   9.789782e-22   0.000000e+00   1.306061e-22   48
  1.482407e-01   9.675442e-22   0.000000e+00   1.208286e-22   48
  1.495354e-01   1.308785e-21   1.986821e-09   3.436760e-22   24
  1.508189e-01   1.323160e-21   0.000000e+00   1.524182e-22   72
  1.533539e-01   9.690143e-22   1.873193e-09   1.052081e-22   72
  1.546058e-01   9.863333e-22   0.000000e+00   9.899842e-23   96
  1.570796e-01   2.075513e-22   0.000000e+00   5.821092e-23   6
  1.583021e-01   8.185238e-22   0.000000e+00   8.874841e-23   96
  1.595151e-01   8.686760e-22   1.986821e-09   9.038326e-23   96
  1.607190e-01   1.481691e-21   0.000000e+00   2.243745e-22   24
  1.619140e-01   8.715665e-22   2.809790e-09   1.295038e-22   48
  1.631002e-01   7.411422e-22   0.000000e+00   8.367400e-23   96
  1.642778e-01   8.871414e-22   0.000000e+00   1.302371e-22   48
  1.666081e-01   7.449118e-22   0.000000e+00   1.315597e-22   36
  1.677611e-01   7.545389e-22   3.441276e-09   1.269359e-22   48
  1.689063e-01   5.402821e-22   3.893359e-09   4.608623e-23   120
  1.700437e-01   8.743494e-22   0.000000e+00   1.600294e-22   56
  1.711736e-01   6.347448e-22   1.986821e-09   7.963201e-23   24
  1.722960e-01   5.813059e-22   0.000000e+00   6.337240e-23   96
  1.734112e-01   6.318657e-22   0.000000e+00   8.090469e-23   48
  1.756204e-01   3.319410e-22   0.000000e+00   4.993088e-23   24
  1.767146e-01   5.054611e-22   0.000000e+00   5.008264e-23   102
  1.778021e-01   3.750193e-22   0.000000e+00   4.233857e-23   48
  1.788829e-01   4.936739e-22   0.000000e+00   6.102995e-23   72
  1.799573e-01   6.276401e-22   0.000000e+00   1.013316e-22   48
  1.810253e-01   3.760053e-22   0.000000e+00   3.237117e-23   48
  1.820871e-01   3.627897e-22   4.495664e-09   3.011188e-23   120
  1.841922e-01   3.041032e-22   2.809790e-09   5.564241e-23   24
  1.852358e-01   4.496652e-22   2.649095e-09   3.199413e-23   144
  1.862735e-01   3.916108e-22   3.178914e-09   3.550187e-23   120
  1.873055e-01   3.835219e-22   2.809790e-09   4.569793e-23   48
  1.893526e-01   4.257199e-22   2.809790e-09   7.326029e-23   48
  1.903679e-01   3.305407e-22   2.809790e-09   3.463286e-23   96
  1.930487e-01   3.126042e-22   4.711199e-04   3.301617e-23   72
  1.943761e-01   2.696459e-22   3.532127e-09   2.758220e-23   108
  1.953653e-01   3.358640e-22   0.000000e+00   3.744897e-23   72
  1.963495e-01   3.312843e-22   0.000000e+00   7.969813e-23   30
  1.973288e-01   3.471949e-22   0.000000e+00   2.501160e-23   168
  1.983033e-01   3.266240e-22   0.000000e+00   4.966701e-23   48
  2.002380e-01   2.643139e-22   0.000000e+00   2.872110e-23   72
  2.011984e-01   2.670774e-22   0.000000e+00   2.546180e-23   96
  2.021542e-01   2.694605e-22   5.298191e-09   3.053613e-23   72
  2.031055e-01   2.611636e-22   0.000000e+00   2.797204e-23   72
  2.047049e-01   2.709123e-22   4.350048e-04   2.996504e-23   104
  2.059331e-01   2.367477e-22   3.746387e-09   1.979524e-23   144
  2.087224e-01   2.359890e-22   6.282881e-09   2.440866e-23   96
  2.096439e-01   2.540962e-22   0.000000e+00   2.059281e-23   96
  2.111095e-01   2.113775e-22   4.475232e-04   1.752143e-23   120
  2.123845e-01   1.907774e-22   0.000000e+00   1.561162e-23   120
  2.132902e-01   1.869394e-22   0.000000e+00   2.435345e-23   72
  2.150901e-01   2.557925e-22   0.000000e+00   3.722834e-23   48
  2.159845e-01   1.996426e-22   4.235416e-09   2.085372e-23   78
  2.171286e-01   2.240066e-22   4.007142e-04   1.478653e-23   168
  2.195255e-01   2.028850e-22   3.746387e-09   2.142053e-23   144
  2.204018e-01   1.745933e-22   3.746387e-09   1.417983e-23   144
  2.229436e-01   1.780276e-22   2.307791e-04   1.373609e-23   156
  2.238729e-01   1.333565e-22   4.866699e-09   1.726279e-23   48
  2.247323e-01   1.390811e-22   3.178914e-09   1.403118e-23   120
  2.255884e-01   1.730828e-22   0.000000e+00   2.299223e-23   48
  2.271022e-01   1.751123e-22   3.532495e-04   1.289805e-23   216
  2.289809e-01   2.172497e-22   0.000000e+00   3.809708e-23   48
  2.298212e-01   1.367877e-22   2.809790e-09   1.301815e-23   96
  2.310160e-01   1.528099e-22   4.128272e-04   1.214469e-23   168
  2.323239e-01   1.656397e-22   2.809790e-09   2.087788e-23   48
  2.331522e-01   1.566447e-22   0.000000e+00   1.177251e-23   96
  2.339775e-01   1.042153e-22   0.000000e+00   1.583206e-23   48
  2.356194e-01   1.290929e-22   3.178914e-09   2.072213e-23   30
  2.364362e-01   1.397179e-22   2.809790e-09   1.465273e-23   96
  2.374123e-01   1.309751e-22   3.244455e-04   8.014449e-24   240
  2.386674e-01   1.196384e-22   3.500299e-04   1.383381e-23   32
  2.396752e-01   9.911597e-23   0.000000e+00   7.981098e-24   168
  2.404781e-01   9.337776e-23   0.000000e+00   7.405539e-24   120
  2.420760e-01   1.038169e-22   5.923557e-09   9.244899e-24   72
  2.428710e-01   8.800518e-23   3.746387e-09   6.496300e-24   144
  2.436634e-01   9.721044e-23   0.000000e+00   1.131009e-23   96
  2.444532e-01   1.256240e-22   0.000000e+00   1.125327e-23   96
  2.460253e-01   1.186579e-22   4.588368e-09   1.410274e-23   72
  2.468075e-01   9.061605e-23   3.973643e-09   9.753338e-24   96
  2.483647e-01   1.533035e-22   0.000000e+00   3.790534e-23   24
  2.491396e-01   1.009922e-22   0.000000e+00   7.632434e-24   192
  2.500522e-01   8.558270e-23   2.970416e-04   8.839950e-24   132
  2.514501e-01   7.718465e-23   0.000000e+00   6.980747e-24   96
  2.522156e-01   7.275904e-23   0.000000e+00   7.939103e-24   96
  2.529787e-01   9.920487e-23   3.178914e-09   8.169762e-24   120
  2.544981e-01   9.641673e-23   0.000000e+00   1.566097e-23   48
  2.557435e-01   8.677783e-23   3.599905e-04   4.758701e-24   222
  2.567603e-01   7.445687e-23   0.000000e+00   6.314943e-24   120
  2.575100e-01   4.916770e-23   4.866699e-09   6.542227e-24   24
  2.586015e-01   8.357188e-23   3.715625e-04   5.626444e-24   312
  2.609797e-01   9.460982e-23   3.483547e-04   1.172989e-23   72
  2.619630e-01   7.604912e-23   2.809790e-09   9.979252e-24   96
  2.629726e-01   6.769947e-23   3.547511e-04   4.507512e-24   192
  2.641613e-01   6.590280e-23   4.495664e-09   6.207932e-24   120
  2.648900e-01   1.012452e-22   0.000000e+00   8.241863e-24   144
  2.663415e-01   6.288492e-23   0.000000e+00   6.548393e-24   48
  2.673732e-01   6.764055e-23   3.567146e-04   3.687423e-24   336
  2.685040e-01   5.426092e-23   0.000000e+00   8.178234e-24   48
  2.699360e-01   5.628288e-23   0.000000e+00   4.288551e-24   192
  2.706492e-01   5.751857e-23   0.000000e+00   9.809199e-24   48
  2.726764e-01   5.108270e-23   2.476067e-04   6.982345e-24   56
  2.736844e-01   5.766118e-23   3.180112e-04   3.339479e-24   336
  2.748894e-01   5.943663e-23   3.532127e-09   6.169910e-24   54
  2.759390e-01   6.300483e-23   3.492904e-04   3.632949e-24   240
  2.781181e-01   6.041243e-23   3.344484e-04   3.556557e-24   228
  2.790651e-01   5.143846e-23   3.746387e-09   5.566747e-24   72
  2.799844e-01   5.418134e-23   3.244231e-04   5.181180e-24   144
  2.811298e-01   5.816109e-23   0.000000e+00   5.565460e-24   96
  2.818146e-01   5.315012e-23   4.495664e-09   3.110532e-24   240
  2.831793e-01   5.251982e-23   3.973643e-09   8.349729e-24   24
  2.840530e-01   5.537280e-23   3.064151e-04   3.091595e-24   336
  2.852142e-01   5.157219e-23   0.000000e+00   5.459846e-24   72
  2.862741e-01   4.217576e-23   3.332831e-04   3.270469e-24   168
  2.872346e-01   5.435535e-23   0.000000e+00   5.315841e-24   72
  2.885737e-01   4.383185e-23   0.000000e+00   4.450386e-24   96
  2.896108e-01   4.159953e-23   3.307829e-04   2.790364e-24   216
  2.905708e-01   6.133613e-23   3.973643e-09   6.747468e-24   96
  2.918946e-01   4.232255e-23   0.000000e+00   3.711360e-24   192
  2.925542e-01   4.121392e-23   3.746387e-09   3.437760e-24   144
  2.938691e-01   3.242348e-23   0.000000e+00   3.462557e-24   48
  2.947794e-01   4.534343e-23   3.189136e-04   2.828766e-24   246
  2.960164e-01   3.310652e-23   2.940434e-04   2.296496e-24   168
  2.971308e-01   4.299709e-23   5.506041e-09   4.701021e-24   120
  2.977788e-01   4.186300e-23   0.000000e+00   2.988325e-24   240
  2.990707e-01   3.283434e-23   3.973643e-09   4.453777e-24   24
  3.001001e-01   3.084157e-23   3.147475e-04   1.705027e-24   360
  3.013820e-01   3.607823e-23   3.134082e-04   3.363026e-24   120
  3.022763e-01   4.175633e-23   0.000000e+00   4.796052e-24   144
  3.029133e-01   4.275296e-23   0.000000e+00   3.830424e-24   96
  3.048165e-01   3.699961e-23   0.000000e+00   2.801413e-24   144
  3.054482e-01   3.539497e-23   0.000000e+00   2.457218e-24   132
  3.063360e-01   3.636480e-23   3.093292e-04   2.255494e-24   176
  3.076248e-01   3.657193e-23   3.123602e-04   2.062667e-24   312
  3.092116e-01   3.056281e-23   0.000000e+00   2.647117e-24   96
  3.098343e-01   3.451415e-23   0.000000e+00   2.352016e-24   144
  3.107899e-01   2.998729e-23   3.092271e-04   1.528940e-24   312
  3.123131e-01   3.452755e-23   0.000000e+00   3.816925e-24   48
  3.129297e-01   2.978777e-23   3.973643e-09   2.193488e-24   192
  3.141593e-01   4.097476e-23   0.000000e+00   5.980578e-24   6
  3.149762e-01   2.389101e-23   2.884066e-04   1.611113e-24   288
  3.162994e-01   2.722358e-23   3.047203e-04   2.275058e-24   192
  3.172124e-01   2.708899e-23   9.345130e-09   1.909753e-24   216
  3.178195e-01   3.237518e-23   0.000000e+00   4.316104e-24   72
  3.193321e-01   2.653193e-23   3.018264e-04   1.705884e-24   192
  3.203366e-01   2.697521e-23   2.241224e-04   1.521436e-24   288
  3.214381e-01   2.448747e-23   0.000000e+00   2.629542e-24   24
  3.222890e-01   2.513256e-23   2.952626e-04   1.267095e-24   456
  3.238280e-01   3.963871e-23   5.619580e-09   6.470837e-24   48
  3.247789e-01   2.435907e-23   2.908218e-04   1.610198e-24   240
  3.258718e-01   2.424905e-23   2.939082e-04   1.885318e-24   216
  3.267908e-01   2.977118e-23   0.000000e+00   4.617350e-24   72
  3.273801e-01   2.389515e-23   1.015467e-08   1.635677e-24   168
  3.290441e-01   2.288334e-23   2.184577e-04   1.325474e-24   288
  3.299773e-01   2.290842e-23   2.890570e-04   1.923434e-24   168
  3.314762e-01   1.870790e-23   0.000000e+00   1.286369e-24   192
  3.320572e-01   1.938135e-23   3.746387e-09   1.512684e-24   144
  3.332162e-01   2.528237e-23   0.000000e+00   2.506640e-24   36
  3.341991e-01   1.791972e-23   2.639705e-04   9.165855e-25   342
  3.351389e-01   2.293927e-23   2.710657e-04   1.614523e-24   144
  3.363470e-01   1.769002e-23   2.842800e-04   1.042929e-24   384
  3.378125e-01   1.899973e-23   7.786718e-09   1.660144e-24   120
  3.385379e-01   2.151976e-23   2.534951e-04   1.446035e-24   264
  3.395201e-01   1.857698e-23   1.256576e-08   1.343170e-24   192
  3.404451e-01   1.796318e-23   2.731894e-04   1.406240e-24   152
  3.412191e-01   1.719701e-23   7.492773e-09   1.276651e-24   144
  3.428472e-01   1.764470e-23   1.768108e-04   1.284095e-24   216
  3.436008e-01   1.707265e-23   2.362665e-04   9.945751e-25   312
  3.449274e-01   1.883616e-23   2.738281e-04   1.122078e-24   240
  3.457090e-01   1.773950e-23   3.973643e-09   1.658332e-24   96
  3.471927e-01   1.903917e-23   2.617995e-04   1.550413e-24   144
  3.481071e-01   1.356222e-23   2.573258e-04   6.112414e-25   456
  3.495904e-01   1.619317e-23   0.000000e+00   1.868067e-24   120
  3.501414e-01   1.869002e-23   0.000000e+00   1.361639e-24   144
  3.512407e-01   1.886396e-23   0.000000e+00   3.043937e-24   24
  3.519456e-01   1.497643e-23   2.473498e-04   8.511282e-25   336
  3.531645e-01   1.415316e-23   2.727931e-04   1.147804e-24   198
  3.543067e-01   1.448283e-23   2.652756e-04   6.611901e-25   432
  3.556041e-01   1.720084e-23   0.000000e+00   2.763466e-24   48
  3.562810e-01   1.332712e-23   2.341925e-04   6.782258e-25   384
  3.574963e-01   1.200909e-23   2.696052e-04   9.711850e-25   144
  3.585975e-01   1.453083e-23   2.676825e-04   8.737118e-25   264
  3.599147e-01   1.158318e-23   0.000000e+00   1.432261e-24   48
  3.607984e-01   1.472191e-23   2.545223e-04   8.581718e-25   276
  3.616510e-01   1.415719e-23   2.307176e-04   1.067326e-24   192
  3.627906e-01   1.296428e-23   2.592759e-04   5.411222e-25   552
  3.641741e-01   1.337974e-23   8.991328e-09   1.190874e-24   120
  3.649965e-01   1.077431e-23   2.624511e-04   6.991504e-25   216
  3.657587e-01   1.452143e-23   4.495664e-09   1.349414e-24   120
  3.671201e-01   1.181102e-23   2.584500e-04   5.392417e-25   408
  3.683844e-01   9.220854e-24   5.619580e-09   1.510118e-24   24
  3.691684e-01   1.259057e-23   2.610810e-04   6.674404e-25   384
  3.702633e-01   1.013319e-23   2.550855e-04   7.766104e-25   240
  3.712141e-01   1.069742e-23   2.569535e-04   8.177000e-25   168
  3.725471e-01   8.522870e-24   6.357829e-09   7.319634e-25   120
  3.734064e-01   1.021195e-23   2.678605e-04   5.289855e-25   350
  3.748037e-01   1.106190e-23   4.409502e-04   5.237121e-25   384
  3.756388e-01   1.025844e-23   0.000000e+00   8.675256e-25   144
  3.771752e-01   1.098924e-23   1.059638e-08   7.764639e-25   288
  3.779773e-01   9.722658e-24   2.524053e-04   5.317578e-25   336
  3.790686e-01   1.160156e-23   2.297941e-04   8.545998e-25   168
  3.797219e-01   1.077665e-23   4.541306e-09   7.097948e-25   336
  3.810732e-01   8.927984e-24   2.385126e-04   5.218788e-25   288
  3.818848e-01   1.013283e-23   2.247398e-04   7.144037e-25   264
  3.832590e-01   8.962655e-24   0.000000e+00   5.888684e-25   240
  3.837616e-01   1.074003e-23   7.947286e-09   1.072831e-24   96
  3.855656e-01   9.394093e-24   3.056310e-04   4.580746e-25   360
  3.864075e-01   1.054016e-23   2.253025e-04   8.602371e-25   168
  3.874713e-01   9.096149e-24   2.456032e-04   4.716659e-25   456
  3.887523e-01   9.955210e-24   7.064254e-09   8.733303e-25   108
  3.894728e-01   7.743473e-24   2.464311e-04   4.875213e-25   264
  3.903716e-01   7.525951e-24   2.198567e-04   4.049008e-25   264
  3.916025e-01   9.292360e-24   2.074668e-04   6.450814e-25   312
  3.931351e-01   8.214525e-24   1.541705e-04   5.596126e-25   270
  3.937775e-01   8.907972e-24   1.957388e-04   5.719493e-25   240
  3.949323e-01   6.483208e-24   2.421536e-04   3.211561e-25   384
  3.956334e-01   6.349947e-24   0.000000e+00   4.584256e-25   192
  3.969952e-01   6.661802e-24   1.942960e-04   4.513714e-25   240
  3.977852e-01   7.178066e-24   2.397927e-04   4.334792e-25   336
  3.992708e-01   7.551467e-24   2.413972e-04   3.241375e-25   480
  4.004761e-01   7.660140e-24   0.000000e+00   8.008335e-25   72
  4.011493e-01   6.401495e-24   2.353842e-04   4.019570e-25   240
  4.020650e-01   6.305664e-24   2.212289e-04   4.157898e-25   312
  4.031147e-01   5.646283e-24   2.390954e-04   3.334143e-25   240
  4.047009e-01   7.138880e-24   1.816506e-04   3.586095e-25   408
  4.053288e-01   6.608361e-24   1.663482e-04   3.514206e-25   336
  4.065560e-01   6.660367e-24   2.112212e-04   3.823267e-25   264
  4.071591e-01   6.850510e-24   0.000000e+00   5.367703e-25   144
  4.088370e-01   6.043054e-24   2.927651e-04   2.956105e-25   464
  4.097211e-01   5.096040e-24   2.328083e-04   4.809536e-25   168
  4.105939e-01   6.149757e-24   2.120376e-04   3.115193e-25   336
  4.121713e-01   6.044978e-24   2.227870e-04   3.075974e-25   414
  4.130606e-01   6.056941e-24   2.319080e-04   4.147137e-25   216
  4.141998e-01   9.116068e-24   5.619580e-09   1.053185e-24   96
  4.146649e-01   5.179902e-24   1.685874e-08   2.165081e-25   384
  4.162944e-01   5.810083e-24   2.314600e-04   2.503230e-25   492
  4.171676e-01   5.871905e-24   2.263480e-04   3.870115e-25   240
  4.181546e-01   5.751881e-24   2.298225e-04   3.145415e-25   312
  4.195176e-01   4.653803e-24   2.297469e-04   3.605628e-25   192
  4.203810e-01   4.622522e-24   2.226525e-04   2.169243e-25   504
  4.215265e-01   5.712909e-24   1.473998e-04   2.964021e-25   408
  4.224284e-01   5.048724e-24   4.515774e-04   3.433759e-25   168
  4.235571e-01   5.512786e-24   2.145032e-04   2.891647e-25   288
  4.245041e-01   4.880021e-24   2.238525e-04   2.552413e-25   288
  4.254743e-01   4.831824e-24   2.251410e-04   2.459410e-25   432
  4.268815e-01   4.880946e-24   2.129084e-04   3.471979e-25   216
  4.276334e-01   4.080597e-24   2.124592e-04   2.353399e-25   360
  4.289721e-01   4.604516e-24   2.073582e-04   3.038565e-25   312
  4.301803e-01   3.786072e-24   0.000000e+00   4.606210e-25   48
  4.308767e-01   4.924015e-24   2.223178e-04   2.457900e-25   432
  4.321240e-01   4.336654e-24   3.708284e-04   2.158270e-25   414
  4.328606e-01   4.710708e-24   1.956255e-08   2.753225e-25   312
  4.342347e-01   4.570344e-24   3.253813e-04   2.198335e-25   528
  4.351620e-01   4.639153e-24   1.707976e-04   2.687976e-25   264
  4.362761e-01   4.091585e-24   2.025191e-04   1.879245e-25   480
  4.377318e-01   3.854726e-24   0.000000e+00   2.304422e-25   288
  4.383604e-01   4.429186e-24   2.176005e-04   2.998838e-25   168
  4.395105e-01   4.699274e-24   3.444610e-04   2.114516e-25   504
  4.408036e-01   4.069527e-24   7.492773e-09   3.145685e-25   144
  4.416171e-01   4.185917e-24   2.212265e-04   1.842086e-25   464
  4.428396e-01   3.826955e-24   3.246624e-04   1.951837e-25   432
  4.434197e-01   3.311065e-24   5.619580e-09   2.103120e-25   192
  4.449189e-01   3.607601e-24   2.406833e-04   1.904127e-25   396
  4.458042e-01   3.460739e-24   2.162000e-04   2.143825e-25   288
  4.466990e-01   3.318597e-24   2.135686e-04   1.830247e-25   336
  4.481283e-01   3.297385e-24   1.352359e-04   1.783763e-25   432
  4.490354e-01   3.691144e-24   3.505126e-04   1.770654e-25   360
  4.500539e-01   3.762785e-24   2.073334e-04   2.145791e-25   384
  4.515004e-01   3.664931e-24   1.830116e-04   2.287332e-25   198
  4.521974e-01   3.367099e-24   2.080246e-04   1.276930e-25   552
  4.534970e-01   3.351453e-24   2.912202e-04   1.567601e-25   432
  4.545821e-01   3.207885e-24   0.000000e+00   1.859546e-25   168
  4.554927e-01   3.178646e-24   3.610065e-04   1.396194e-25   480
  4.566974e-01   2.886008e-24   0.000000e+00   4.411711e-25   120
  4.572396e-01   3.058627e-24   2.948545e-04   1.747958e-25   336
  4.585628e-01   3.022098e-24   2.080152e-04   1.148520e-25   672
  4.598711e-01   3.308613e-24   3.025866e-04   1.474374e-25   528
  4.604805e-01   2.645525e-24   9.082613e-09   1.951820e-25   168
  4.618883e-01   3.047383e-24   3.375333e-04   1.525802e-25   456
  4.627474e-01   3.169672e-24   2.061344e-04   2.916864e-25   168
  4.636392e-01   3.011040e-24   2.057643e-04   1.315891e-25   504
  4.651216e-01   2.485809e-24   2.647872e-04   1.396662e-25   336
  4.660180e-01   2.996992e-24   1.908802e-04   2.180968e-25   312
  4.670124e-01   2.870790e-24   1.865029e-04   1.320157e-25   504
  4.683210e-01   2.940180e-24   1.294009e-04   1.463449e-25   432
  4.689362e-01   2.545714e-24   1.999672e-04   1.390415e-25   312
  4.702151e-01   2.383610e-24   2.049761e-04   1.232532e-25   384
  4.715504e-01   2.027786e-24   1.741510e-04   1.718640e-25   126
  4.723748e-01   2.776632e-24   3.057676e-04   1.470808e-25   492
  4.734278e-01   2.524013e-24   1.958445e-04   1.213675e-25   528
  4.747438e-01   2.390491e-24   1.989360e-04   1.096151e-25   480
  4.755596e-01   2.521855e-24   2.748289e-04   1.380614e-25   432
  4.767402e-01   2.467517e-24   2.161166e-04   1.169718e-25   440
  4.781114e-01   2.188196e-24   1.074739e-04   1.101977e-25   312
  4.786259e-01   2.161311e-24   1.610586e-04   1.056037e-25   480
  4.796813e-01   2.297714e-24   3.153497e-04   1.167100e-25   408
  4.812233e-01   2.329086e-24   1.888588e-04   1.347400e-25   360
  4.818747e-01   2.310011e-24   1.822418e-04   1.323342e-25   408
  4.830820e-01   2.006394e-24   1.854542e-04   9.472161e-26   456
  4.844414e-01   2.218988e-24   1.772485e-04   1.508603e-25   264
  4.851959e-01   2.203056e-24   1.923591e-04   1.118006e-25   384
  4.862943e-01   2.095314e-24   3.238501e-04   8.851508e-26   672
  4.875640e-01   1.900573e-24   1.937042e-04   1.599337e-25   240
  4.882967e-01   2.206940e-24   1.965613e-04   1.530768e-25   264
  4.893308e-01   1.827622e-24   2.424259e-04   8.153893e-26   624
  4.908739e-01   1.774029e-24   0.000000e+00   1.319678e-25   150
  4.914232e-01   1.982965e-24   2.716574e-04   8.565405e-26   600
  4.925819e-01   2.154268e-24   1.874909e-04   8.386952e-26   672
  4.938939e-01   1.792968e-24   1.763484e-04   1.104724e-25   336
  4.946248e-01   2.041105e-24   1.918157e-04   1.104140e-25   408
  4.957926e-01   1.700537e-24   1.913639e-04   8.860613e-26   408
  4.970915e-01   2.069639e-24   9.676385e-05   1.196923e-25   360
  4.978921e-01   1.772433e-24   3.552857e-04   9.140127e-26   456
  4.988592e-01   1.931866e-24   1.932065e-04   9.658396e-26   384
  5.000902e-01   1.563172e-24   1.783541e-04   9.120007e-26   348
  5.007554e-01   1.893774e-24   2.198754e-04   8.990782e-26   576
  5.020050e-01   1.682751e-24   1.810385e-04   7.685118e-26   504
  5.032833e-01   1.815878e-24   2.553443e-04   9.522108e-26   432
  5.043991e-01   1.904629e-24   3.473946e-04   9.251354e-26   576
  5.051948e-01   1.719262e-24   0.000000e+00   1.188701e-25   264
  5.064571e-01   1.686600e-24   2.764393e-04   6.456908e-26   768
  5.075549e-01   1.334146e-24   3.721752e-04   9.256815e-26   240
  5.084277e-01   1.882005e-24   3.282233e-04   1.356066e-25   192
  5.096990e-01   1.669249e-24   2.416124e-04   7.412383e-26   504
  5.106418e-01   1.506106e-24   3.255818e-04   6.416408e-26   590
  5.115460e-01   1.598903e-24   3.647966e-04   8.817133e-26   384
  5.126798e-01   1.694034e-24   3.048625e-04   8.416375e-26   504
  5.140486e-01   1.453461e-24   2.933830e-04   5.537004e-26   648
  5.153764e-01   1.338116e-24   7.967896e-05   6.353401e-26   504
  5.159117e-01   1.681300e-24   1.817627e-04   1.172185e-25   312
  5.168569e-01   1.342746e-24   2.618753e-04   6.075124e-26   576
  5.181545e-01   1.391698e-24   1.822405e-04   8.743875e-26   240
  5.189109e-01   1.493776e-24   1.841453e-04   6.451634e-26   552
  5.199816e-01   1.234705e-24   1.729082e-04   4.908520e-26   600
  5.215067e-01   1.352910e-24   2.111937e-04   5.606491e-26   600
  5.224237e-01   1.128289e-24   3.382099e-04   9.035688e-26   312
  5.233368e-01   1.437821e-24   2.945474e-04   7.309907e-26   480
  5.244775e-01   1.222442e-24   1.837693e-04   5.105459e-26   576
  5.254818e-01   1.305273e-24   2.959085e-04   6.343075e-26   408
  5.263729e-01   1.010101e-24   3.451909e-04   6.179960e-26   216
  5.275243e-01   1.402881e-24   2.643774e-04   6.480583e-26   516
  5.287578e-01   1.264952e-24   2.522429e-04   4.711532e-26   744
  5.300304e-01   1.275707e-24   1.684760e-04   6.393187e-26   462
  5.307494e-01   1.091136e-24   1.712315e-04   5.858870e-26   432
  5.318647e-01   1.105311e-24   1.588547e-04   4.739145e-26   648
  5.331761e-01   1.108687e-24   2.324340e-04   5.272896e-26   528
  5.342295e-01   1.203795e-24   2.799086e-04   4.681435e-26   600
  5.352820e-01   1.136009e-24   3.528915e-04   7.819952e-26   240
  5.363014e-01   1.080058e-24   2.703115e-04   4.185312e-26   720
  5.374863e-01   1.135483e-24   2.138653e-04   4.224878e-26   720
  5.387997e-01   7.757823e-25   0.000000e+00   5.661766e-26   144
  5.394909e-01   1.143275e-24   2.757364e-04   4.606019e-26   720
  5.404742e-01   1.196438e-24   1.653370e-04   7.180188e-26   384
  5.417051e-01   1.067706e-24   1.832848e-04   4.087576e-26   672
  5.428730e-01   1.134450e-24   3.209115e-04   6.315097e-26   336
  5.434308e-01   1.123151e-24   0.000000e+00   8.256191e-26   288
  5.447967e-01   9.551639e-25   2.539800e-04   3.455954e-26   776
  5.460612e-01   1.046149e-24   2.173184e-04   4.424918e-26   720
  5.471231e-01   9.194368e-25   1.750659e-04   4.492107e-26   432
  5.479725e-01   9.585453e-25   2.495786e-04   4.505747e-26   504
  5.489174e-01   1.032685e-24   1.748652e-04   5.077183e-26   528
  5.502396e-01   8.211299e-25   2.382437e-04   3.859946e-26   438
  5.513273e-01   9.549976e-25   2.772938e-04   3.446894e-26   624
  5.521470e-01   1.055396e-24   3.396475e-04   7.020319e-26   312
  5.532738e-01   1.127686e-24   1.829935e-04   4.018229e-26   696
  5.544390e-01   9.645610e-25   1.655760e-04   4.704715e-26   552
  5.556509e-01   8.154116e-25   1.281006e-04   3.578285e-26   516
  5.564006e-01   9.186296e-25   2.558713e-04   3.977865e-26   528
  5.573133e-01   8.632413e-25   1.664001e-04   3.925671e-26   528
  5.586097e-01   8.205487e-25   2.194479e-04   3.086857e-26   864
  5.594897e-01   1.009337e-24   3.005985e-04   5.614160e-26   408
  5.603706e-01   8.711062e-25   2.978186e-04   6.865313e-26   192
  5.616191e-01   7.673749e-25   2.464592e-04   3.122579e-26   720
  5.626731e-01   7.915997e-25   2.272475e-04   3.319806e-26   696
  5.639255e-01   7.747632e-25   2.454294e-04   2.985491e-26   720
  5.650713e-01   9.439111e-25   3.326501e-04   4.603813e-26   432
  5.657395e-01   6.802127e-25   1.958109e-04   4.200812e-26   264
  5.669418e-01   7.747072e-25   2.704061e-04   3.657479e-26   672
  5.680171e-01   8.322966e-25   2.768544e-04   4.006849e-26   600
  5.692933e-01   6.627434e-25   1.620980e-04   4.201108e-26   270
  5.699366e-01   6.464013e-25   2.440026e-04   3.337008e-26   528
  5.709591e-01   7.690331e-25   1.670843e-04   2.751031e-26   840
  5.723613e-01   6.923891e-25   3.194952e-04   2.375767e-26   888
  5.736568e-01   6.812883e-25   2.380474e-04   2.848884e-26   744
  5.747517e-01   7.986051e-25   1.223216e-04   4.169992e-26   456
  5.752963e-01   8.363573e-25   1.671601e-04   4.577127e-26   360
  5.762282e-01   5.782976e-25   1.448348e-04   3.165745e-26   384
  5.776580e-01   6.677927e-25   2.323137e-04   2.329440e-26   816
  5.787308e-01   6.970387e-25   3.370546e-04   2.664768e-26   824
  5.800348e-01   6.947523e-25   1.566791e-04   3.976443e-26   360
  5.807331e-01   7.751567e-25   2.311994e-04   3.318442e-26   624
  5.816941e-01   8.131118e-25   1.562320e-04   4.411439e-26   360
  5.829744e-01   6.033872e-25   2.125215e-04   2.455737e-26   876
  5.841306e-01   5.939822e-25   2.524119e-04   2.482390e-26   696
  5.852967e-01   5.820624e-25   1.629911e-04   3.143964e-26   336
  5.859080e-01   5.791266e-25   1.628079e-04   2.683784e-26   504
  5.869176e-01   5.494162e-25   1.642187e-04   2.449135e-26   672
  5.884155e-01   6.222941e-25   3.269213e-04   2.642035e-26   720
  5.894543e-01   5.603257e-25   2.469541e-04   2.012739e-26   774
  5.906010e-01   6.317981e-25   1.413501e-04   4.107737e-26   384
  5.912015e-01   6.063239e-25   2.720183e-04   3.003456e-26   528
  5.921335e-01   5.494547e-25   2.592486e-04   2.169196e-26   744
  5.936327e-01   6.206242e-25   2.138251e-04   2.292400e-26   768
  5.946281e-01   4.911677e-25   2.400348e-04   2.254483e-26   552
  5.958700e-01   5.355057e-25   2.616108e-04   2.247592e-26   696
  5.967938e-01   5.560749e-25   3.179026e-04   3.810815e-26   408
  5.975272e-01   5.291083e-25   1.373364e-04   2.619275e-26   504
  5.986899e-01   5.458575e-25   2.467198e-04   1.982785e-26   888
  5.998339e-01   4.619855e-25   2.564132e-04   1.819032e-26   648
  6.010230e-01   5.241913e-25   2.542153e-04   2.198838e-26   648
  6.021418e-01   4.963282e-25   2.741064e-04   2.078741e-26   792
  6.033268e-01   4.512335e-25   4.010364e-04   2.352083e-26   600
  6.042000e-01   4.506510e-25   2.717856e-04   2.413929e-26   456
  6.051191e-01   5.106657e-25   1.324567e-04   2.282497e-26   648
  6.062996e-01   4.979811e-25   2.583099e-04   1.933831e-26   936
  6.075741e-01   5.034803e-25   1.586356e-04   2.936285e-26   384
  6.086836e-01   3.898197e-25   1.334798e-08   3.038485e-26   198
  6.095398e-01   4.451353e-25   4.024720e-04   1.424001e-26   1224
  6.104634e-01   5.206961e-25   2.931235e-04   2.909722e-26   420
  6.115558e-01   4.452596e-25   2.836822e-04   1.557315e-26   792
  6.126238e-01   4.579109e-25   2.345810e-04   1.942767e-26   680
  6.138428e-01   4.002967e-25   2.154033e-04   1.850020e-26   600
  6.148235e-01   4.313308e-25   3.123938e-04   1.623961e-26   840
  6.161330e-01   4.186461e-25   1.474979e-04   2.398302e-26   432
  6.166334e-01   4.207686e-25   1.382249e-04   1.790396e-26   720
  6.177213e-01   4.278446e-25   2.768404e-04   1.461641e-26   960
  6.190745e-01   4.110166e-25   2.467829e-04   1.967801e-26   528
  6.200634e-01   3.723740e-25   2.522592e-04   1.915815e-26   624
  6.212404e-01   4.368010e-25   1.982740e-04   1.839523e-26   816
  6.224086e-01   4.205272e-25   3.260658e-04   1.611326e-26   696
  6.236996e-01   3.697676e-25   2.202416e-08   3.008439e-26   240
  6.241851e-01   3.772435e-25   1.922888e-04   1.606987e-26   672
  6.252686e-01   3.741766e-25   3.436476e-04   1.566694e-26   864
  6.264840e-01   3.494384e-25   2.636938e-04   1.449389e-26   816
  6.275795e-01   3.569356e-25   1.509292e-04   1.713479e-26   648
  6.287594e-01   3.916794e-25   1.542771e-04   1.501649e-26   843
  6.297611e-01   3.262122e-25   2.775825e-04   1.273163e-26   780
  6.309548e-01   2.388219e-25   1.489456e-04   2.001453e-26   216
  6.316911e-01   3.532418e-25   3.591661e-04   1.277546e-26   1056
  6.328235e-01   2.586353e-25   2.938382e-04   1.838995e-26   228
  6.338720e-01   3.205179e-25   3.658358e-04   1.219241e-26   924
  6.349484e-01   3.545443e-25   1.357046e-04   1.508647e-26   696
  6.360882e-01   2.869130e-25   2.415153e-04   1.107413e-26   996
  6.372543e-01   2.531435e-25   1.425858e-04   1.001136e-26   576
  6.384675e-01   2.478487e-25   2.200718e-04   1.273789e-26   552
  6.393519e-01   3.322938e-25   2.627580e-04   1.673910e-26   516
  6.402494e-01   3.108824e-25   3.821047e-04   1.292554e-26   744
  6.412749e-01   2.515074e-25   1.874451e-04   1.074472e-26   576
  6.421669e-01   2.740180e-25   1.929285e-04   1.179829e-26   792
  6.434346e-01   2.614629e-25   2.205530e-04   1.068943e-26   792
  6.443636e-01   2.823752e-25   2.378641e-04   1.263668e-26   720
  6.456200e-01   2.764288e-25   2.711104e-04   1.237580e-26   656
  6.467974e-01   2.553978e-25   2.960385e-04   1.255660e-26   816
  6.480043e-01   2.178187e-25   1.596190e-04   9.998057e-27   492
  6.486903e-01   2.590514e-25   2.296231e-04   1.263373e-26   552
  6.499778e-01   2.016258e-25   3.992867e-04   8.822825e-27   780
  6.508139e-01   2.748384e-25   2.452771e-04   1.473905e-26   528
  6.517148e-01   2.170711e-25   2.863130e-04   1.022445e-26   600
  6.530425e-01   2.491448e-25   2.379487e-04   8.899030e-27   900
  6.539577e-01   2.314584e-25   1.317325e-04   1.029100e-26   696
  6.552168e-01   1.929324e-25   3.330907e-04   7.959864e-27   696
  6.564349e-01   2.214154e-25   1.351317e-04   1.015381e-26   552
  6.574592e-01   2.228142e-25   1.571457e-04   1.066333e-26   708
  6.585322e-01   2.110284e-25   2.594565e-04   9.908917e-27   876
  6.596487e-01   2.284034e-25   1.377663e-04   1.867127e-26   216
  6.603980e-01   2.233055e-25   3.768094e-04   8.478995e-27   1032
  6.615201e-01   1.925067e-25   4.195357e-04   9.989984e-27   600
  6.626848e-01   1.550941e-25   2.001869e-04   8.330818e-27   600
  6.635732e-01   2.097940e-25   3.535112e-04   9.760763e-27   528
  6.646233e-01   1.941191e-25   1.940622e-04   9.280531e-27   732
  6.657296e-01   1.686116e-25   1.432973e-04   1.206878e-26   336
  6.670031e-01   1.690809e-25   2.042271e-04   7.362849e-27   912
  6.679548e-01   1.686837e-25   2.049821e-04   9.088278e-27   624
  6.689946e-01   1.744641e-25   1.727341e-04   7.003641e-27   768
  6.702082e-01   1.865632e-25   3.116463e-04   7.496191e-27   792
  6.713995e-01   1.687968e-25   1.545014e-04   8.053319e-27   660
  6.722471e-01   1.611309e-25   2.276826e-04   8.840458e-27   504
  6.731238e-01   1.402867e-25   3.719898e-04   6.725219e-27   480
  6.744376e-01   1.359283e-25   3.440421e-04   5.589198e-27   912
  6.754664e-01   1.673511e-25   3.831443e-04   9.576645e-27   432
  6.764380e-01   1.531587e-25   2.275021e-04   7.254802e-27   564
  6.773006e-01   1.516785e-25   2.177508e-04   6.794666e-27   600
  6.785149e-01   1.741451e-25   3.035240e-04   7.171781e-27   876
  6.794272e-01   1.889533e-25   1.364735e-04   1.336124e-26   264
  6.806846e-01   1.563013e-25   2.648123e-04   7.622973e-27   560
  6.816953e-01   1.312226e-25   1.799457e-04   5.336482e-27   840
  6.829222e-01   1.195640e-25   2.774244e-04   4.240825e-27   1008
  6.840568e-01   1.195677e-25   1.241010e-04   6.638836e-27   456
  6.850930e-01   1.411174e-25   1.607553e-04   6.400069e-27   576
  6.860509e-01   1.347018e-25   2.470177e-04   6.020542e-27   612
  6.873140e-01   1.277138e-25   2.206269e-04   5.558345e-27   780
  6.883444e-01   1.195185e-25   2.528284e-04   5.143089e-27   648
  6.893992e-01   1.486209e-25   1.178213e-04   9.460779e-27   312
  6.900734e-01   1.018909e-25   2.993645e-04   4.665334e-27   528
  6.912414e-01   1.080737e-25   3.909551e-04   4.364584e-27   720
  6.923583e-01   1.178371e-25   3.921794e-04   5.694936e-27   576
  6.937124e-01   1.110741e-25   3.383053e-04   5.747225e-27   444
  6.945549e-01   1.125422e-25   3.317685e-04   4.261248e-27   996
  6.955874e-01   1.033625e-25   2.771265e-04   5.781232e-27   432
  6.965633e-01   1.339540e-25   3.033990e-04   8.601187e-27   504
  6.974062e-01   8.385286e-26   1.367883e-04   3.668419e-27   504
  6.986065e-01   1.074803e-25   2.692009e-04   4.343823e-27   876
  6.996926e-01   9.980068e-26   3.098246e-04   4.774363e-27   504
  7.008236e-01   9.334984e-26   1.975899e-04   4.004674e-27   696
  7.017583e-01   1.050181e-25   1.689187e-04   5.534467e-27   492
  7.030300e-01   9.019135e-26   2.418152e-04   5.118837e-27   432
  7.039719e-01   9.961032e-26   2.264335e-04   4.495128e-27   768
  7.050885e-01   1.027536e-25   2.820533e-04   5.005123e-27   648
  7.061547e-01   8.509619e-26   1.840095e-04   4.287757e-27   456
  7.073798e-01   9.032234e-26   2.530430e-04   4.409625e-27   552
  7.082306e-01   8.541309e-26   1.734358e-04   3.760879e-27   648
  7.094016e-01   8.197174e-26   2.826907e-04   3.484383e-27   840
  7.105454e-01   7.258278e-26   1.348092e-04   3.108644e-27   432
  7.116906e-01   8.041221e-26   1.651183e-04   3.700166e-27   600
  7.124870e-01   9.336908e-26   1.759227e-04   5.522137e-27   432
  7.138248e-01   9.579122e-26   1.751482e-04   4.829661e-27   560
  7.147308e-01   6.906499e-26   2.772412e-04   2.896607e-27   840
  7.158652e-01   8.957770e-26   1.642140e-04   5.263024e-27   504
  7.167662e-01   7.331840e-26   3.351509e-04   3.171267e-27   696
  7.180362e-01   9.188776e-26   1.830475e-04   6.234846e-27   384
  7.190254e-01   6.885721e-26   2.681431e-04   2.824253e-27   576
  7.202219e-01   6.750591e-26   1.654845e-04   4.071156e-27   360
  7.211864e-01   7.987382e-26   2.464465e-04   3.427933e-27   828
  7.222268e-01   6.041333e-26   2.195064e-04   3.549526e-27   372
  7.231800e-01   6.226621e-26   3.352284e-04   2.514214e-27   576
  7.244428e-01   7.912182e-26   1.403933e-04   3.749031e-27   636
  7.253425e-01   6.971844e-26   2.706420e-04   3.255055e-27   648
  7.265596e-01   5.979068e-26   2.200024e-04   2.805514e-27   576
  7.274333e-01   6.360500e-26   3.548870e-04   3.050251e-27   528
  7.285953e-01   5.850896e-26   1.517289e-04   3.359775e-27   360
  7.295571e-01   5.610616e-26   3.490332e-04   2.327459e-27   672
  7.308130e-01   7.580116e-26   1.787806e-04   3.074442e-27   804
  7.318582e-01   6.073762e-26   1.972163e-04   3.439666e-27   408
  7.330145e-01   5.838531e-26   1.219011e-04   3.321298e-27   384
  7.337931e-01   4.984541e-26   2.789567e-04   2.680862e-27   480
  7.348913e-01   5.153013e-26   1.802469e-04   2.754385e-27   432
  7.359446e-01   6.612475e-26   3.321566e-04   2.671401e-27   648
  7.371913e-01   6.422514e-26   2.061016e-04   3.253684e-27   624
  7.381033e-01   5.165710e-26   1.874668e-04   2.467509e-27   456
  7.393486e-01   4.768435e-26   2.560963e-04   2.204507e-27   588
  7.401831e-01   4.908113e-26   1.633884e-04   1.945509e-27   600
  7.414016e-01   5.266769e-26   2.548458e-04   2.309744e-27   708
  7.423640e-01   6.298866e-26   1.605479e-04   3.943625e-27   360
  7.434275e-01   5.565306e-26   1.845541e-04   2.773872e-27   552
  7.444470e-01   4.459271e-26   1.294691e-04   3.368879e-27   288
  7.454820e-01   4.832440e-26   2.434372e-04   2.908854e-27   528
  7.464545e-01   5.467704e-26   1.642340e-04   3.080611e-27   456
  7.475410e-01   4.714399e-26   2.912225e-04   2.322306e-27   608
  7.486338e-01   4.060247e-26   1.408967e-04   1.933245e-27   504
  7.498278e-01   4.153520e-26   3.024972e-04   2.055693e-27   540
  7.507642e-01   5.243171e-26   3.247222e-04   3.030415e-27   360
  7.517735e-01   5.699424e-26   1.470509e-04   3.075311e-27   540
  7.526661e-01   4.198513e-26   1.262606e-04   2.322468e-27   576
  7.539642e-01   3.865911e-26   2.927555e-04   1.689702e-27   588
  7.551985e-01   4.032352e-26   4.039143e-04   2.084609e-27   672
  7.562588e-01   4.637082e-26   3.087151e-04   2.189823e-27   552
  7.571135e-01   3.598461e-26   3.088712e-04   3.435956e-27   144
  7.582042e-01   4.121181e-26   2.624178e-04   1.918234e-27   600
  7.592383e-01   3.239149e-26   3.288668e-04   1.675589e-27   504
  7.603860e-01   3.913541e-26   3.378126e-04   3.057102e-27   336
  7.615932e-01   3.651627e-26   3.797028e-04   1.831706e-27   600
  7.626744e-01   3.309150e-26   2.450478e-04   1.653374e-27   636
  7.638413e-01   3.974421e-26   1.970206e-04   2.531427e-27   384
  7.646595e-01   4.005945e-26   2.748205e-04   2.180553e-27   504
  7.658387e-01   3.793023e-26   1.153383e-04   2.477784e-27   240
  7.667694e-01   4.144321e-26   2.709461e-04   1.999986e-27   744
  7.678860e-01   3.209026e-26   1.850150e-04   1.636285e-27   648
  7.688783e-01   4.596044e-26   1.228185e-04   4.969782e-27   120
  7.700414e-01   3.193562e-26   1.929319e-04   1.492453e-27   564
  7.709202e-01   3.607321e-26   3.030111e-04   2.327316e-27   432
  7.720932e-01   2.991256e-26   2.351965e-04   1.391704e-27   480
  7.729764e-01   2.410884e-26   1.731106e-04   1.292091e-27   456
  7.740189e-01   3.402271e-26   2.864725e-04   1.670229e-27   444
  7.752020e-01   2.706503e-26   4.383180e-04   1.191981e-27   528
  7.762412e-01   3.360352e-26   3.255297e-04   2.437389e-27   264
  7.772498e-01   2.813642e-26   3.336195e-04   1.917938e-27   444
  7.786065e-01   3.171889e-26   3.654311e-04   1.328197e-27   696
  7.797327e-01   3.280079e-26   1.954448e-04   2.133008e-27   384
  7.805563e-01   2.688005e-26   2.469609e-04   1.549178e-27   432
  7.818373e-01   3.161861e-26   1.706384e-04   1.770058e-27   488
  7.826690e-01   3.080243e-26   2.571733e-04   1.422793e-27   480
  7.838749e-01   3.042628e-26   2.868014e-04   1.544751e-27   480
  7.848089e-01   2.441090e-26   1.203331e-04   1.725777e-27   240
  7.858692e-01   3.070402e-26   2.810886e-04   2.008202e-27   600
  7.868694e-01   2.007328e-26   2.449399e-04   1.654952e-27   288
  7.879343e-01   2.453570e-26   2.356143e-04   1.321063e-27   480
  7.890129e-01   2.223763e-26   4.191157e-04   1.295068e-27   504
  7.900748e-01   2.386933e-26   1.798267e-04   1.786719e-27   216
  7.914291e-01   2.560146e-26   2.944050e-04   1.325799e-27   504
  7.924838e-01   2.140834e-26   2.367912e-04   1.248542e-27   456
  7.936384e-01   2.397735e-26   1.358038e-04   1.318030e-27   384
  7.944031e-01   2.555225e-26   2.756326e-04   1.274334e-27   480
  7.954897e-01   1.967148e-26   2.420363e-04   1.099922e-27   504
  7.964966e-01   2.532999e-26   1.535327e-04   1.384841e-27   312
  7.975815e-01   2.055255e-26   2.474127e-04   1.169446e-27   492
  7.985417e-01   2.527428e-26   2.318919e-04   1.822754e-27   312
  7.997779e-01   1.926913e-26   3.766899e-04   9.475721e-28   576
  8.008661e-01   2.198416e-26   3.477153e-04   1.463532e-27   336
  8.017699e-01   1.610164e-26   2.677247e-04   1.172933e-27   240
  8.030228e-01   2.286921e-26   3.549351e-04   1.205286e-27   468
  8.041047e-01   2.051043e-26   2.222407e-04   1.615895e-27   192
  8.052370e-01   2.005219e-26   2.229031e-04   1.315102e-27   324
  8.060669e-01   1.990113e-26   1.617794e-04   1.027747e-27   600
  8.071978e-01   2.127155e-26   2.624704e-04   1.231216e-27   456
  8.080377e-01   2.002940e-26   1.180592e-04   1.519445e-27   336
  8.094297e-01   2.190860e-26   3.535027e-04   1.069072e-27   612
  8.104424e-01   1.364814e-26   2.966749e-04   1.146791e-27   144
  8.114002e-01   1.843266e-26   3.462957e-04   8.995375e-28   552
  8.127025e-01   1.291176e-26   1.363755e-04   9.025276e-28   264
  8.134384e-01   1.922821e-26   3.157441e-04   1.126035e-27   336
  8.145992e-01   1.481013e-26   2.086329e-04   1.052726e-27   384
  8.156059e-01   1.679791e-26   1.174397e-04   1.353291e-27   216
  8.167203e-01   1.568532e-26   2.489964e-04   1.074496e-27   344
  8.177364e-01   1.468068e-26   3.715143e-04   9.361789e-28   408
  8.189746e-01   1.295306e-26   2.854845e-04   1.069389e-27   264
  8.200718e-01   1.736164e-26   3.979796e-04   9.158611e-28   612
  8.211681e-01   1.836067e-26   2.048307e-04   1.272412e-27   408
  8.222956e-01   1.635099e-26   2.051251e-04   1.155998e-27   444
  8.231239e-01   2.273148e-26   1.147249e-04   2.145002e-27   120
  8.242338e-01   1.682951e-26   3.169640e-04   1.080381e-27   336
  8.250576e-01   1.356826e-26   1.101437e-04   9.726608e-28   288
  8.261708e-01   1.504989e-26   3.427692e-04   7.563521e-28   552
  8.277012e-01   1.722844e-26   1.835347e-08   2.408772e-27   72
  8.284882e-01   1.188225e-26   3.404572e-04   8.452921e-28   504
  8.294074e-01   8.746971e-27   1.095558e-04   7.625846e-28   216
  8.305983e-01   1.041287e-26   1.956043e-04   6.296277e-28   312
  8.316675e-01   1.223450e-26   2.227263e-04   8.993012e-28   336
  8.326865e-01   1.034460e-26   3.087236e-04   6.865468e-28   204
  8.337014e-01   1.623588e-26   3.587838e-04   9.008956e-28   504
  8.347777e-01   1.501362e-26   3.416652e-04   1.013553e-27   396
  8.358127e-01   1.552917e-26   3.133249e-04   1.409799e-27   312
  8.370674e-01   1.727305e-26   1.914750e-04   1.415045e-27   216
  8.379516e-01   1.296688e-26   1.039172e-04   1.119201e-27   168
  8.390260e-01   1.082313e-26   2.623966e-04   5.144250e-28   588
  8.402521e-01   1.123969e-26   3.561727e-04   1.073962e-27   240
  8.412047e-01   1.027347e-26   3.145601e-04   1.102247e-27   264
  8.423219e-01   1.035307e-26   3.890183e-04   8.568893e-28   288
  8.433131e-01   1.073418e-26   1.942596e-04   6.936380e-28   288
  8.445693e-01   7.940388e-27   1.824406e-04   6.528839e-28   288
  8.454153e-01   7.426634e-27   2.113423e-04   7.268376e-28   192
  8.464795e-01   8.423043e-27   2.248894e-04   6.879362e-28   264
  8.474933e-01   1.821950e-26   3.699119e-04   1.114508e-27   372
  8.485844e-01   1.237974e-26   3.995208e-04   8.598181e-28   360
  8.499161e-01   1.578609e-26   1.690810e-04   1.908662e-27   144
  8.506044e-01   9.169663e-27   2.348461e-04   7.248439e-28   296
  8.516909e-01   9.743598e-27   2.530345e-04   6.980873e-28   288
  8.529347e-01   8.744824e-27   3.781537e-04   4.207288e-28   480
  8.540076e-01   9.108800e-27   3.142096e-04   1.192766e-27   192
  8.550509e-01   1.040756e-26   3.370327e-04   8.488148e-28   192
  8.559992e-01   1.010965e-26   2.147949e-04   1.168230e-27   288
  8.573180e-01   4.529688e-27   1.869760e-04   3.815654e-28   108
  8.579823e-01   1.099098e-26   1.797545e-04   9.601121e-28   240
  8.591554e-01   7.423567e-27   3.353363e-04   5.991016e-28   384
  8.603605e-01   8.736293e-27   4.090723e-04   8.941023e-28   108
  8.614261e-01   1.180549e-26   2.398466e-04   8.068541e-28   348
  8.625466e-01   8.941727e-27   2.503134e-04   7.467419e-28   312
  8.635474e-01   9.570408e-27   2.432319e-04   1.564397e-27   96
  8.644677e-01   6.833429e-27   3.238194e-04   4.403081e-28   384
  8.654984e-01   8.530733e-27   2.227222e-04   9.213781e-28   144
  8.665066e-01   8.530102e-27   3.422225e-04   5.048120e-28   408
  8.677598e-01   4.934415e-27   1.526554e-04   5.233678e-28   144
  8.689437e-01   7.519154e-27   2.934816e-04   8.019336e-28   192
  8.696459e-01   8.498162e-27   3.303190e-04   8.266917e-28   144
  8.707904e-01   6.145030e-27   2.685615e-04   5.862443e-28   144
  8.718702e-01   7.547216e-27   3.282257e-04   5.135711e-28   336
  8.731927e-01   4.633659e-27   2.428454e-04   4.305754e-28   240
  8.740312e-01   6.552957e-27   1.102739e-04   8.126536e-28   96
  8.752007e-01   1.017380e-26   3.233803e-04   8.388440e-28   372
  8.763838e-01   1.115495e-26   3.846540e-04   1.703721e-27   132
  8.774230e-01   4.931252e-27   2.380193e-04   3.956549e-28   264
  8.783527e-01   7.823242e-27   1.827880e-04   9.194455e-28   168
  8.793449e-01   8.150061e-27   2.922429e-04   6.880679e-28   216
  8.802213e-01   5.442668e-27   1.787978e-04   6.601596e-28   216
  8.814979e-01   3.184650e-27   3.280196e-04   2.668968e-28   96
  8.826561e-01   8.714066e-27   2.140028e-04   1.265494e-27   120
  8.837183e-01   5.703954e-27   2.720578e-04   5.032124e-28   216
  8.845934e-01   5.133484e-27   1.188902e-04   4.848286e-28   200
  8.857519e-01   5.191887e-27   3.077557e-04   3.253566e-28   288
  8.872378e-01   4.105907e-27   8.097649e-05   4.364153e-28   144
  8.878635e-01   4.800350e-27   2.519939e-04   6.136600e-28   168
  8.891412e-01   9.130267e-27   2.835956e-04   1.782704e-27   159
  8.901386e-01   4.811188e-27   2.975600e-04   4.697504e-28   174
  8.911039e-01   5.084047e-27   2.698170e-04   4.542947e-28   144
  8.923678e-01   5.573684e-27   1.557998e-04   5.266314e-28   222
  8.932131e-01   4.189916e-27   1.572158e-04   4.772537e-28   168
  8.946732e-01   1.437998e-26   3.448346e-04   5.867403e-27   30
  8.952763e-01   3.054212e-27   3.044637e-04   3.131103e-28   72
  8.964123e-01   4.463045e-27   2.717302e-04   3.727202e-28   258
  8.976612e-01   3.473299e-27   1.701916e-04   2.197786e-28   264
  8.982857e-01   2.518059e-27   0.000000e+00   2.715529e-28   72
  8.995871e-01   2.963730e-27   3.373270e-04   2.850970e-28   174
  9.007654e-01   3.293636e-27   3.591909e-04   3.831038e-28   168
  9.017127e-01   1.575792e-27   1.123916e-08   2.122970e-28   48
  9.027297e-01   3.131718e-27   2.028435e-04   3.224754e-28   150
  9.039088e-01   4.381379e-27   3.731453e-04   3.096868e-28   168
  9.050911e-01   3.201028e-27   2.273028e-04   3.062812e-28   144
  9.061784e-01   4.478285e-27   2.123525e-04   5.494060e-28   102
  9.069882e-01   2.349256e-27   3.143182e-04   2.594478e-28   96
  9.082731e-01   2.764630e-27   3.119397e-04   2.665372e-28   120
  9.092246e-01   1.746567e-27   3.345635e-04   1.362733e-28   168
  9.102538e-01   4.952028e-27   2.470487e-04   5.003117e-28   126
  9.111308e-01   2.925966e-27   1.863241e-04   2.416016e-28   168
  9.123389e-01   1.972057e-27   2.987709e-04   2.180319e-28   72
  9.133947e-01   2.266657e-27   3.741278e-04   1.686693e-28   168
  9.143196e-01   2.936117e-27   1.025668e-04   6.134609e-28   78
  9.155870e-01   1.527706e-27   1.684070e-04   1.401168e-28   60
  9.166075e-01   5.106987e-27   2.731835e-04   6.134787e-28   96
  9.176659e-01   2.769184e-27   3.314854e-04   2.331456e-28   168
  9.186605e-01   2.194439e-27   2.097511e-04   2.449860e-28   86
  9.197042e-01   1.855731e-27   1.874678e-04   1.499899e-28   120
  9.212002e-01   1.436272e-27   1.336894e-04   1.207590e-28   168
  9.220069e-01   1.410895e-27   0.000000e+00   1.981877e-28   48
  9.230934e-01   3.366642e-27   2.435676e-04   3.571802e-28   120
  9.237177e-01   2.015886e-27   1.776924e-04   2.500749e-28   126
  9.252418e-01   2.493648e-27   3.125113e-04   2.388055e-28   96
  9.262310e-01   1.913743e-27   9.011285e-05   1.728707e-28   96
  9.270111e-01   1.973015e-27   0.000000e+00   2.434127e-28   72
  9.286731e-01   2.319205e-27   1.123916e-08   4.678204e-28   24
  9.297104e-01   2.197110e-27   1.854501e-04   2.339664e-28   120
  9.305196e-01   1.939974e-27   2.705147e-04   1.840110e-28   126
  9.314194e-01   1.281022e-27   2.255107e-04   1.049594e-28   96
  9.324708e-01   1.330358e-27   3.897482e-04   1.612419e-28   72
  9.336415e-01   1.470753e-27   1.685792e-04   1.151103e-28   144
  9.346046e-01   1.424600e-27   9.723254e-05   1.842390e-28   72
  9.355666e-01   2.319945e-27   1.942081e-04   3.802466e-28   54
  9.364132e-01   1.925596e-27   1.711436e-04   1.988023e-28   108
  9.381728e-01   1.594135e-27   1.677650e-04   2.055205e-28   72
  9.387206e-01   1.772509e-27   9.680617e-05   1.818227e-28   72
  9.400202e-01   2.237271e-27   1.946680e-08   3.101891e-28   24
  9.412498e-01   1.026584e-27   2.047976e-04   1.310485e-28   48
  9.419964e-01   1.414744e-27   1.560029e-04   2.001716e-28   102
  9.431203e-01   1.595278e-27   3.528137e-04   1.348094e-28   168
  9.445889e-01   1.264740e-27   1.924163e-04   1.532711e-28   72
  9.451330e-01   8.478784e-28   0.000000e+00   1.303138e-28   48
  9.462744e-01   1.473337e-27   3.309678e-04   1.421328e-28   120
  9.477807e-01   1.422540e-27   2.033864e-04   1.279112e-28   96
  9.492033e-01   2.117732e-27   2.202416e-08   4.248901e-28   30
  9.508942e-01   1.783018e-27   9.555995e-05   2.440105e-28   72
  9.516372e-01   1.892071e-27   1.123916e-08   3.679745e-28   24
  9.525916e-01   7.804442e-28   1.416435e-04   8.709571e-29   56
  9.536606e-01   8.665819e-28   2.021324e-04   9.453936e-29   96
  9.549399e-01   1.292261e-27   2.232036e-04   1.143872e-28   144
  9.559263e-01   1.194704e-27   1.267263e-04   1.847816e-28   54
  9.573592e-01   1.104657e-27   1.898493e-04   1.000405e-28   108
  9.588012e-01   1.327653e-27   1.005243e-04   1.564789e-28   48
  9.601739e-01   7.326935e-28   3.785063e-04   7.629335e-29   72
  9.634680e-01   1.682129e-27   2.500803e-04   1.985860e-28   78
  9.643808e-01   6.777471e-28   1.884669e-04   8.766332e-29   72
  9.654462e-01   8.011055e-28   1.882329e-04   9.869243e-29   72
  9.665603e-01   6.333081e-28   4.542266e-04   6.617454e-29   96
  9.674408e-01   1.043144e-27   1.878449e-04   1.182973e-28   72
  9.685029e-01   1.340526e-27   0.000000e+00   1.575116e-28   24
  9.695638e-01   7.766242e-28   3.748416e-04   8.039932e-29   72
  9.719599e-01   1.327608e-27   2.380359e-04   2.199357e-28   30
  9.724755e-01   1.624973e-27   0.000000e+00   2.208564e-28   24
  9.752466e-01   4.791832e-28   1.976584e-04   5.922287e-29   48
  9.761159e-01   8.159528e-28   4.253608e-04   7.048786e-29   120
  9.772870e-01   7.091671e-28   1.859776e-04   7.497753e-29   72
  9.784697e-01   5.188181e-28   1.857528e-04   8.023349e-29   36
  9.792826e-01   9.074149e-28   3.671339e-04   9.475113e-29   78
  9.815513e-01   8.546349e-28   1.963888e-04   1.145964e-28   48
  9.844928e-01   1.083429e-27   1.589457e-08   1.530785e-28   24
  9.865884e-01   8.807944e-28   1.367612e-04   8.547298e-29   56
  9.876436e-01   6.734841e-28   2.104496e-04   8.395679e-29   102
  9.889860e-01   6.765352e-28   1.498555e-08   6.246627e-29   72
  9.897653e-01   5.898762e-28   0.000000e+00   1.183959e-28   24
  9.911277e-01   7.254236e-28   1.944913e-04   7.907817e-29   48
  9.936528e-01   8.855301e-28   0.000000e+00   1.675545e-28   24
  9.967520e-01   1.146074e-27   0.000000e+00   3.448977e-28   6
  9.977185e-01   5.569519e-28   0.000000e+00   9.721251e-29   24
  9.983623e-01   3.237118e-28   1.820511e-04   3.724825e-29   72
  9.995384e-01   4.260733e-28   3.396336e-04   4.581208e-29   84
  1.000805e+00   4.327978e-28   0.000000e+00   8.292419e-29   24
  1.001190e+00   5.385453e-28   1.589457e-08   9.887274e-29   24
  1.003114e+00   6.058420e-28   1.123916e-08   9.178042e-29   24
  1.005800e+00   3.373333e-28   0.000000e+00   3.700943e-29   6
  1.009244e+00   4.007599e-28   1.910001e-04   4.947853e-29   48
  1.010072e+00   3.758335e-28   3.598129e-04   4.623380e-29   72
  1.011152e+00   3.290670e-28   1.906396e-04   4.739698e-29   48
  1.012867e+00   7.748036e-28   0.000000e+00   9.808092e-29   24
  1.015148e+00   3.859786e-28   1.123916e-08   3.617252e-29   6
  1.020262e+00   1.851916e-28   0.000000e+00   4.770388e-29   8
  1.020640e+00   3.656657e-28   1.123916e-08   3.379565e-29   48
  1.021546e+00   3.528958e-28   1.848806e-04   3.990996e-29   60
  1.022904e+00   5.489255e-28   0.000000e+00   1.173091e-28   24
  1.024787e+00   3.946828e-28   0.000000e+00   1.178719e-28   6
  1.031723e+00   2.370825e-28   0.000000e+00   2.991451e-29   24
  1.032283e+00   3.562938e-28   1.867372e-04   5.345248e-29   48
  1.033217e+00   2.577532e-28   0.000000e+00   4.743112e-29   24
  1.034708e+00   5.896842e-28   1.123916e-08   2.016939e-28   6
  1.043181e+00   2.175533e-28   1.742080e-04   2.578979e-29   36
  1.043797e+00   4.335225e-28   0.000000e+00   5.721731e-29   24
  1.044904e+00   6.068076e-29   0.000000e+00   2.361472e-29   6
  1.054545e+00   3.455273e-28   1.583190e-04   4.932748e-29   32
  1.055367e+00   7.674353e-28   1.123916e-08   1.966348e-28   6
  1.065728e+00   1.853889e-28   0.000000e+00   2.564819e-29   12
  1.066089e+00   1.244335e-28   0.000000e+00   1.270913e-29   6
  1.077063e+00   2.332935e-28   1.589457e-08   4.697229e-29   6
