0.0103009 0
0.0107169 0
0.0111498 0
0.0116001 0
0.0120686 0
0.0125561 0
0.0130632 0
0.0135909 0
0.0141398 0
0.014711 0
0.0153052 0
0.0159234 0
0.0165666 0
0.0172358 0
0.017932 0
0.0186563 0
0.0194099 0
0.0201939 0
0.0210097 0
0.0218583 0
0.0227413 0
0.0236599 0
0.0246157 0
0.02561 0
0.0266446 0
0.0277209 0
0.0288407 0
0.0300058 0
0.0312179 0
0.032479 0
0.033791 0
0.0351561 0
0.0365762 0
0.0380538 0
0.0395911 0
0.0411904 0
0.0428544 0
0.0445856 0
0.0463868 0
0.0482607 0
0.0502103 0
0.0522387 0
0.0543491 0
0.0565447 0
0.058829 0
0.0612056 0
0.0636783 0
0.0662508 0
0.0689273 0
0.0717119 0
0.074609 0
0.0776232 0
0.0807591 0
0.0840218 0
0.0874163 0
0.090948 0
0.0946223 0
0.0984452 0
0.102422 0
0.106561 0
0.110866 0
0.115345 0
0.120005 0
0.124854 0
0.129899 0
0.135147 0
0.140608 0
0.14629 0
0.152201 0
0.158351 0
0.16475 0
0.171408 0
0.178335 0
0.185543 0
0.193042 0
0.200844 0
0.208963 0
0.21741 0
0.226199 0
0.235345 0
0.244861 0
0.254763 0
0.265066 0
0.275788 0
0.286945 0
0.298556 0
0.310638 0
0.323212 0
0.336298 0
0.349917 0
0.364092 0
0.378846 0
0.394202 0
0.410187 0
0.426827 0
0.44415 0
0.462184 0
0.480961 0
0.500512 0
0.520869 0
0.542069 0
0.564147 0
0.587141 0
0.61109 0
0.636037 0
0.662024 0
0.689097 0
0.717302 0
0.746688 0
0.777306 0
0.80921 0
0.842454 0
0.877095 0
0.913194 0
0.950812 0
0.990012 0
1.03086 0
